x,y,cluster_id
242578,13469,42
383138,414652,84
67768,993126,30
484308,765337,9
31833,30935,8
932640,887879,41
591329,478778,10
833354,186335,74
735652,115053,18
698658,355604,29
638300,908210,50
294000,264971,48
377493,541620,70
9281,999465,30
12901,842497,47
852470,467010,23
53607,976747,30
196754,856972,69
144213,800662,25
729397,985790,4
183405,499760,19
469862,970991,1
450770,95791,43
974081,390235,68
680670,26669,2
231241,468739,49
97960,415410,15
796294,316402,86
778534,828493,52
487140,369048,31
602845,24264,13
811111,355792,89
806109,274877,60
859817,951019,28
777276,680837,79
835185,961129,28
705424,73751,2
536857,957185,97
418065,418776,96
381617,836927,80
240062,726211,59
431612,116690,43
223913,309587,36
244801,377033,36
807539,314736,89
775229,283334,86
996348,632867,39
600910,509480,10
834128,199442,74
35980,730005,78
197911,293197,36
770346,214750,18
309220,60662,42
557590,416916,12
115944,685545,37
959950,893088,41
136133,997800,85
27973,148064,33
522975,641339,46
989146,578132,39
680530,674978,35
362046,914709,80
530369,917610,77
283108,208988,48
471815,806578,82
161689,514298,19
813117,64168,54
479624,43309,43
902915,294501,55
685730,66033,2
821219,242774,60
310257,492554,76
356179,307990,92
396981,70916,43
886516,684032,11
528226,902819,77
686503,63316,2
152140,23765,66
418942,174793,95
752751,490316,3
747743,329274,86
117577,118127,33
374985,376969,84
728744,14480,2
382012,490499,96
827576,79664,54
923967,118042,91
938251,195973,91
726117,857863,32
103637,838910,47
565110,810400,87
406969,934977,1
160874,816054,25
431739,248100,57
830522,596218,44
645779,608168,35
495466,304382,57
755627,828610,52
455550,438144,5
897430,118944,91
98993,780745,25
997533,539816,53
698849,561277,88
384785,92576,43
929386,192648,91
841254,969376,28
318446,127999,93
288386,909935,20
279052,41813,42
755507,809000,52
866244,973541,28
313587,467795,76
243042,823442,26
599615,743697,38
327666,83176,42
951140,823081,7
527120,310801,16
646964,528517,17
786098,952490,45
515310,819254,87
207082,441170,49
757169,750570,52
841330,249551,60
217528,1761,66
607765,712493,38
871078,223776,60
14974,680695,78
452619,175360,61
288399,131390,93
272306,650010,75
719640,990750,4
535380,148002,61
469616,838895,82
313226,398227,84
5279,739131,78
580105,833601,87
347811,666053,65
354997,440055,84
14917,711650,78
706767,635577,35
146365,957588,85
183773,679719,67
48126,868372,47
730391,687771,79
373259,371670,84
663645,885499,50
586741,364693,12
406085,74556,43
75646,387667,15
531298,530090,10
229012,19601,66
439383,726733,6
208291,749221,59
166750,575130,19
211249,463602,49
769233,500985,3
67848,329471,90
430095,618497,21
83209,503956,71
994746,709053,40
62870,660778,63
710643,782564,32
561766,616936,46
851959,876326,72
416611,994392,1
751597,103922,18
622708,854272,50
763144,172256,18
113940,992884,85
414314,380142,31
62500,450930,71
789565,228458,60
697292,386877,29
247648,231501,48
849283,902588,28
803927,613533,44
663457,738469,38
452902,931007,1
436138,171789,95
273068,465220,76
955457,369525,68
607397,533230,17
999677,575269,39
555215,505000,10
540809,380896,12
724384,729940,79
104473,885740,69
639572,287519,16
332946,834822,83
860169,869593,72
256492,871667,20
117700,192914,33
305697,859094,20
796018,674653,11
900226,112347,91
221747,915444,14
880066,285789,60
257319,771158,27
861762,644236,44
684291,882927,50
369671,66247,43
417820,301777,57
980466,702029,40
7364,783108,47
703318,672688,79
870522,869668,72
524434,177186,61
980344,642136,39
393063,217912,95
447246,868568,82
31640,773725,47
9819,42467,8
744825,278843,86
523351,969780,97
102327,819686,25
470454,926986,1
854907,426604,23
934752,387852,68
632230,906357,50
147351,540271,19
343122,859703,80
37949,811880,47
271485,855588,20
870383,540877,94
534808,524330,10
423039,21274,43
554457,763045,9
498689,467937,5
617602,46054,13
32396,486973,71
571333,395104,12
522923,772502,9
453133,808894,82
94785,52884,8
826935,303685,60
42690,506413,71
285958,109358,93
982686,19644,81
173411,524345,19
675854,86444,2
873180,538256,94
478759,506532,5
299840,413003,84
344194,871591,80
838942,102171,74
196498,555389,19
424329,714240,6
233338,727393,59
302701,508484,76
92123,325340,62
998452,999447,51
711751,399947,29
915277,68584,81
703078,646216,35
966967,821532,7
497813,752719,9
952957,363209,68
467852,199519,61
319607,637251,65
293620,877284,20
523256,367777,12
237859,699470,59
999000,202858,55
442180,722977,6
79262,168652,33
539282,715609,9
251904,750679,27
674102,637241,35
116274,231005,24
506655,355788,12
732259,84308,2
967997,128374,91
585623,581955,17
922186,193661,91
864539,311585,89
811253,744298,11
429059,196341,95
917628,585903,39
274474,86126,93
521532,393337,12
826258,922274,28
661199,778269,38
376760,214791,95
994520,904005,41
626417,198418,56
813554,408777,89
327680,324291,92
367317,511847,70
620384,803852,87
341576,879053,80
250295,716161,27
534048,751257,9
386673,821553,80
854750,796623,72
844887,19776,54
383249,271130,92
883418,620394,44
964801,416189,99
902504,390258,68
74399,429715,15
223790,239575,24
552139,814155,87
516846,642578,46
822119,358702,89
709654,167894,18
807477,278000,60
359047,513118,70
989323,555229,53
734375,650304,79
661679,842450,32
72134,360306,90
669352,806694,32
106581,312340,62
513709,915202,77
801957,495907,94
725267,570966,88
239062,924139,14
4986,808315,47
353592,834880,80
839796,454535,23
374671,108680,43
592807,314266,16
880309,355704,89
327136,184438,95
855266,459639,23
154120,306519,62
672925,858988,32
25724,353126,90
998767,287106,55
403714,223334,95
576057,802292,87
127505,976868,85
225842,738540,59
646862,809815,38
561670,1315,13
111739,2849,66
893928,255271,55
349886,542663,70
542610,659326,46
304556,687893,65
434005,323590,31
589821,134435,34
462490,70127,43
629891,585425,17
253674,504712,98
696317,16186,2
52367,132880,33
315584,25240,42
210313,743236,59
574919,671006,46
608211,212948,56
31110,873539,47
579454,892040,50
521551,712622,9
41863,596998,63
751981,550487,88
35726,446954,71
959509,480178,99
357800,549171,70
923869,471037,23
731501,345154,86
16405,722120,78
675589,628740,35
237498,636867,75
829868,607283,44
621287,975722,97
973083,621237,39
132736,906385,69
616378,468377,22
14476,303459,90
245720,816957,26
608290,539205,17
424689,751438,6
430810,628092,21
345266,893285,80
456783,165931,61
810127,812538,52
334136,834506,83
549359,88853,13
352562,523797,70
458504,87214,43
817071,518386,94
520241,704018,9
443985,70005,43
588148,7255,13
937220,858295,41
379421,943657,1
52889,905543,30
469229,342547,31
188338,400091,49
335425,498812,76
536861,26511,13
579792,570720,17
104485,89116,8
780534,447421,3
815274,324253,89
733585,370990,29
235025,68069,93
47294,877899,47
859542,324578,89
186882,928701,14
689450,600241,35
266814,354545,36
842451,76321,54
733023,918199,45
184514,137053,93
455505,682579,6
107825,225534,24
556607,898878,77
458725,805522,82
420218,606961,21
197918,418513,49
953410,967169,51
215132,729668,59
532081,695311,9
97791,579595,63
262600,528353,98
31083,414922,90
596607,175765,56
82470,85277,8
252503,829532,26
958437,460401,99
966716,608715,39
679522,741861,38
466695,750819,6
22240,788280,47
625487,571436,17
128128,461503,15
481417,186445,61
589343,103250,34
330431,556650,70
624015,829410,87
905440,730891,40
89809,423409,15
243339,806022,26
817059,316019,89
347653,17202,42
127524,307548,62
960467,574613,39
532236,291130,16
25211,730439,78
503756,634589,46
538167,985049,97
730439,490467,3
283424,520330,76
197125,91670,66
697768,401666,29
808041,751828,52
983132,511241,53
432666,828883,82
48384,205276,33
80313,821012,47
757363,8609,2
707157,189128,18
680946,675023,35
127441,915777,85
464064,524562,64
320625,760533,83
294147,739293,27
312291,675442,65
165789,427107,15
397577,92002,43
290437,384309,84
82044,925550,85
721616,213077,18
186101,803504,26
504920,205865,61
980372,124577,91
776937,996788,4
17328,239384,33
332762,745003,0
267561,910812,20
19009,497406,71
906774,166610,91
230936,355255,36
779472,588468,88
394199,317563,92
290800,475775,76
362539,193552,95
44196,805903,47
813759,851464,72
564542,260234,16
763298,762542,52
44144,930766,30
389826,819942,82
765440,760514,52
966042,280601,55
70368,685962,78
964895,1139,81
146132,46477,66
147215,254032,24
524450,432983,5
161411,846487,69
913975,182299,91
909292,474804,23
46046,897454,30
512430,424367,5
349529,550215,70
478212,309860,57
823446,666155,11
77972,484115,71
526598,538193,58
414083,500447,96
18624,25006,8
287518,320761,36
30486,382682,90
751338,737903,79
952214,869233,41
200549,641193,67
542255,683283,46
943362,87182,81
283571,981982,73
172243,900475,69
299713,279151,48
697794,836100,32
339123,647658,65
193305,887822,69
638140,228485,56
149953,269467,62
948273,637831,39
40760,64007,8
770440,791028,52
808978,506184,94
446060,935134,1
809826,753518,52
387116,265002,92
893533,617219,44
601806,554563,17
553467,135407,61
786284,90982,54
141422,887534,69
789736,94881,54
675275,347341,29
775765,297738,86
89194,87366,8
364210,280764,92
805982,141354,74
738005,650951,79
540762,602548,58
28278,269437,90
431553,118445,43
710573,606347,88
879124,448669,23
782282,820982,52
259457,706066,27
852164,326385,89
562070,710548,9
196002,221354,24
306021,297215,92
301958,10359,42
109793,296194,62
136531,678842,37
313124,676199,65
877292,655694,44
250228,591121,98
977002,486192,99
430209,531175,64
471716,133042,61
41837,161437,33
279457,847490,20
779934,351890,89
223913,306152,36
499712,666297,46
460131,429919,5
652146,630747,35
974738,421745,99
270729,152068,93
810341,405655,89
858824,260347,60
659526,658617,35
390842,895279,80
965477,784319,7
64369,856170,47
654323,218280,56
638217,520501,17
65709,374082,90
205302,517220,19
918035,424475,23
152224,438185,15
585705,946647,97
297843,849297,20
146692,467539,15
943533,961072,51
748604,789923,52
252586,226657,48
426687,344493,31
895017,552102,53
178670,911525,69
1627,348707,90
724558,661643,79
239147,350197,36
768439,165283,18
911430,418744,23
831055,548144,94
672461,65380,2
854762,994810,28
776296,213350,60
780540,535883,88
586894,931210,97
856026,239074,60
130708,813366,25
255189,965174,73
693344,48560,2
150135,330008,62
458016,877102,82
468099,356033,31
855049,823421,72
250833,762169,27
776482,340047,86
179205,906942,69
983798,704694,40
802638,939609,45
16014,161869,33
544660,113148,13
689317,352054,29
984868,680902,40
922855,425236,23
955076,975835,51
863676,810105,72
443603,642803,21
599618,782140,87
441281,616519,21
840588,775751,52
54643,393956,90
230453,232462,48
997603,714695,40
888529,521034,94
25289,44722,8
644519,436345,22
654821,587228,17
546599,692868,46
35328,765762,78
175141,595542,67
289130,412239,84
502562,564201,58
536599,627309,46
189077,819114,26
865331,624967,44
821899,668647,11
957923,814533,7
856777,853233,72
292285,447019,76
63966,92841,8
380868,255788,92
36412,991412,30
667741,733999,38
325196,583595,70
488764,667166,21
67141,453105,71
335806,898567,80
222368,343760,36
589718,397795,12
753452,271553,86
218,666513,78
86064,492552,71
331103,860917,80
437529,555893,64
900287,138799,91
797276,820266,52
220819,307277,36
411484,813708,82
5974,405751,90
461672,330896,31
385117,664285,65
653832,955598,50
749923,957199,4
647581,895951,50
263295,210696,48
172066,923309,69
62027,503377,71
270310,113454,93
826725,781561,52
697279,176449,18
591138,271203,16
123186,389876,15
648284,724937,38
27815,496005,71
365009,710649,0
888142,6528,54
732732,42238,2
906359,176035,91
626265,636628,35
812437,629874,44
297298,690003,75
894775,491711,23
190341,69922,66
185334,911032,69
728059,491349,3
114253,261181,62
681789,835962,32
22854,118492,33
508964,170729,61
444857,724577,6
966472,504457,53
421891,732427,6
916412,152779,91
759500,932912,45
463855,26065,43
87796,603038,63
264076,325429,36
490573,73370,13
133243,423548,15
587391,294335,16
900293,241081,55
864629,826222,72
319393,42303,42
989090,639798,39
88958,130479,33
963129,319547,68
637683,550394,17
476744,645707,21
401749,208499,95
255176,755091,27
824497,334896,89
604644,259054,16
936577,58469,81
702505,2611,2
893644,477155,23
557158,159383,61
757319,269378,86
436915,244025,57
341386,678381,65
556456,363597,12
976096,261845,55
837832,455306,23
340140,738492,0
838163,10166,54
863728,683183,11
273097,950126,73
773734,164077,74
652271,725725,38
272943,365600,36
655343,351713,29
243255,402613,49
723965,680854,79
123297,261724,62
804150,361057,89
297167,501711,76
271521,465598,76
320205,686505,65
102040,1116,8
758899,819795,52
307084,162805,93
267077,770362,27
487890,978026,1
686407,447194,22
993502,791547,7
542651,338569,12
337652,918201,80
220304,659358,67
838643,89632,54
452402,525893,64
691637,347229,29
881189,156135,91
175218,898030,69
202446,516774,19
433467,286153,57
381265,933473,1
891852,364863,89
261152,191209,48
652788,414443,22
552273,60222,13
152052,547179,19
447529,629865,21
149661,361168,15
155977,515622,19
69174,623831,63
735693,807013,32
480659,444560,5
731063,990739,4
351500,667669,65
522571,854045,77
946983,952144,51
692021,812608,32
511050,224011,61
966500,978391,51
824190,168318,74
933801,405607,99
51988,766692,78
795650,499217,94
350803,954842,73
41902,262928,90
39298,496141,71
658151,545651,17
758756,412482,3
598829,521751,10
72999,895807,30
831767,524524,94
688145,665722,35
805639,387532,89
260766,707758,27
302174,653878,75
737836,820310,32
953547,269616,55
448563,15009,43
273042,21652,42
919776,682284,40
152520,417282,15
268832,274600,48
218522,701903,59
886238,17152,54
282081,937983,73
695537,894112,50
351414,225027,95
30544,369400,90
509515,434505,5
726246,31457,2
698925,838227,32
90299,656945,63
284910,495104,76
222096,768958,59
885650,129575,91
781288,108898,74
254319,347684,36
541060,609374,46
749789,707047,79
349649,565372,70
222516,835035,26
435364,172746,95
346145,673032,65
650491,814657,32
945008,765865,7
904353,475219,23
18253,782937,47
825366,939543,28
903418,749907,7
692057,410394,29
498846,114126,61
122227,272752,62
145801,483149,19
299740,744382,27
830073,38872,54
337565,463319,76
3177,407989,90
72370,324033,90
34459,166962,33
135095,541866,19
145298,37440,66
268732,595015,98
419959,266128,57
816027,971400,28
326940,881076,80
254108,809641,26
647788,378185,29
160600,220332,24
127164,246854,62
886556,346737,89
621975,539081,17
345074,661911,65
740201,573687,88
967708,277254,55
808407,912229,45
848464,150921,74
545608,35536,13
268556,622215,75
580360,118124,34
315317,532872,70
993768,265875,55
564594,145663,61
159422,415063,15
968169,19403,81
118412,165552,33
446318,280092,57
512132,404636,12
722206,119429,18
246048,329758,36
247805,860895,20
73814,600265,63
654149,291218,16
505451,130000,61
916369,427290,23
469615,830755,82
513926,568692,58
9142,661204,78
862551,907201,28
328505,197791,95
274385,597895,98
821890,507690,94
751772,35476,2
258163,962228,73
177659,927442,14
532199,682958,46
486770,152062,61
719304,358104,29
657716,242012,56
511020,725362,9
167867,340893,62
389685,436554,96
168204,4930,66
865417,75490,54
772478,47852,54
256073,828780,26
314452,8313,42
721180,884284,32
175914,600878,67
972434,711106,40
562233,463928,10
242174,218545,48
91632,73475,8
895381,682700,11
148105,206138,24
574866,777720,87
148148,932684,85
622352,886595,50
15845,313634,90
260497,179452,93
64106,436877,71
606106,827812,87
44174,442853,71
38842,831778,47
702222,253625,86
684563,456885,22
867658,729092,11
855769,925571,28
78773,940038,85
234979,302275,36
337800,408333,84
861433,115931,74
468418,707094,6
134634,805523,25
436332,443267,96
989277,779134,7
921152,804133,7
79997,512120,71
203381,227984,24
728568,57905,2
220248,712328,59
108589,67620,8
493188,26330,13
535295,713444,9
856125,894547,72
661345,229144,56
224344,555068,98
35232,161004,33
9371,502253,71
372830,154043,95
16201,300869,90
720729,295774,86
84228,635636,63
135320,335573,62
983496,627689,39
581780,989074,97
382185,391124,84
625693,35387,13
753161,377106,29
29806,965724,30
925212,50386,81
854117,145873,74
699758,848907,32
591717,993080,97
705928,543080,88
548909,523414,10
34276,83044,8
721979,309497,86
730015,369676,29
153033,40352,66
209195,951779,14
557925,45782,13
460857,634163,21
390532,680045,65
524206,332584,12
751909,350477,86
478207,238507,57
593432,812433,87
564719,245211,16
275696,632427,75
204459,355115,36
423492,636566,21
768454,409700,3
836554,972956,28
474675,868969,77
767850,268745,86
799870,421564,3
235436,983230,14
153839,583642,19
273905,538073,98
393064,234339,95
545063,884139,77
738266,52157,2
605151,789116,87
681866,121999,34
443740,940641,1
357292,15947,42
37314,142958,33
695613,169161,18
93245,177303,33
934087,209417,55
683274,802244,32
329324,964006,73
61453,846185,47
847387,38238,54
669441,304301,29
388493,413164,84
51053,57149,8
518097,671399,46
204299,655409,67
463472,580675,64
405447,351155,31
865230,932593,28
90591,573776,63
453396,227115,57
122325,925423,85
585910,392221,12
72148,603604,63
784572,309345,86
163232,447450,15
297934,391186,84
669410,783276,38
523323,500049,5
335821,143853,95
748186,770163,52
143503,855783,69
153310,696870,37
299309,495168,76
296116,831163,83
359620,145829,95
962045,96997,81
234047,631645,75
66130,450176,71
123385,735202,37
555062,930672,97
816155,122266,74
936490,602538,39
859314,500129,94
668252,320747,29
798684,496473,94
232905,438296,49
452176,736052,6
833106,26009,54
141307,949091,85
378831,13075,43
751950,25212,2
745536,240149,86
197255,274272,24
693050,102709,2
239531,813463,26
883097,219721,60
867177,651950,44
333819,497642,76
879322,774805,7
158403,282467,62
437674,987061,1
535721,864875,77
956956,569361,53
264541,152769,93
589402,90625,34
137783,724098,37
924659,744082,7
796387,879672,45
662489,457969,22
99091,428118,15
386559,904085,80
965117,737080,40
103915,513843,71
163639,293112,62
348921,321667,92
270602,23702,42
371931,49495,43
872748,275667,60
146722,969327,85
488819,596305,58
101812,161350,33
820818,492225,94
838009,433553,23
730040,787800,32
559365,254691,16
592493,41438,13
452454,404403,31
808356,44645,54
358498,278535,92
343883,656200,65
766914,538329,88
711036,394351,29
869030,793574,72
611259,433397,22
107854,709571,37
774190,821240,52
593434,860854,87
389015,175340,95
944062,863325,41
904945,420155,23
559495,443429,12
713401,137053,18
465648,155552,61
372323,636105,65
22946,669984,78
428548,614195,21
788360,968954,28
216611,582131,98
884498,772624,7
501411,221118,61
341683,672160,65
4474,207135,33
324423,585788,70
344812,260619,92
228897,75460,93
268969,564252,98
387670,572543,70
734233,269060,86
105796,122725,33
641645,133418,34
366279,58809,43
406691,267197,57
787883,956607,45
696008,810665,32
849490,387349,89
187938,683689,67
762548,145832,18
1247,969778,30
61106,10156,8
697222,216741,18
769867,168569,18
150759,807388,25
778061,878874,45
241909,774239,26
648644,768397,38
455517,880961,82
327679,309241,92
420151,482812,96
636180,292454,16
283061,412256,84
793444,429173,3
119609,276762,62
548990,875193,77
372582,989898,1
231415,399510,49
579637,962833,97
345796,794865,83
300875,814105,83
673124,211328,56
790360,581230,88
737625,272812,86
162626,267198,24
810016,945471,28
547859,873238,77
515237,603928,58
230113,513108,98
812783,457341,3
545122,879278,77
31104,780084,47
886726,208887,60
780325,939040,45
450219,837236,82
428397,72104,43
867855,48646,54
608610,922980,50
532228,163787,61
773860,276242,86
807459,978869,28
853246,522099,94
922630,658647,40
895314,558027,53
773335,454523,3
174958,527402,19
56195,480200,71
725944,955187,4
842620,914593,28
569582,966320,97
948107,839537,41
99223,647872,63
791721,463593,3
608784,844791,87
403138,543117,64
168961,736218,59
621532,98395,34
739130,569993,88
886779,105735,91
90082,19726,8
544786,233272,16
618436,55810,34
12355,661680,78
871635,576546,44
12552,975694,30
495722,605387,58
741714,238,2
11499,271766,90
575154,628918,46
240742,158462,93
282576,257007,48
524368,60129,13
591842,94499,34
259734,350116,36
402581,190496,95
670601,797720,32
292782,790946,83
446040,594992,21
46015,390610,90
993732,668097,40
708336,11153,2
462346,653469,21
865517,751617,11
431338,506075,64
602926,391413,12
489633,271500,57
104404,719744,37
745281,939802,4
260342,573491,98
663712,21535,2
954379,255236,55
765984,902903,45
96337,148934,33
139275,799879,25
576323,263659,16
322871,501548,76
522994,972856,97
798314,263975,60
641468,162387,56
254220,677608,75
560911,234065,16
939487,973489,51
429920,667674,21
601719,95697,34
383606,280928,92
567093,146859,61
273254,582893,98
691052,527648,88
180700,26089,66
486346,33361,13
709503,624747,35
129371,350974,62
833279,930390,28
77562,595368,63
360088,413,42
943914,376378,68
799696,494948,94
600324,662232,46
147557,4582,66
18892,533151,71
684244,98451,34
679476,966777,4
621846,377735,29
606424,184923,56
2469,507869,71
760893,341951,86
170468,58201,66
188936,450198,49
481465,983623,1
765368,550158,88
515568,161918,61
368816,699929,65
707770,504196,22
38803,178018,33
956165,274246,55
263093,811242,26
549946,951166,97
249375,258902,48
377096,861000,80
827171,274018,60
425691,597573,21
415183,994431,1
415829,847539,82
602008,949619,97
251351,457359,49
837562,920270,28
979574,700914,40
267319,837844,26
649455,398050,29
39719,571985,63
367024,584263,70
718978,870128,32
256065,700404,27
700113,814213,32
483066,903289,77
588381,928039,97
554483,212161,61
794661,879351,45
255422,893973,20
5303,142275,33
223110,819353,26
874756,39219,54
161644,755281,25
15347,948811,30
672529,211090,56
803106,813531,52
27758,542002,71
434785,444295,96
271661,811357,26
483756,491700,5
12831,661349,78
301021,267390,48
34347,278044,90
95313,930538,85
560008,66389,13
812235,235757,60
383949,40690,43
881513,594492,44
627292,901896,50
171516,683638,67
917026,460890,23
180264,702775,59
552612,754461,9
232109,67054,93
982663,621556,39
503817,659632,46
436894,880913,82
514167,613852,58
24935,94850,8
145688,579831,19
230428,819261,26
328540,776104,83
996164,541967,53
856088,277164,60
302927,303302,92
608687,211545,56
439819,46454,43
766181,205278,18
123733,592661,63
855691,599541,44
499790,974694,97
684477,16473,2
863901,591963,44
133589,246594,24
516366,566603,58
899298,515966,53
849073,384979,89
355820,267841,92
609764,307010,16
932852,445981,99
615953,326408,16
942830,155479,91
150533,8922,66
964888,880589,41
69581,457699,71
559233,40274,13
896103,804760,7
608177,643948,35
839299,99800,54
338913,115578,42
531827,427889,12
540352,710404,9
774367,798947,52
907227,773395,7
463358,658925,21
564644,975500,97
242637,2980,42
100307,862353,47
579898,353254,12
151113,757299,25
934581,513414,53
959552,206042,55
961499,920383,51
889004,501238,23
320196,545130,70
3435,746576,78
702916,912419,4
28342,348857,90
254831,960087,73
195418,396498,49
949062,889182,41
482897,60572,43
38358,696095,78
277616,897886,20
782126,192715,74
976367,815555,7
47561,367183,90
250198,93442,93
489054,543753,58
868320,862548,72
857057,565897,44
34491,702990,78
158204,950383,85
92834,265531,62
783404,680779,79
864418,276963,60
932470,28687,81
154262,697631,37
97959,397025,15
814029,399500,89
409374,358252,31
152011,861245,69
949625,357007,68
217499,509412,98
697051,337279,29
649929,369638,29
511522,150934,61
752145,317765,86
693008,399197,29
307755,451051,76
822738,772750,52
625918,811399,87
184419,543721,19
334906,773060,83
820718,807505,52
750658,320686,86
785342,246740,60
966998,336515,68
815811,338525,89
590288,980198,97
201272,782310,26
296841,20052,42
20866,697485,78
639954,718517,38
117304,528517,19
801422,503480,94
990531,856212,41
365333,163257,95
870528,967686,28
903693,378242,68
114596,19018,66
637913,404685,29
548960,376755,12
125468,753744,25
180463,52461,66
725937,832360,32
488572,444666,5
514411,717296,9
602637,521330,10
996356,770079,7
721412,781988,32
888241,674649,11
828435,516216,94
54127,717784,78
806198,773172,52
717055,545110,88
675831,706302,79
819734,276546,60
924551,936277,51
14241,361904,90
527166,86567,13
935600,639263,39
104474,906597,85
187777,975702,14
635548,659510,35
386401,243495,92
430963,196589,95
74268,225950,33
550329,381741,12
930692,149910,91
551242,725455,9
737414,718154,79
14629,885911,30
506598,393911,12
475021,678999,21
949483,969361,51
63705,704533,78
90754,306791,62
238242,139257,93
500294,441330,5
447531,654471,21
704467,984301,4
151992,535817,19
476856,532104,64
86363,514913,71
155124,175092,24
776137,545787,88
46215,751050,78
899979,947709,51
150080,410950,15
844016,388512,89
724458,966576,4
258840,327095,36
488267,305935,57
855019,307585,89
595217,815383,87
146287,651429,67
579234,196287,56
10309,278585,90
193866,317682,36
282931,235907,48
896855,456782,23
149574,896150,69
597415,755360,38
350980,924660,80
765605,525304,88
794308,950352,45
567872,236853,16
800813,264530,60
969201,370581,68
367793,498939,96
668545,236943,56
312609,24453,42
982474,440615,99
416742,188084,95
135925,497706,19
961435,847083,41
928276,542958,53
499754,378958,12
159582,94952,66
874509,882619,72
179285,257453,24
12982,203487,33
10752,721330,78
394248,133799,95
761338,821643,52
360747,87044,43
954615,230061,55
651675,711518,38
490738,842402,82
254990,631384,75
673267,605070,35
412090,2655,43
632375,328978,29
143520,145335,24
656858,826975,32
978240,284650,55
129133,340829,62
317550,74956,42
795116,523358,94
81564,856555,47
130503,370288,15
441438,248965,57
364857,159503,95
778416,850863,52
466530,971393,1
218310,136577,93
452236,745810,6
838533,224679,60
181327,578062,19
493051,709459,9
877720,847493,72
822971,678187,11
297579,423227,84
186750,722863,59
158476,506997,19
103082,506982,71
852662,692375,11
749167,264103,86
795872,227019,60
509287,592673,58
62189,224082,33
146216,458424,15
748036,254604,86
136100,437518,15
369257,118654,95
218680,367580,36
919956,701102,40
434314,524580,64
632318,384484,29
31709,939447,30
300288,943997,73
764675,893321,45
56236,171276,33
644175,660743,35
107918,794424,25
884694,52976,54
381471,391468,84
416627,264816,57
776791,534620,88
360716,560627,70
459909,704880,6
926502,721595,40
857947,527426,94
456404,796534,82
359700,488333,96
428072,611545,21
243076,392482,49
449116,295463,57
861457,523474,94
35660,343037,90
422954,593877,21
298042,197567,48
511678,780876,9
184322,907815,69
648739,370588,29
476892,135705,61
806736,819782,52
87898,315510,62
784424,814768,52
808639,807053,52
154885,161933,24
618360,782304,38
183469,563653,19
322168,691674,65
973753,875743,41
628993,494229,22
513687,542189,58
579436,590646,17
1329,351664,90
425282,730685,6
633715,862316,50
955479,742365,40
936087,815174,7
633311,73692,34
551892,663472,46
977056,382373,68
559254,385409,12
581022,243863,16
620345,146350,34
720456,720330,79
594062,407779,12
553845,486004,10
282944,451203,76
369869,403591,84
156053,790084,25
945671,905708,41
240476,689488,75
232479,283954,36
419288,976058,1
612061,912972,50
323431,912937,80
738606,751718,79
130905,120610,66
99089,395412,15
690142,229444,56
266216,302794,36
73476,914392,30
187987,513432,19
267309,666485,75
629584,419521,22
895081,633322,44
255640,542391,98
976002,675323,40
155109,922417,69
78647,827960,47
526706,360790,12
802648,112274,74
2696,326488,90
283871,23940,42
366885,250377,92
98251,318207,62
117525,248070,62
319077,733301,27
593578,280697,16
689268,540515,88
437002,698227,6
114725,192087,33
420168,778446,0
344590,527895,70
333144,161882,95
757749,492506,3
555424,19196,13
638441,282668,16
806620,874882,45
158318,859313,69
474740,959667,1
137082,937656,85
199555,929304,14
825561,215035,60
98511,689352,37
945270,154596,91
297508,226904,48
583530,404522,12
816610,772620,52
439778,361037,31
949771,802371,7
462480,903543,77
848070,526143,94
885616,554063,44
150036,671530,67
416868,308881,57
377294,183520,95
432834,645844,21
707546,740104,79
939596,798308,7
175216,871413,69
842428,703073,11
564368,344779,12
701073,934733,4
72950,77787,8
370613,900643,80
117706,301301,62
972525,237201,55
641695,968124,50
265998,633237,75
819211,491369,94
441982,406060,31
654656,810236,32
650921,34420,2
502268,630748,46
981852,989594,51
115967,65038,66
95760,439556,15
622380,348375,29
139959,294460,62
994231,44761,81
312977,210368,48
660995,353646,29
729113,215931,18
163043,280095,62
560459,650478,46
585070,283993,16
83739,402733,15
748310,850522,32
729120,328897,86
779478,687315,79
716464,612782,88
41966,325984,90
817062,367055,89
105570,319508,62
985034,482703,99
793321,352556,89
409054,982992,1
157585,547487,19
617918,359611,29
982900,608371,39
905399,55600,81
483297,773789,9
75356,517709,71
142626,118354,66
184423,606121,67
85691,214293,33
638219,560689,17
512251,407412,12
373729,276984,92
273457,998579,73
122545,625229,63
233725,229815,48
500913,856350,77
674480,993035,4
954025,313159,68
278790,629290,75
487476,17135,13
4565,739554,78
686417,619084,35
957943,151239,91
875498,505404,94
338261,159107,95
126081,46319,66
498717,945760,77
394182,17790,43
998900,525119,53
686535,610058,35
250482,855968,20
258509,761231,27
22548,980160,30
557999,296889,16
828594,189759,74
283321,785083,83
901814,790843,7
707819,315321,86
615167,113610,34
455838,270732,57
193164,515266,19
89202,230667,33
821111,414213,89
689897,109471,34
880706,37874,54
553728,519739,10
255202,192476,48
945325,93932,81
725917,488884,3
689664,193891,18
736071,161548,18
140826,874258,69
660527,488716,22
854288,26314,54
261920,98504,93
562220,245439,16
101742,984765,85
955899,810508,7
211777,338149,36
281804,288377,48
753290,550223,88
601289,873116,50
472743,398130,31
375548,836279,80
350232,364730,84
29361,480928,71
972295,366873,68
48551,1771,8
768158,447923,3
246552,799580,26
546738,30260,13
584984,828868,87
788940,727599,11
763882,569139,88
523443,511583,10
178129,823764,25
5093,605523,63
33573,263042,90
962840,459098,99
67424,199124,33
692065,544420,88
83468,855268,47
505736,911692,77
821867,122202,74
858017,695332,11
445916,511949,64
342937,744871,0
50570,938489,30
188180,757236,59
865898,159981,74
808412,989178,28
127998,262449,62
993705,203015,55
75276,164882,33
178256,960386,14
215869,125298,93
895538,317158,68
477585,780458,82
171723,155807,24
656736,762081,38
311292,887653,20
795626,98444,74
563748,917503,97
485947,318235,57
577285,435434,12
353729,135301,95
4940,38098,8
325248,448307,76
704363,232399,18
944267,306864,55
479426,717079,6
948340,765752,7
3712,391831,90
510152,139749,61
768994,482184,3
71325,774551,47
880603,305922,89
635826,328753,29
356958,401138,84
934269,261498,55
668,232162,33
955871,334649,68
451182,23349,43
436483,974807,1
596843,143468,34
268774,293049,36
275284,704814,27
821293,481305,94
296768,790396,83
198206,256078,24
907177,928476,51
906825,19552,81
613702,490084,10
846799,160303,74
223203,380972,36
4238,235973,33
998417,400464,99
598673,902218,50
586080,260836,16
880712,133559,91
734726,550408,88
711715,804720,32
940338,261410,55
525945,566742,58
245010,890290,20
120636,543869,19
819450,496208,94
775091,961085,45
972313,666060,40
475116,282028,57
45402,73875,8
618326,221168,56
187134,173262,24
25010,346286,90
38012,870850,47
386523,300523,92
902434,210237,91
464392,37261,43
250149,259355,48
980821,662146,40
689160,726988,79
500733,832968,82
706156,367834,29
197512,599976,67
812397,964734,28
295297,60486,42
596013,202505,56
505973,889124,77
509641,547389,58
982911,800290,7
475040,9311,43
501832,291985,57
392523,145788,95
263213,824818,26
723617,844065,32
213967,146511,93
415514,546904,64
820392,332608,89
148652,395572,15
378805,589644,70
162998,510465,19
397449,934304,1
848397,19401,54
75273,129264,33
549782,200565,61
899119,501601,23
412281,217109,95
964259,302515,55
384354,837852,80
792826,38791,54
973617,583752,39
130046,697597,37
529302,992877,97
286924,339565,36
74671,2733,8
937242,229782,55
952073,505880,53
340050,235234,92
585967,362300,12
180989,883290,69
468424,808422,82
154377,627630,67
579590,180689,56
853862,865781,72
182641,654700,67
548920,713517,9
87150,736320,37
333683,225694,48
248651,83404,93
777006,150050,74
899638,217241,55
181602,194039,24
217422,217279,24
808228,898584,45
513149,498741,5
349859,84797,42
187391,481162,49
895888,206203,91
664727,72408,2
967290,256805,55
123998,48087,66
213876,619782,67
681492,838677,32
645907,763770,38
685379,167063,18
844162,843276,72
946322,842699,41
248668,369411,36
693936,990944,4
810059,663165,11
826107,392494,89
649635,425133,22
225417,598504,98
65050,296349,62
753066,786788,52
551256,964254,97
218405,747744,59
347455,679858,65
389291,819241,82
995262,370934,68
299124,384750,84
496050,119173,61
954990,528199,53
450541,249264,57
387351,219666,95
937882,986524,51
513466,839628,77
630319,779980,38
127718,564851,19
461741,487289,5
882542,884272,72
962724,511529,53
283458,81512,42
982686,15692,81
746828,943657,4
57537,38989,8
298791,780725,83
652077,461848,22
279927,744454,27
38926,234091,33
380026,104045,43
697901,624950,35
536745,89336,13
478008,896976,77
482482,75279,43
221694,11060,66
899420,557177,53
482675,320272,57
814027,356565,89
793068,107455,74
997388,100180,81
739529,270242,86
965662,889330,41
971823,444881,99
131712,693749,37
848923,860404,72
816885,392244,89
460759,980937,1
611240,122995,34
187638,646888,67
251308,739837,27
453145,24331,43
935479,600588,39
89116,787429,25
332212,503563,76
395020,101521,43
274033,681332,75
147885,507427,19
342340,724872,0
930402,267352,55
386731,789151,0
266112,549422,98
136647,631639,67
964332,538166,53
964959,72936,81
851605,928536,28
906832,128894,91
328140,52040,42
647792,451377,22
301995,641305,75
423197,686058,6
592866,307988,16
364807,319069,92
593037,173339,56
322113,761604,83
286086,250464,48
564616,501269,10
841902,854087,72
654213,364370,29
966962,731779,40
22459,470884,71
153244,588531,19
443903,691860,6
99034,466069,71
235489,875460,20
856301,857188,72
764895,601439,88
397183,461721,96
159380,712294,37
532482,439497,5
629816,331469,29
6182,908779,30
854880,983874,28
973615,550380,53
252918,796504,26
845140,273376,60
644953,741321,38
395518,482858,96
406733,976923,1
160663,269645,62
924571,274822,55
944343,581326,39
355923,998955,73
453123,648227,21
755532,231224,86
198377,125068,93
29554,727486,78
872186,833442,72
672226,105496,34
74709,636755,63
944997,572538,53
657911,512550,22
442694,366638,31
95546,843433,47
587182,770090,87
908141,142076,91
875623,608146,44
121952,663443,37
491625,751064,9
139145,610977,67
693121,300331,86
678024,562287,17
360884,393459,84
877706,607302,44
928253,150849,91
325031,796711,83
329322,923591,73
800315,900302,45
378106,828224,80
964203,365902,68
731095,526524,88
296938,652421,75
251952,566351,98
673920,579525,17
91674,765255,25
652013,392734,29
691916,35020,2
596305,98392,34
679337,621292,35
62118,18727,8
748388,171543,18
123919,706836,37
793895,2085,54
56483,320598,90
296391,445621,76
565661,66217,13
914427,791244,7
446143,325544,31
418654,328243,31
793603,94099,54
525698,422601,12
670810,316135,29
289282,963987,73
740697,901476,45
118862,721231,37
736983,481008,3
311942,821608,83
767156,603502,88
68954,910806,30
920554,752031,7
391821,347951,31
19090,848691,47
958200,470330,99
845414,880932,72
834665,217815,60
818484,276402,60
496827,177470,61
754507,8282,2
195655,384886,49
789740,161820,74
717977,39662,2
610344,55919,13
847114,459968,23
694133,302923,86
234321,234622,48
306235,897556,20
236024,859912,26
554031,610119,46
274140,472506,76
412230,363886,31
846133,965895,28
805621,86397,54
81292,281776,62
821048,368884,89
845224,684612,11
275836,981809,73
270006,5574,42
689294,968030,4
688679,638952,35
878181,602431,44
65722,590606,63
329749,94063,42
932585,962865,51
877073,974537,28
56962,361010,90
511502,817773,82
320042,954805,73
415542,30667,43
434152,808783,82
230606,804050,26
684031,511462,22
148877,179903,24
634733,964717,50
13187,649375,78
46569,699849,78
378133,286293,92
739405,189805,18
64667,860162,47
759155,126764,18
524966,105688,13
314426,572619,70
12514,335998,90
123070,448772,15
514531,737321,9
163445,33015,66
888656,657891,44
182199,232656,24
265988,473477,76
738342,319927,86
16839,28442,8
40785,488486,71
985455,556887,53
616183,202840,56
135449,493984,19
395475,752681,0
325713,267179,92
479305,684696,6
689364,153263,18
902853,264551,55
312810,405632,84
463858,74331,43
281336,421060,76
759439,900982,45
811875,197518,74
691952,644483,35
838481,351647,89
141060,804371,25
70835,524125,71
980485,20554,81
463804,164116,61
305037,766483,83
290446,538504,98
639546,861608,50
46515,793188,47
119990,676533,37
497572,703653,9
299808,882508,20
318300,676037,65
157050,540517,19
485971,730168,9
937226,965963,51
944773,806075,7
702753,184428,18
690755,535332,88
330248,480746,76
905595,336892,68
147891,616778,67
188316,42434,66
190045,91193,66
684482,96529,2
363936,678804,65
665789,922666,50
249883,785982,26
6487,38901,8
822706,227730,60
465889,212366,61
247882,166075,93
236129,633031,75
360700,285099,92
672078,619512,35
148607,651002,67
399793,321712,31
24047,166567,33
496299,297695,57
374693,476535,96
131925,275620,62
353809,481397,96
846812,375489,89
854688,749306,11
589615,671165,46
281245,892186,20
984063,156896,91
967254,650457,39
233862,525750,98
294905,478063,76
818531,57035,54
601967,274727,16
353266,343610,84
60736,803086,47
472059,902524,77
726189,70879,2
276959,863402,20
207707,937294,14
110217,427088,15
82206,645291,63
418374,618593,21
693445,746177,38
11761,680446,78
258131,418569,49
905206,803736,7
400785,6811,43
486892,197797,61
381747,33272,43
215700,270200,24
252735,717594,27
616209,628414,35
765755,44589,2
413698,36750,43
669388,412275,29
106014,785356,25
484967,845731,82
206917,667176,67
240464,488961,49
971271,164388,91
885608,413901,23
439789,535815,64
451655,980427,1
37226,661488,78
644619,126512,34
292473,601398,75
711789,39925,2
23289,426991,71
441666,88754,43
697551,753889,38
623441,178417,56
660444,95090,34
183429,897801,69
350229,302072,92
937829,104719,91
19339,32371,8
61305,362573,90
777235,898,54
95227,481947,71
99263,321699,62
800667,815018,52
9192,505630,71
132203,943439,85
384489,118871,43
875794,476761,23
930516,193398,91
441779,992127,1
687628,968247,4
335525,170555,95
534559,345753,12
82571,783700,47
662522,7318,2
999516,876893,41
956619,902013,41
148324,892781,69
976122,687161,40
127391,70936,66
222909,441242,49
956185,602789,39
87901,367062,15
223834,987025,14
937058,144846,91
439045,44820,43
300250,307729,92
5574,691837,78
717811,260409,86
700245,27534,2
764167,355222,86
221639,101081,93
869255,570760,44
773186,940810,45
210473,431993,49
513573,635052,46
319684,930129,73
678532,98484,34
231799,851561,26
200644,234845,24
55903,572620,63
35125,348668,90
66846,489003,71
679080,310410,29
75342,273182,62
375973,985667,1
119701,826555,25
924873,352304,68
189005,623785,67
967410,268502,55
728600,595710,88
102436,643253,63
169705,233873,24
711595,791222,32
82044,924564,85
147855,6806,66
396184,674832,65
916063,278243,55
443418,533230,64
5633,675526,78
570865,537750,10
976676,8837,81
525337,345989,12
49038,187034,33
484653,563378,58
697575,144198,18
544473,971440,97
1173,729987,78
897010,59856,81
12524,493128,71
7243,736825,78
833230,105147,74
207029,547775,98
455577,891831,77
11471,803866,47
588490,764731,87
842605,669174,11
807621,694627,11
597270,324506,16
977058,422797,99
951929,86898,81
508953,986645,97
544542,131793,61
56719,286266,90
282869,196009,48
339407,422017,84
847895,580548,44
271368,890159,20
917185,131920,91
185828,220766,24
421535,753848,0
936974,735943,40
6424,974719,30
103501,549650,19
972851,720026,40
491481,321430,57
285118,983544,73
428867,973615,1
550302,937540,97
240450,258639,48
945704,455362,99
270875,606871,75
689894,59804,2
141903,966499,85
959991,578850,39
740206,647341,79
869832,278941,60
164799,784701,25
473367,887805,77
341458,894012,80
663399,760267,38
807837,332996,89
673449,660320,35
2287,452728,71
12225,470352,71
211719,375568,36
186165,878589,69
456264,442159,5
373044,761679,0
543486,374583,12
626890,148764,34
291799,274881,48
936343,127511,91
86116,361827,90
233232,944053,14
707682,12952,2
697113,384322,29
301378,272062,48
560771,883024,77
987929,134701,91
930290,389555,68
262146,892986,20
422659,640615,21
821153,122781,74
595084,592921,17
229050,652480,75
242622,751112,27
951209,971874,51
301352,838020,83
606578,767460,38
710263,396481,29
672775,342185,29
103813,793615,25
289343,998899,73
508574,615651,58
260407,664103,75
586028,378789,12
308913,902537,20
947558,617217,39
573498,782384,87
529017,197879,61
767187,115605,74
981045,433853,99
774636,310676,86
548260,618324,46
174109,250414,24
718460,161766,18
816887,436424,3
991573,372980,68
691235,594050,35
212245,213746,24
442635,368048,31
794543,893558,45
40899,399967,90
248680,578359,98
489804,141836,61
851281,482870,94
598464,389657,12
979846,280576,55
656353,336969,29
443351,409160,31
759273,105520,18
487017,310510,57
744581,178788,18
901512,720405,40
847165,317652,89
788798,334577,89
243628,663403,75
824505,470003,94
341481,273732,92
613804,219289,56
594938,133821,34
135251,171009,24
160620,555747,19
442150,224147,57
255259,152231,93
555823,730198,9
450245,267976,57
873643,322222,89
595166,959092,97
465348,117523,61
209650,600075,67
466774,80081,43
926329,818623,7
598494,890107,50
32171,707299,78
580389,605198,46
569562,630099,46
84728,34895,8
489555,967353,1
305076,426880,84
580548,271196,16
996328,293868,55
41617,464949,71
403664,386554,31
818825,992453,28
172700,569378,19
547558,822263,87
789063,796695,52
66622,726194,78
152070,849973,69
513015,244175,57
864615,592816,44
467937,624779,21
666205,922476,50
69144,118889,33
180678,662836,67
291448,367937,84
922280,766190,7
357697,822157,80
6310,67010,8
241490,729943,59
168594,574838,19
313976,8049,42
294922,767435,83
296710,808218,83
731945,810564,32
150221,771250,25
404778,108395,43
807193,508337,94
627130,183586,56
546174,553896,58
342655,14621,42
742954,837359,32
507096,771711,9
152641,440986,15
652402,920787,50
676384,990317,4
257843,578790,98
726245,6123,2
911105,943799,51
439822,89398,43
514024,211681,61
737007,886492,45
284746,733351,27
430491,274072,57
344397,292372,92
901535,98817,91
830760,590586,44
981327,163273,91
139246,317642,62
612431,130521,34
677692,982680,4
914810,224739,55
191054,57337,66
669299,914879,50
375622,85876,43
331176,88498,42
402675,761890,0
90780,745521,37
983570,862409,41
509389,307125,57
861598,881567,72
502765,982219,97
166353,895276,69
919842,787477,7
129735,467251,15
88562,467264,71
321060,60337,42
88366,179806,33
4688,800354,47
559102,834498,87
417430,756358,0
113646,58523,66
601183,92210,34
785975,895854,45
620728,585871,17
749465,268221,86
5308,225187,33
734438,702136,79
814254,175332,74
815264,145945,74
908158,414934,23
809069,32099,54
500152,60408,13
284697,914564,20
78633,600870,63
826246,716761,11
610420,338114,16
682946,279903,86
345246,559428,70
317817,554097,70
712799,27724,2
973166,5267,81
538267,662772,46
223007,92175,93
194904,767480,59
39980,951958,30
569394,813592,87
54758,325175,90
231980,890556,20
586856,292664,16
819429,156442,74
325094,867233,80
594135,641982,46
799960,934104,45
491448,779008,9
795635,245478,60
764174,474691,3
145975,416324,15
163518,262639,24
185165,76877,66
80376,891628,47
600630,794264,87
210603,616137,67
421799,190343,95
105250,946909,85
713457,74754,2
402659,496020,96
620579,77121,34
179938,226586,24
246870,154468,93
148301,503364,19
50397,33145,8
72777,171504,33
470675,642273,21
684467,851524,32
573478,454193,10
623409,644298,35
732555,54271,2
146526,664917,67
261599,695194,27
136362,842206,25
967962,549590,53
971577,301562,55
368980,458152,96
175832,221082,24
728847,737197,79
85325,67205,8
518665,205662,61
563184,437829,12
603134,882937,50
522293,184653,61
477208,438000,5
474363,625121,21
424425,323952,31
662528,118851,34
544535,8340,13
179649,367914,36
535689,325607,16
477202,340241,31
435851,359042,31
425627,528389,64
643332,484550,22
845357,916935,28
930686,43464,81
505785,737468,9
636969,550957,17
950736,32085,81
267583,283495,48
716943,667243,79
367407,9689,42
848430,572835,44
638424,4018,2
535211,302991,16
379021,214592,95
651870,983152,4
837702,268423,60
393688,721337,0
525050,524852,10
193088,241298,24
499586,551925,58
211286,96074,93
732506,233888,86
960959,848228,41
178820,435067,49
177573,484401,19
331746,662441,65
658146,463294,22
586611,177677,56
223490,212111,24
965481,845310,41
138352,288446,62
914801,73361,81
987156,139195,91
458447,130973,61
267040,148909,93
729823,137417,18
572681,64707,13
539311,213797,61
289808,807464,83
48249,935738,30
963280,856050,41
640207,968501,50
608550,909050,50
417161,227481,95
273319,682334,75
987993,207704,55
892582,634833,44
653883,814002,32
946064,504542,53
852700,339318,89
925811,111247,91
733077,832398,32
113547,394738,15
377415,223581,95
730380,507154,3
744184,512044,3
935900,683194,40
446639,669040,21
566149,272102,16
232993,926723,14
440263,511832,64
373846,231987,95
18322,941247,30
549549,282833,16
581593,833811,87
870593,60638,54
155807,661486,67
605519,963722,97
288283,185339,48
6671,119830,33
988386,818865,7
676822,363046,29
721172,749694,79
120572,456153,15
566116,712924,9
121106,437663,15
805638,358254,89
177901,988248,14
492031,571643,58
611520,826400,87
320641,21762,42
762440,333738,86
136394,380293,15
585510,682307,46
544097,647436,46
469918,916651,77
161711,886872,69
669521,655531,35
519154,427646,5
454980,853456,82
40576,971433,30
876531,859173,72
126649,597855,63
161501,349126,62
774685,137345,74
358671,186086,95
552943,322633,16
501475,296399,57
581471,798587,87
863399,163417,74
564951,139699,61
925992,152410,91
555256,192891,61
923160,555085,53
319079,773505,83
303196,825237,83
774996,365813,89
230342,366421,36
442776,737724,6
937575,828618,7
586493,196878,56
930076,794301,7
827642,186892,74
101007,625394,63
7015,908119,30
758044,447897,3
810591,618629,44
307870,383311,84
318791,926353,73
215639,247411,24
236891,436063,49
923718,941993,51
84489,18919,8
978174,185953,91
328282,443278,76
177430,79099,66
428703,211955,95
337151,509918,70
202999,814642,26
693461,9816,2
993693,1329,81
346475,215729,95
764357,548678,88
637638,785538,38
551784,848779,87
441657,931921,1
811815,178838,74
733447,55746,2
937309,368026,68
413368,477124,96
39287,303941,90
353149,390148,84
228816,714666,59
399131,200066,95
513282,734672,9
643629,480505,22
860880,818753,72
783749,476699,3
883418,621184,44
250117,732327,27
226167,199749,24
189277,181221,24
789126,848512,52
956122,547865,53
977900,570078,39
313902,758327,83
209374,953982,14
584994,2981,13
110113,679202,37
353367,41869,42
708461,113160,18
881485,130904,91
117949,376241,15
489602,749097,9
88583,820093,47
307625,259472,48
953614,392403,68
122726,665742,37
138268,875066,69
242565,797015,26
442532,638256,21
181070,249641,24
730091,652387,79
670359,730239,38
131217,370922,15
92727,470201,71
672493,597894,35
817405,136537,74
789922,228951,60
982536,498614,53
221094,937960,14
295359,103929,93
740080,526481,88
576161,548284,10
24199,723802,78
942423,314301,68
470699,40290,43
170221,915790,69
684587,864818,32
11789,145301,33
76596,352287,90
888442,46569,54
700616,268836,86
335615,687118,65
400994,522667,64
470535,287897,57
697811,124869,18
688892,217231,56
7223,400581,90
575238,33689,13
221411,268954,24
312055,713985,27
946640,192382,91
377602,364976,84
157012,905008,69
486036,822400,82
87864,733518,37
239884,736193,59
208879,636978,67
692912,783138,32
201419,263676,24
615648,198664,56
962492,615641,39
87898,308177,62
533516,812581,87
53466,604152,63
990127,81128,81
522120,281571,16
376225,222206,95
629028,77145,34
579685,782191,87
299912,627256,75
300486,281724,48
948260,406288,99
495298,480550,5
606287,872309,50
901451,691213,40
233411,950968,14
920500,844556,41
453748,155237,61
77643,954746,85
421586,600035,21
802628,783379,52
258687,768428,27
970727,13555,81
826039,247425,60
487390,566048,58
583266,956765,97
365457,245596,92
735206,608946,88
568344,158798,61
928424,38920,81
136536,761497,25
483704,624006,21
681335,210488,56
678195,429313,22
467277,535534,64
721883,696616,79
28021,958062,30
157896,769765,25
443199,856136,82
80478,604578,63
144783,375528,15
506327,848622,77
799952,798449,52
546966,871958,77
12898,790952,47
544597,50359,13
383838,171721,95
131553,21130,66
141188,954533,85
841984,241108,60
307179,761990,83
777942,872662,45
845296,905948,28
273827,214759,48
457694,464041,5
146157,468569,15
243205,560269,98
443365,635632,21
68248,56729,8
445885,996059,1
766556,508848,3
209824,520500,19
55495,717269,78
140356,978797,85
656790,682736,35
759000,519730,88
103895,172417,33
827631,10932,54
736916,350935,86
176099,702320,59
898657,743790,7
895162,997537,51
607491,106103,34
280498,332476,36
930878,269470,55
987444,984461,51
845398,607917,44
270463,681755,75
267282,224092,48
324571,73078,42
237724,432460,49
368673,298415,92
469016,766686,6
704473,83985,2
548799,680805,46
303587,388407,84
969519,722190,40
855023,373413,89
959553,211748,55
852546,756663,11
244950,888554,20
941443,840655,41
895814,953655,51
94037,485433,71
682877,122595,34
457900,933619,1
346859,664399,65
561039,399191,12
210888,407847,49
695666,60068,2
565821,753549,9
913204,235121,55
683291,79087,2
215504,991068,14
892569,421674,23
90685,147447,33
151071,56064,66
280301,32151,42
366382,794337,0
437363,769815,6
289237,222572,48
771413,142489,74
815914,82529,54
76385,803380,47
420719,35193,43
505045,301195,57
197778,70672,66
800807,170958,74
303406,353349,84
746815,733848,79
792513,771512,52
806054,356624,89
794210,289776,86
274597,166406,93
791771,310398,86
865924,585047,44
888762,425437,23
333963,916648,80
105033,290210,62
575778,111276,34
218821,725219,59
757869,515176,3
576005,925480,97
554485,245806,16
275612,226631,48
992340,260326,55
310845,387080,84
662528,114602,34
119516,714650,37
132627,75304,66
640850,780380,38
853661,482292,94
897609,117414,91
382537,314206,92
870676,454882,23
218152,482819,49
750571,848766,32
210450,42584,66
719386,736640,79
723720,563464,88
145257,346560,62
638946,779593,38
620914,705478,38
974895,60859,81
865193,311554,89
304026,780249,83
648127,81291,34
272972,841037,20
312897,863825,20
321470,946751,73
56616,547200,71
797117,159786,74
528193,345261,12
802938,984557,28
458092,153004,61
547549,669289,46
751456,735068,79
291144,257772,48
375814,315905,92
423259,716627,6
357271,661209,65
955529,576124,39
919733,961358,51
549166,833028,87
711930,420526,29
793073,187080,74
262844,628728,75
45971,644115,63
656424,521255,17
741453,606514,88
697235,443885,22
391093,101835,43
553537,310919,16
630526,254770,56
932587,993826,51
240563,149192,93
476883,988202,1
714043,926275,4
908862,251386,55
60639,164886,33
245320,107693,93
997875,298279,55
177995,578425,19
602901,972217,97
62625,539232,71
886038,640974,44
853343,136068,74
908377,99401,91
642820,883261,50
974658,89368,81
14600,390807,90
294582,45624,42
809025,290793,60
372397,879895,80
402852,734603,0
483464,581867,58
439128,440497,96
434009,404836,31
83600,73285,8
709509,726818,79
645204,955586,50
548300,280701,16
743270,151253,18
113725,384138,15
208663,10473,66
28020,944992,30
489790,908877,77
497479,134849,61
418637,40069,43
440706,950530,1
569191,400153,12
374610,86321,43
811542,591028,44
413575,971481,1
688626,746222,38
757301,970144,4
221123,430136,49
312242,855826,20
870926,659740,11
262512,43064,42
789649,636875,44
974570,609448,39
8089,958011,30
306536,957633,73
940645,436135,99
127625,5330,66
584387,792762,87
964004,20709,81
60460,166079,33
305651,83203,42
402777,474221,96
243448,633964,75
45933,6282,8
589766,198707,56
673001,142200,34
961468,401753,99
274397,803352,83
951904,658608,40
235035,240993,48
374723,977493,1
734206,816688,32
90104,379496,15
205370,654328,67
306350,832947,83
347191,255643,92
603805,153026,34
910286,182694,91
546929,251382,16
987063,578140,39
799686,337802,89
453076,862968,82
911558,571222,53
537390,924302,77
759594,505919,3
980819,628563,39
260511,424551,49
433017,728753,6
152287,499386,19
189012,739099,59
45181,357320,90
479644,388186,31
247087,798629,26
562443,987117,97
476724,310832,57
162870,367973,15
533331,710537,9
998833,389857,68
341139,524442,70
296946,771578,83
914777,657382,40
622178,960715,50
745285,19537,2
367327,680513,65
391256,854150,80
710569,545786,88
39720,574685,63
747561,268099,86
953273,674825,40
796985,930797,45
908441,171473,91
952115,211506,55
787029,611083,88
481862,656425,21
541228,425888,12
911297,172372,91
65875,174936,33
159696,16295,66
875347,966796,28
952072,483168,99
617389,468589,22
583285,271777,16
761430,359814,86
403016,490252,96
675593,704601,79
233278,719255,59
525597,720116,9
992680,979187,51
208784,41298,66
110977,192022,33
319272,15477,42
121943,507088,19
629694,267937,16
226809,987108,14
326497,442989,76
318711,578691,70
66209,788955,47
977424,581617,39
246629,94304,93
974568,574316,39
534958,45720,13
426094,365504,31
32858,252853,33
703911,643764,35
747977,251936,86
303910,817270,83
866256,176800,74
481483,293618,57
845619,321365,89
188643,539425,19
123227,90132,66
860341,755535,11
289719,311805,36
519246,980640,97
629819,373144,29
444904,507120,64
166833,969413,14
931282,62962,81
207535,49865,66
84811,421939,15
537135,631789,46
492007,166065,61
60263,847394,47
153504,957985,85
859486,387636,89
9036,881949,30
930257,837647,41
348864,361270,84
874006,427800,23
38292,583491,63
734116,289678,86
620721,469478,22
519480,905870,77
960546,910833,41
373419,54604,43
738185,679185,79
62515,703049,78
147872,298307,62
652641,950663,50
798877,726768,11
797272,757006,52
877,749458,78
142467,456128,15
158870,144118,24
198166,578048,98
262439,816993,26
211296,262706,24
303553,826803,83
80918,995480,85
38856,61991,8
886260,384177,89
878193,805173,72
552123,546478,10
661416,429349,22
70307,653648,63
867563,147931,74
276431,982328,73
992620,975064,51
910565,878461,41
299051,155462,93
855666,191216,74
778769,778219,52
531144,951395,97
106273,133201,33
724716,315212,86
783906,112714,74
388918,560963,70
118351,131094,33
307633,391025,84
972295,362264,68
572794,950236,97
623231,648020,35
279591,90301,93
695420,924677,4
50868,946144,30
852697,289010,60
400909,80236,43
530029,204595,61
643897,991945,4
635015,706284,38
524445,355800,12
935745,66799,81
706374,31804,2
533796,520799,10
82208,676299,37
571091,326879,16
865268,569972,44
528058,71215,13
920139,790929,7
158460,238967,24
328451,291513,92
461594,12795,43
53913,127132,33
715913,363008,29
81680,797025,47
609695,153873,34
155147,557809,19
105515,401647,15
496317,601726,58
223149,476486,49
313600,684492,65
261321,23603,42
704468,2967,2
869617,654510,44
357421,181966,95
304023,716323,27
247474,297020,36
18694,198242,33
854263,603400,44
354462,453708,96
485042,102231,61
204190,834839,26
143194,670626,37
211759,36388,66
579307,413969,12
580153,643850,46
191942,973849,14
485855,766610,9
421559,146677,95
213175,833880,26
32496,160666,33
321940,860071,80
229585,644525,75
532006,441206,5
351081,627161,65
706811,373462,29
792106,938575,45
635511,40397,2
958132,328878,68
453627,111506,43
88874,714540,37
278036,960261,73
114466,834568,25
599713,380786,12
876038,582052,44
551135,942734,97
533879,915443,77
852979,33504,54
107299,383051,15
954353,826492,7
862874,332142,89
324810,94134,42
117129,601714,63
9403,47954,8
976646,490739,99
855300,29265,54
868955,528684,94
605477,256829,16
532183,401428,12
809455,517412,94
156759,655040,67
257865,953078,73
389425,75051,43
395014,4161,43
943949,951123,51
540244,882994,77
490063,489846,5
853324,820063,72
807105,23307,54
726443,340516,86
59592,568899,63
493927,439828,5
199522,382241,49
334170,403013,84
454290,259457,57
698145,735922,79
653799,408136,29
550104,609306,46
612202,294927,16
849252,392747,89
906256,460424,23
359263,149555,95
575668,256528,16
473022,86728,43
639055,605884,17
95315,963017,85
441829,828476,82
210282,219793,24
64572,275847,62
170088,674576,67
602810,435517,22
749460,189825,18
391284,326675,92
436066,972719,1
500085,929411,77
627395,633848,35
89419,874624,47
815270,252227,60
191321,535210,19
277861,11183,42
965902,926296,51
267552,759755,27
208160,559082,98
500578,226161,61
99681,347117,62
11571,488539,71
886615,343965,89
35402,13630,8
86233,330534,62
300764,951641,73
231067,545989,98
442515,363441,31
363177,924358,80
689359,63612,2
137490,805585,25
475549,556927,64
286379,178252,48
886004,80731,54
852316,884684,72
897333,489478,23
668426,241454,56
122766,335452,62
958337,778092,7
393004,222288,95
999065,293110,55
313757,322385,92
335890,308660,92
648733,265871,56
501287,136494,61
67971,394146,15
413985,858545,82
574512,828858,87
617691,549257,17
363827,845602,80
43521,465627,71
794882,584894,88
320437,590267,70
624615,913405,50
610102,986747,97
273387,829194,26
272392,100408,93
565614,280269,16
495129,637973,21
423944,241261,57
880285,966749,28
162141,111135,66
861009,993474,28
320478,283182,92
454226,186211,61
658182,66879,2
43908,971335,30
238965,286995,36
535849,20202,13
543046,985857,97
300322,520581,76
416603,848618,82
728755,199191,18
805350,531708,94
429340,919234,1
579723,418029,12
824434,270447,60
413154,890393,80
849434,452043,23
501490,558449,58
861232,731590,11
845767,808828,72
975387,334584,68
353307,33966,42
877491,992951,28
541546,767769,9
897056,829431,72
254770,920065,20
533365,272047,16
308981,49304,42
653504,442657,22
742728,34613,2
742753,457315,3
98691,700767,37
792316,459259,3
777969,338981,86
261327,137860,93
24637,85065,8
702893,523409,88
942582,986318,51
50024,764552,78
829061,43849,54
978310,461329,99
572504,89810,13
447585,563567,64
870862,587316,44
34016,712580,78
338022,140635,95
654145,226822,56
212531,9409,66
143084,818460,25
873430,747653,11
815036,317864,89
355994,206110,95
104642,724333,37
869180,315457,89
901194,380762,68
481214,763715,9
773841,960878,45
492286,862411,77
546181,666267,46
962217,995837,51
41548,309354,90
323093,238310,48
292246,778781,83
973001,243616,55
456654,990756,1
644206,180946,56
161621,368979,15
441662,25713,43
160668,353019,62
196628,738319,59
944198,150706,91
928135,165252,91
398952,192838,95
38952,678856,78
540988,398900,12
326248,254285,92
768345,587831,88
681003,632423,35
145065,114841,66
134702,940715,85
597889,728435,38
814962,68619,54
294251,484582,76
370584,417897,84
603858,53817,13
515088,88463,13
801163,162107,74
532532,272332,16
92004,316225,62
801320,801581,52
177734,189664,24
683596,198111,18
662746,786578,38
18957,619718,63
601523,807753,87
911892,173415,91
601521,769983,38
110526,622131,63
155984,635295,67
413493,584813,64
954861,350841,68
585577,803787,87
251449,112080,93
740572,797936,52
918316,145153,91
589125,434005,12
337678,357840,84
224015,32727,66
51154,756426,78
265735,210164,48
238242,143530,93
319926,1836,42
870503,545383,94
256183,670661,75
812127,431654,3
819177,924239,28
687702,221992,56
31496,365145,90
992443,993350,51
249425,95995,93
395840,895051,80
127981,992197,85
862342,395634,89
427570,179407,95
298593,462743,76
338331,341108,84
15148,606920,63
510841,716092,9
362174,72087,43
579359,302700,16
485224,161817,61
666322,890260,50
615217,965049,97
583347,329338,16
199666,795792,26
878042,261509,60
192523,749501,59
864739,683983,11
707240,588843,88
688205,664477,35
868935,205119,60
438702,265993,57
559778,205532,61
379815,551844,70
852769,503733,94
249469,826688,26
158355,474747,19
80248,739783,37
548855,622138,46
274131,329745,36
31437,367204,90
609077,758717,38
771104,945553,45
909992,236037,55
87934,907489,85
171181,45733,66
645968,788124,38
8780,569659,63
266679,83145,93
419425,277292,57
457135,79489,43
973621,660357,40
621917,562491,17
796794,718596,11
459440,812268,82
802520,955953,28
711307,948116,4
999523,994688,51
731868,517718,88
291460,572471,98
530835,755680,9
720245,161140,18
285686,531010,98
692001,462214,22
432737,18131,43
741444,456405,3
802459,933806,45
481562,626222,21
916344,995180,51
5256,349706,90
522843,423980,12
834547,233853,60
383804,594042,70
64335,281088,62
257650,339205,36
26523,783896,47
944697,535683,53
225906,817319,26
684041,691821,79
437205,104553,43
227023,585704,98
927636,792555,7
483970,85522,43
375920,91669,43
689699,786206,32
778954,883542,45
700110,764320,38
929667,919360,51
693790,536900,88
689671,302732,86
32091,364763,90
588211,68229,13
725931,738193,79
825905,1430,54
36024,461895,71
85707,480507,71
896083,475724,23
496488,484992,5
270452,499604,76
856801,265823,60
701401,448395,22
181621,516063,19
471253,353866,31
426556,139335,95
807829,196520,74
917499,414711,23
61287,57642,8
801934,106334,74
168787,804843,25
11445,369362,90
873568,68453,54
504581,497687,5
631514,871624,50
385919,146647,95
696861,154459,18
993785,552813,53
134521,903590,69
649209,260288,56
668817,816167,32
335527,209680,95
91962,616759,63
874581,87120,54
239494,183354,93
644236,679626,35
486406,28899,13
710768,888546,32
802102,941875,45
98658,146707,33
706142,136080,18
100530,615176,63
264690,661300,75
475871,975311,1
54017,877335,47
379938,625605,65
552031,1560,13
233574,694353,59
992915,933750,51
543142,587734,58
60186,551112,71
549654,48470,13
638135,150104,34
799005,882166,45
567202,973949,97
164509,912175,69
940300,637523,39
859625,732878,11
491094,817193,82
570139,335243,16
439680,703920,6
796198,709476,11
176797,432529,49
524753,534328,58
464790,729573,6
949714,859153,41
791328,861322,45
251471,484224,76
362398,831006,80
732089,227292,18
98435,405506,15
354965,901937,80
871217,556512,44
299646,158634,93
169590,310911,62
482435,296743,57
368680,416030,84
218897,3468,66
298655,510029,76
67452,667298,63
282552,854794,20
534360,991410,97
644262,120634,34
509230,633199,46
187052,789607,25
933293,858954,41
446588,819879,82
716135,94644,2
693680,681464,79
368547,170973,95
552065,571954,58
839112,965840,28
873180,542780,94
507600,246409,57
399616,352466,31
902603,63379,81
222748,735494,59
448992,219589,57
646993,12210,2
216018,628218,67
469413,432828,5
541675,939586,97
633266,306340,16
666378,828446,32
707571,153047,18
267912,801923,26
932127,269160,55
785977,918159,45
503424,61040,13
902341,654848,40
38989,302344,90
498881,696893,9
689007,156253,18
151924,397182,15
438673,780594,82
454620,807844,82
439983,795013,82
785074,749591,52
380864,184302,95
570255,292399,16
357436,438052,84
351988,878070,80
738440,973795,4
582230,545129,10
986663,861096,41
440710,25186,43
308152,119321,93
438219,152999,95
463220,349622,31
104110,779896,25
724160,972539,4
470074,548581,64
4486,400673,90
122386,949800,85
303924,61633,42
870615,441775,23
914552,885072,41
408293,195417,95
381698,211104,95
39517,175498,33
597726,986537,97
734726,544436,88
348383,277859,92
990287,760008,7
460086,671700,21
271231,587133,98
949957,931784,51
504758,469649,5
396571,169858,95
811065,579080,44
601400,735886,38
44774,532076,71
610747,831990,87
264089,547925,98
978352,177074,91
97843,463341,71
378099,725730,0
345329,958603,73
248968,406783,49
807434,556127,94
839620,500620,94
935755,236319,55
814865,443082,3
895654,259162,55
738184,662687,79
780858,887030,45
313394,224970,48
86677,780612,25
752053,769944,52
464647,334626,31
71165,74508,8
264458,759002,27
550863,361216,12
970389,337856,68
359002,756559,0
494418,699943,9
943422,106997,91
315055,133490,93
577684,135346,34
776487,427867,3
164726,554262,19
496929,885865,77
743667,827247,32
557002,546839,10
733646,389960,29
60428,614203,63
918520,573909,53
688724,392475,29
336424,282852,92
900423,420224,23
720208,549713,88
27525,620819,63
109094,554558,19
465264,704534,6
114303,103995,66
854656,217504,60
596911,289522,16
4781,358404,90
707352,475225,22
109743,459680,15
851583,559585,44
952423,382795,68
643621,338934,29
473830,674079,21
261513,250141,48
130697,631121,67
266254,939642,73
566372,30669,13
466522,849075,82
414219,780996,0
209325,126657,93
725409,964372,4
204667,854535,26
177780,955489,14
919241,690099,40
495455,126293,61
613258,29503,13
871798,319657,89
481145,618702,21
532360,391031,12
60686,950043,30
379302,944826,1
696410,573070,88
601486,188413,56
669027,346244,29
323331,234650,48
775316,746426,52
196615,514219,19
491173,147911,61
940257,908176,41
721611,117297,18
426649,705571,6
544606,200413,61
357850,392564,84
830532,767373,52
245667,940960,14
715201,391097,29
174073,647322,67
548043,971243,97
696372,925877,4
215634,161900,93
55018,692313,78
712377,927157,4
736419,9442,2
702278,193423,18
873701,299579,60
34149,951728,30
693823,90131,2
832839,531748,94
92617,615242,63
375174,558060,70
315037,842529,83
397334,996283,1
540533,740281,9
919056,576565,53
343349,683385,65
665875,370513,29
214538,748167,59
446293,846754,82
396340,293551,92
723051,330260,86
694860,516403,22
187296,898200,69
62859,473736,71
89044,570969,63
282264,12729,42
946365,557043,53
228743,489589,49
526077,787772,9
90832,613466,63
524275,492640,5
809019,193754,74
435362,129505,43
599866,953626,97
608512,275670,16
195504,844361,26
176793,362577,36
840003,933959,28
49911,856005,47
892507,374373,89
98489,310047,62
966367,742655,40
818864,662743,11
726565,387198,29
638107,672312,35
548576,932851,97
435298,66872,43
925143,885400,41
928200,271243,55
793021,314549,86
640995,213778,56
977363,555885,53
772577,705172,79
829628,567413,44
525039,331274,12
737436,99259,2
247223,87075,93
474772,494537,5
692599,516586,22
266871,307844,36
934273,338196,68
70992,164320,33
727164,453575,3
251208,60588,42
310708,79585,42
587223,463827,10
549220,753440,9
81967,628838,63
883188,745269,11
738993,263774,86
252134,618627,75
279758,899576,20
184474,455079,49
515722,746013,9
252630,954000,73
891029,525111,94
545027,275310,16
150651,2932,66
294089,760183,27
408843,427214,96
199685,114638,93
727531,622335,88
598898,686753,46
261990,281647,48
655805,124417,34
76785,539114,71
891933,733319,11
906484,293005,55
545655,831439,87
3921,905456,30
5526,882332,30
369770,735118,0
141150,313866,62
158647,389433,15
207380,435936,49
778949,800379,52
979574,702166,40
313365,734695,27
33476,640808,63
73189,99124,8
985379,271688,55
269841,230461,48
362685,654859,65
231651,368074,36
235097,287191,36
820091,274543,60
249241,9917,42
678295,115614,34
125262,280675,62
313908,856657,20
850144,379250,89
65252,690552,78
113330,747760,37
609669,721912,38
190006,433261,49
828784,379513,89
481946,68224,43
642831,69959,34
808594,54329,54
113497,553255,19
565972,294944,16
126846,906555,69
471429,321953,57
80407,412935,15
201160,909171,14
437240,709054,6
74241,785185,47
605176,201206,56
672562,764634,38
207786,266759,24
434289,103170,43
980116,815910,7
15355,87549,8
442900,826637,82
293995,178349,48
517254,501914,5
669621,331681,29
572627,152685,34
177783,14391,66
872634,375753,89
296348,732522,27
500094,87285,13
7657,704407,78
979880,855337,41
659977,236226,56
250389,302308,36
902957,15090,81
632960,159258,34
656166,187857,56
320460,984458,73
788390,486668,3
441296,874194,82
590725,325379,16
651586,222481,56
242704,129406,93
939541,869561,41
717435,943433,4
289923,747777,27
896686,607217,44
503987,509549,5
1682,269753,90
749156,73985,2
479922,62532,43
980282,610942,39
105635,416264,15
164514,990134,85
188208,222138,24
473590,627330,21
543549,428615,12
741584,806742,32
915616,768114,7
702680,955289,4
549590,963876,97
868379,853343,72
146423,932871,85
765242,436944,3
734316,657662,79
329395,152620,95
99952,893283,69
418872,996885,1
657946,111299,34
609638,196207,56
665238,668164,35
840772,871409,72
774441,34308,54
620934,51083,34
552081,836282,87
396369,779991,0
322735,223456,48
635159,131277,34
376563,909277,80
220471,462544,49
991298,759093,7
87453,832851,47
741322,411507,3
214559,108407,93
999143,604129,39
603262,36722,13
195439,746900,59
158912,850667,69
166604,115325,66
279049,977652,73
408719,356568,31
852463,347729,89
286178,796032,83
910094,951507,51
987254,793666,7
152247,829269,25
528978,544597,58
44935,228151,33
537233,287012,16
813435,402472,89
352614,388736,84
488699,565002,58
995051,822396,41
13678,886824,30
857035,191593,74
108236,122851,33
756995,824486,52
150788,309716,62
399455,650874,65
241976,906605,20
325059,280044,92
708504,841474,32
656512,6583,2
640576,162587,56
612522,674038,35
560270,464324,10
893828,579301,44
321782,196547,48
368760,752038,0
508559,365599,12
628076,74059,34
714313,465553,3
562909,827049,87
219854,97050,93
135472,891008,69
175929,855071,69
188255,16365,66
59868,211032,33
817586,180635,74
938772,941440,51
785949,446675,3
272453,129615,93
442444,158165,61
280727,193529,48
651742,843516,32
984877,840599,41
951422,551836,53
711018,91314,2
725873,755499,79
678151,685964,35
8159,142032,33
132353,464406,15
284504,660414,75
587088,197138,56
311943,828816,83
913459,516004,53
485725,589431,58
581964,80122,13
626225,979941,97
871247,54104,54
340678,789414,83
686328,119098,34
688543,346397,29
908514,402216,23
58528,682053,78
272175,455770,76
127667,704592,37
91144,861484,47
977341,175070,91
406881,461404,96
831509,179175,74
408950,234339,95
538043,894743,77
960292,642988,39
712940,382726,29
482845,180348,61
114864,521113,19
355929,99462,43
661398,131774,34
740526,28087,2
72247,272030,62
10248,251930,90
198355,767121,59
17276,362470,90
49752,191072,33
354880,472929,96
518018,336337,12
830708,721522,11
630718,481481,22
252647,245298,48
727503,155203,18
502937,871887,77
811566,3548,54
638851,172409,56
678430,374539,29
877053,644820,44
501485,464392,5
40094,866828,47
788481,12168,54
523886,952386,97
757139,249761,86
738267,64984,2
195586,226239,24
409432,327501,31
317846,46767,42
16563,382757,90
998970,702863,40
19046,121363,33
756934,800922,52
112704,223258,24
300602,220496,48
883752,223518,60
681928,178903,18
832802,905771,28
305708,34757,42
161672,236110,24
302437,72991,42
760684,831855,52
998637,93618,81
439369,475287,96
162233,661430,67
655312,829326,32
490510,14172,13
203609,66059,66
254487,174726,93
620893,363857,29
350442,888545,80
786935,21641,54
735543,282751,86
203236,793177,26
928064,975354,51
788256,226468,60
248845,346382,36
643177,876585,50
771289,66630,54
864525,82475,54
174043,154096,24
905097,968233,51
106408,401808,15
188752,363141,36
321696,753521,83
431382,242732,57
597235,742365,38
933300,987721,51
637817,794245,38
886756,714001,11
229172,706534,59
729733,634738,35
54282,331635,90
796682,838679,52
688114,147061,18
664881,667225,35
57874,690168,78
657937,960117,4
694185,168199,18
920640,203439,91
206170,110557,93
144705,65636,66
158263,941452,85
986022,78691,81
566910,61587,13
104101,630804,63
929296,691151,40
185061,332708,36
831986,200734,74
749530,353269,86
404256,347057,31
988728,551931,53
315847,440924,76
619610,799650,87
731251,142957,18
694893,67684,2
577555,981491,97
919501,65172,81
355170,346690,84
834055,972260,28
779262,59879,54
398575,857604,80
750971,571883,88
642750,704931,38
776813,907664,45
109388,488309,71
18447,55251,8
616118,103227,34
944677,190610,91
593289,423058,12
341075,451556,76
307720,860379,20
402792,727874,0
383161,802457,0
896709,992447,51
56994,914718,30
678475,138713,18
358225,704085,65
559016,390220,12
434006,350200,31
818301,192531,74
872938,478734,23
91124,537121,71
393711,112491,43
652164,923250,50
68032,415056,15
860760,794799,72
190971,651142,67
748752,284219,86
871819,665261,11
58332,394125,90
63536,859468,47
79395,393250,15
366335,994811,1
800002,641310,44
509060,787132,9
338856,158585,95
354169,520302,70
719521,998148,4
882981,277365,60
687378,767482,38
85428,791894,47
369500,194908,95
834106,821170,72
420066,57967,43
261084,54311,42
815993,407314,89
740859,627479,88
45850,611005,63
164433,637471,67
986132,931881,51
136689,334619,62
951539,519416,53
837109,291735,60
203639,570053,98
893430,890659,72
313439,975644,73
665164,420696,22
638107,672288,35
153963,666035,67
59348,468570,71
268265,744266,27
891606,233354,60
988942,164043,91
82746,720882,37
873647,395500,89
183476,691724,59
806534,417166,3
324512,78816,42
677118,332329,29
455914,548574,64
893985,218642,60
730842,268588,86
163299,576881,19
647679,550837,17
928598,956074,51
742461,555660,88
981977,87476,81
214692,338468,36
639572,295846,16
289153,798885,83
863909,733934,11
229066,927139,14
429759,964289,1
818938,905304,45
455037,821781,82
684952,995527,4
822753,18389,54
70937,240041,33
377460,976235,1
587928,315384,16
668721,204499,56
21890,916891,30
187595,925093,14
47259,283392,90
986079,33093,81
205561,863813,69
111738,997105,85
345191,640965,65
700689,491511,22
826568,128578,74
17854,84332,8
369419,833065,80
338204,205871,95
86560,829287,47
829949,961778,28
603205,77624,34
634115,581481,17
961196,824024,7
375197,938742,1
444591,241006,57
598401,327478,16
934315,37459,81
577749,233042,16
740501,607937,88
597629,355913,12
836566,175557,74
593397,223945,56
843815,14220,54
996326,265544,55
6362,929288,30
548836,301922,16
405529,737987,0
361289,195685,95
893968,928245,51
21213,533108,71
950154,248537,55
167070,960353,14
653279,662935,35
962557,711074,40
37491,118308,33
416531,644500,21
113898,297950,62
647953,161163,56
682686,916851,50
527574,948806,97
583622,941817,97
126646,548033,19
791941,165645,74
7945,541111,71
464490,700059,6
900155,921713,51
246499,922173,14
976847,873194,41
777344,826649,52
493520,602720,58
919338,328377,68
37572,477177,71
928073,129776,91
160354,75080,66
874598,376743,89
926882,113907,91
451018,264014,57
290055,961966,73
778481,931340,45
47409,819754,47
620922,850305,87
81664,537346,71
185885,169283,24
143769,340872,62
39713,461281,71
765011,546981,88
112862,877555,69
78375,254308,62
158693,166552,24
252053,266403,48
443798,923218,1
531980,997333,97
185426,471313,49
364579,479593,96
521854,803166,87
823094,744740,11
850538,8553,54
754085,911901,45
331625,637908,65
331571,722943,0
511835,415936,12
642212,663744,35
561657,771752,87
845337,587539,44
768258,126663,74
839033,629980,44
82735,537150,71
892533,804957,7
912979,448058,23
520675,997756,97
296419,916393,20
826693,237557,60
637163,806109,38
279119,153298,93
489103,365647,31
440680,511064,64
459311,650101,21
252403,140406,93
815311,941738,28
801994,119700,74
813133,337567,89
489177,604029,58
927973,452405,23
586986,475611,10
602374,104119,34
937191,370627,68
128304,420426,15
104518,646213,63
903370,945466,51
448965,761747,6
686386,100861,34
183301,744829,59
357013,322779,92
955738,99845,81
98853,434807,15
808612,355699,89
239105,647397,75
806602,562955,94
588234,453591,10
515082,988653,97
299751,927433,73
367399,891753,80
705501,356234,29
239586,734517,59
39232,387669,90
566603,897052,77
764621,990346,4
752391,451622,3
426554,107959,43
472837,974783,1
189120,550857,19
253909,455776,49
233284,807043,26
984967,345015,68
671210,29289,2
273977,740758,27
936506,859806,41
769486,758280,52
415389,445375,96
425057,947097,1
873878,269749,60
677052,216343,56
88089,518866,71
595724,339958,16
683586,35628,2
806727,664484,11
983568,839102,41
789856,114476,74
1505,300734,90
442308,883352,82
507226,950580,97
404398,718290,0
307779,852450,20
132817,258515,62
873884,377471,89
163168,367998,15
948505,527122,53
349965,862056,80
577549,871358,87
919746,187078,91
230513,246126,48
640385,960420,50
794966,856,54
400143,216369,95
523783,227532,61
144010,392802,15
835693,493531,94
780511,63272,54
414481,192619,95
350510,23909,42
842323,930127,28
651531,293115,16
393437,508606,96
153675,825653,25
751977,489347,3
462525,658177,21
984679,502519,53
848636,36629,54
632701,807515,38
910598,426925,23
335706,220836,95
598261,986447,97
219588,617878,67
691638,364220,29
449727,575290,64
904654,535703,53
562839,650636,46
248767,38650,42
599542,516483,10
544796,390629,12
317204,256418,48
631908,479756,22
265035,455599,76
266550,909230,20
431088,298157,57
127291,389487,15
118353,171400,33
727242,758435,79
20474,113536,33
212603,230009,24
776523,24510,54
948005,126000,91
689736,396209,29
97237,273565,62
808693,708338,11
46568,670837,78
767552,257364,86
523366,221656,61
382963,465770,96
207650,974987,14
618400,463487,22
837935,184081,74
853701,153717,74
524453,498005,5
977355,415504,99
379271,412508,84
22212,321476,90
54113,491993,71
941010,559627,53
660749,210311,56
703306,469124,22
572652,575238,17
34503,901341,30
851907,11669,54
121777,718396,37
85022,979533,85
11802,365073,90
789225,505339,94
242796,683363,75
293528,328704,36
535729,9490,13
512205,644505,46
201679,625781,67
517247,381043,12
200021,763085,59
179990,95470,66
572110,457338,10
485947,322062,57
899263,926437,51
633644,658480,35
75982,42916,8
290094,624249,75
769189,764915,52
938873,648919,40
385188,859818,80
971735,957801,51
768125,882084,45
196007,290390,36
600850,491762,10
54771,550160,71
548775,276753,16
402198,752438,0
239159,548024,98
649110,601012,17
210815,176204,24
462408,694909,6
335910,640631,65
87093,776822,25
63933,524404,71
659777,885632,50
818681,574191,44
443079,836478,82
701945,606343,35
809039,527776,94
336622,609051,65
328846,926552,73
567626,92846,13
462755,535665,64
934899,847742,41
11346,703965,78
553016,545128,10
967058,358936,68
649378,106605,34
726222,626559,88
591455,596883,17
825724,943918,28
431406,641884,21
155968,369402,15
548679,649596,46
775279,116717,74
666181,509995,22
501558,695988,9
484125,698355,6
266491,928484,73
36242,128416,33
303309,728665,27
685837,869408,32
152977,87930,66
849605,317700,89
588770,469592,10
441636,586638,64
627677,383233,29
6927,430766,71
895927,853647,72
259789,278292,48
258104,959287,73
741646,861008,32
976443,94251,81
86001,431539,15
884702,202992,91
697794,834284,32
822356,347223,89
786475,285823,86
839609,314134,89
653339,672701,35
99521,665349,37
536162,280046,16
749710,387928,29
918533,799527,7
660081,982703,4
302427,896772,20
55847,622421,63
32266,306500,90
354329,218709,95
844268,623556,44
110067,896549,69
311477,998439,73
777968,323884,86
524934,575194,58
288533,377064,84
330622,774344,83
412543,623551,21
27428,989044,30
874880,111696,91
288709,333835,36
780831,442648,3
597783,954776,97
932186,256872,55
249454,576636,98
526023,884703,77
208533,826548,26
802852,546649,94
546427,809578,87
593412,475828,10
255989,415909,49
192172,846313,26
988814,13216,81
130884,777447,25
561692,368849,12
257808,984385,73
562773,537507,10
892235,804885,7
708579,97841,2
417643,328954,31
746253,287209,86
130704,746279,37
713269,916352,4
144414,167801,24
231990,63558,93
229663,948312,14
280595,976225,73
417908,788474,82
898702,489033,23
186425,247527,24
190353,267984,24
12138,14921,8
786947,231826,60
314382,819284,83
711179,790105,32
295972,405567,84
379092,410743,84
361258,678175,65
89265,281920,62
239890,832301,26
492917,470334,5
916532,164813,91
20227,971563,30
74371,958528,85
991254,21153,81
520947,562627,58
79033,321459,62
771840,318588,86
523854,425319,12
344797,9338,42
945133,855381,41
389183,6560,43
265074,111050,93
424769,99358,43
920986,21523,81
740187,329050,86
359526,566092,70
322584,673922,65
622218,630308,35
592288,588483,17
638014,114277,34
663402,803335,32
660286,429084,22
625125,478427,22
934690,339251,68
804762,638473,44
826726,787501,52
534460,680889,46
706589,641537,35
313208,96739,42
906605,310909,68
459723,574082,64
602035,413347,12
128374,583909,19
775179,444621,3
749282,188514,18
359523,508482,70
72925,663146,63
498597,930673,77
833717,293063,60
514833,813434,87
388995,844543,80
236371,693171,59
139819,947332,85
811567,8635,54
138413,315868,62
801015,673243,11
200525,223821,24
763551,7056,2
590476,143178,34
409123,139643,95
995757,702449,40
62265,496860,71
742088,285157,86
643041,592123,17
811695,162319,74
101568,55246,8
520268,159936,61
46296,102444,8
792933,829903,52
185660,395368,49
964638,676483,40
652849,435565,22
550568,397819,12
152064,754179,25
490488,635032,21
987000,521830,53
407496,798676,82
362071,334469,92
428098,53461,43
524284,646999,46
128815,997524,85
391913,897729,80
131898,814592,25
857323,38682,54
143491,655835,67
625899,492098,22
705739,357787,29
326824,935308,73
723834,481253,3
427939,385921,31
184573,128983,93
817850,612324,44
342845,210738,95
881800,427627,23
130671,190591,24
267235,427266,49
67747,628410,63
691842,801718,32
477036,544904,64
215598,561719,98
816658,586970,44
209710,606022,67
413297,298958,57
603735,989949,97
79590,675763,37
550824,712230,9
462383,277724,57
714113,98931,2
741811,619232,88
444505,811136,82
776045,990718,4
13863,995951,30
953366,228704,55
835594,833887,72
140233,909858,69
984806,637788,39
303375,836684,83
148193,692898,37
545404,609567,46
996409,659240,40
861061,858248,72
588379,893258,50
553,302109,90
553475,261748,16
200798,827698,26
130502,349047,62
447881,536121,64
588399,229221,56
523185,171775,61
27688,360948,90
461790,311938,57
756203,505861,3
9825,129801,33
575003,78633,13
600173,119382,34
467887,790558,82
921829,195578,91
92933,926286,85
102048,130149,33
422412,484742,96
71809,896248,30
247182,394950,49
930477,537869,53
968182,245945,55
611228,917209,50
533037,760546,9
504739,158097,61
140300,33192,66
866613,180893,74
274111,983804,73
798125,100753,74
355945,381289,84
337149,479427,76
731777,976307,4
792547,348660,89
928703,715504,40
489538,676932,21
200834,424584,49
991452,344550,68
858842,562249,44
729703,133921,18
819681,391462,89
316090,530390,70
270822,715025,27
432784,810919,82
124769,8727,66
684872,656654,35
390260,104710,43
875568,683202,11
591536,959650,97
843084,720645,11
885627,737099,11
424288,13200,43
867503,136263,74
175784,415960,49
41967,350887,90
370304,703190,65
530290,584858,58
713165,178672,18
940850,873719,41
601849,286603,16
940481,679218,40
626374,474533,22
488915,205711,61
401028,84201,43
175296,214159,24
386127,641387,65
791552,621400,44
871793,238403,60
855829,924247,28
826691,201572,74
826413,532837,94
405812,489540,96
714764,54502,2
20711,106190,8
741376,307548,86
975924,361745,68
852747,125140,74
240505,174832,93
416873,392404,31
148569,3519,66
147042,337802,62
439983,800248,82
783854,249551,60
217802,605584,67
53951,765247,78
517932,887348,77
661536,440960,22
227993,889612,20
710972,310963,86
356093,860033,80
590797,530256,10
25609,417438,90
889163,178373,91
925235,435272,23
619462,304408,16
195946,276109,24
566582,553216,10
914974,981726,51
876146,388581,89
892621,296835,55
909231,445786,23
326123,154086,95
734435,655225,79
376752,77031,43
666373,739124,38
466795,429505,5
693956,329443,29
950934,348955,68
902963,108279,91
853403,151829,74
803287,847353,52
467492,144703,61
30574,868973,47
829608,233431,60
281467,629755,75
301707,790169,83
382906,505122,96
601844,199714,56
607957,948931,97
692609,692664,79
604029,916382,50
644941,535503,17
214766,574095,98
825564,264114,60
971981,90327,81
140247,137941,33
390566,243692,92
744170,272283,86
275760,714148,27
699847,344722,29
751476,60285,2
212392,681330,59
123396,925688,85
53287,608609,63
901716,144058,91
184126,621452,67
747658,895350,45
158646,377811,15
873764,362032,89
683503,641032,35
825182,840911,72
199260,979533,14
14526,140223,33
739877,115585,18
645795,881160,50
665054,573625,17
930878,282618,55
970928,401402,99
377619,656876,65
121896,716710,37
760007,442054,3
608636,356569,12
857229,454242,23
449819,113962,43
365341,297652,92
637426,222279,56
843758,57242,54
81743,869167,47
102831,282566,62
95369,874429,47
543409,90667,13
852745,95658,54
737657,809584,32
681826,458221,22
329314,786449,83
863653,428241,23
451844,147923,61
142381,3093,66
984662,215605,55
673323,545517,17
518864,560591,58
866827,771295,11
155186,214598,24
756696,800286,52
415388,428290,96
278066,460679,76
640640,238870,56
689148,517946,22
126412,614812,63
161132,154923,24
797646,38277,54
335809,957734,73
648046,719996,38
984715,118110,91
84900,928852,85
217477,147341,93
364358,768258,0
118876,958933,85
802684,725854,11
433749,28142,43
995563,442586,99
548134,501244,10
413189,477128,96
105874,427443,15
43231,585471,63
12472,619423,63
654726,981077,4
967103,101831,81
479304,674999,21
714045,958269,4
635340,165944,56
22378,117352,33
350474,426084,84
196838,261986,24
202554,334918,36
977030,958552,51
393412,90396,43
300428,299656,92
323528,539249,70
159444,782065,25
169668,619777,67
599049,219616,56
99443,343280,62
515300,650995,46
276175,682348,75
237983,787733,26
437784,837347,82
304980,808332,83
645195,801329,38
938495,299800,55
749170,309003,86
428162,134752,43
785094,78314,54
231041,119045,93
793097,581905,88
81180,406022,15
27826,685708,78
709456,828054,32
108689,751596,37
84450,356691,90
908231,641616,44
647369,343484,29
945879,398898,68
290685,546575,98
297761,481631,76
786677,681881,11
374329,353567,84
411834,696195,6
964449,500440,53
908429,972949,51
364581,526903,70
667783,437339,22
363141,322690,92
458820,393258,31
491298,258674,57
550181,907967,77
203540,908460,14
500243,591520,58
679881,761771,38
97192,519361,71
