x,y,cluster_id
242578,13469,19
383138,414652,5
67768,993126,46
484308,765337,75
31833,30935,97
932640,887879,55
591329,478778,30
833354,186335,79
735652,115053,3
698658,355604,21
638300,908210,15
294000,264971,4
377493,541620,23
9281,999465,46
12901,842497,73
852470,467010,65
53607,976747,46
196754,856972,69
144213,800662,28
729397,985790,31
183405,499760,84
469862,970991,56
450770,95791,63
974081,390235,94
680670,26669,11
231241,468739,52
97960,415410,61
796294,316402,12
778534,828493,50
487140,369048,91
602845,24264,35
811111,355792,93
806109,274877,12
859817,951019,7
777276,680837,80
835185,961129,7
705424,73751,11
536857,957185,9
418065,418776,5
381617,836927,1
240062,726211,20
431612,116690,83
223913,309587,4
244801,377033,2
807539,314736,12
775229,283334,12
996348,632867,66
600910,509480,30
834128,199442,79
35980,730005,6
197911,293197,25
770346,214750,79
309220,60662,26
557590,416916,57
115944,685545,47
959950,893088,55
136133,997800,70
27973,148064,22
522975,641339,89
989146,578132,86
680530,674978,74
362046,914709,58
530369,917610,9
283108,208988,4
471815,806578,71
161689,514298,84
813117,64168,62
479624,43309,63
902915,294501,8
685730,66033,11
821219,242774,79
310257,492554,33
356179,307990,87
396981,70916,63
886516,684032,80
528226,902819,9
686503,63316,11
152140,23765,17
418942,174793,83
752751,490316,53
747743,329274,42
117577,118127,22
374985,376969,87
728744,14480,27
382012,490499,5
827576,79664,32
923967,118042,64
938251,195973,88
726117,857863,95
103637,838910,73
565110,810400,82
406969,934977,58
160874,816054,28
431739,248100,29
830522,596218,92
645779,608168,45
495466,304382,91
755627,828610,50
455550,438144,37
897430,118944,64
98993,780745,73
997533,539816,86
698849,561277,49
384785,92576,41
929386,192648,88
841254,969376,7
318446,127999,41
288386,909935,18
279052,41813,26
755507,809000,50
866244,973541,7
313587,467795,33
243042,823442,38
599615,743697,82
327666,83176,41
951140,823081,55
527120,310801,91
646964,528517,30
786098,952490,7
515310,819254,71
207082,441170,52
757169,750570,50
841330,249551,79
217528,1761,19
607765,712493,82
871078,223776,79
14974,680695,6
452619,175360,83
288399,131390,48
272306,650010,16
719640,990750,31
535380,148002,10
469616,838895,71
313226,398227,2
5279,739131,6
580105,833601,15
347811,666053,77
354997,440055,5
14917,711650,6
706767,635577,74
146365,957588,70
183773,679719,47
48126,868372,73
730391,687771,74
373259,371670,87
663645,885499,31
586741,364693,57
406085,74556,63
75646,387667,61
531298,530090,81
229012,19601,19
439383,726733,68
208291,749221,20
166750,575130,84
211249,463602,52
769233,500985,53
67848,329471,98
430095,618497,72
83209,503956,59
994746,709053,66
62870,660778,60
710643,782564,95
561766,616936,89
851959,876326,7
416611,994392,56
751597,103922,32
622708,854272,15
763144,172256,3
113940,992884,70
414314,380142,87
62500,450930,59
789565,228458,79
697292,386877,21
247648,231501,4
849283,902588,7
803927,613533,92
663457,738469,74
452902,931007,56
436138,171789,83
273068,465220,33
955457,369525,94
607397,533230,45
999677,575269,86
555215,505000,81
540809,380896,57
724384,729940,74
104473,885740,69
639572,287519,96
332946,834822,1
860169,869593,7
256492,871667,18
117700,192914,22
305697,859094,18
796018,674653,80
900226,112347,64
221747,915444,44
880066,285789,8
257319,771158,38
861762,644236,92
684291,882927,31
369671,66247,26
417820,301777,29
980466,702029,66
7364,783108,73
703318,672688,74
870522,869668,7
524434,177186,10
980344,642136,66
393063,217912,99
447246,868568,71
31640,773725,73
9819,42467,97
744825,278843,42
523351,969780,9
102327,819686,73
470454,926986,56
854907,426604,76
934752,387852,94
632230,906357,15
147351,540271,84
343122,859703,1
37949,811880,73
271485,855588,18
870383,540877,65
534808,524330,81
423039,21274,63
554457,763045,75
498689,467937,37
617602,46054,35
32396,486973,59
571333,395104,57
522923,772502,75
453133,808894,71
94785,52884,17
826935,303685,12
42690,506413,59
285958,109358,41
982686,19644,43
173411,524345,84
675854,86444,11
873180,538256,65
478759,506532,81
299840,413003,2
344194,871591,1
838942,102171,32
196498,555389,84
424329,714240,68
233338,727393,20
302701,508484,33
92123,325340,98
998452,999447,0
711751,399947,21
915277,68584,90
703078,646216,74
966967,821532,55
497813,752719,75
952957,363209,94
467852,199519,10
319607,637251,77
293620,877284,18
523256,367777,91
237859,699470,20
999000,202858,88
442180,722977,68
79262,168652,22
539282,715609,75
251904,750679,20
674102,637241,74
116274,231005,25
506655,355788,91
732259,84308,27
967997,128374,88
585623,581955,45
922186,193661,64
864539,311585,8
811253,744298,80
429059,196341,83
917628,585903,86
274474,86126,19
521532,393337,57
826258,922274,7
661199,778269,95
376760,214791,99
994520,904005,0
626417,198418,24
813554,408777,93
327680,324291,87
367317,511847,23
620384,803852,82
341576,879053,1
250295,716161,20
534048,751257,75
386673,821553,1
854750,796623,50
844887,19776,62
383249,271130,99
883418,620394,92
964801,416189,94
902504,390258,40
74399,429715,61
223790,239575,4
552139,814155,82
516846,642578,89
822119,358702,93
709654,167894,3
807477,278000,12
359047,513118,23
989323,555229,86
734375,650304,74
661679,842450,95
72134,360306,36
669352,806694,95
106581,312340,98
513709,915202,9
801957,495907,53
725267,570966,49
239062,924139,44
4986,808315,73
353592,834880,1
839796,454535,65
374671,108680,41
592807,314266,96
880309,355704,40
327136,184438,99
855266,459639,76
154120,306519,78
672925,858988,95
25724,353126,36
998767,287106,14
403714,223334,99
576057,802292,82
127505,976868,70
225842,738540,20
646862,809815,82
561670,1315,35
111739,2849,17
893928,255271,8
349886,542663,23
542610,659326,89
304556,687893,77
434005,323590,87
589821,134435,39
462490,70127,63
629891,585425,45
253674,504712,33
696317,16186,11
52367,132880,22
315584,25240,26
210313,743236,20
574919,671006,89
608211,212948,24
31110,873539,46
579454,892040,15
521551,712622,75
41863,596998,60
751981,550487,49
35726,446954,59
959509,480178,67
357800,549171,23
923869,471037,76
731501,345154,21
16405,722120,6
675589,628740,74
237498,636867,16
829868,607283,92
621287,975722,9
973083,621237,86
132736,906385,69
616378,468377,30
14476,303459,98
245720,816957,38
608290,539205,45
424689,751438,68
430810,628092,72
345266,893285,58
456783,165931,83
810127,812538,50
334136,834506,1
549359,88853,35
352562,523797,23
458504,87214,63
817071,518386,65
520241,704018,75
443985,70005,63
588148,7255,35
937220,858295,55
379421,943657,58
52889,905543,46
469229,342547,91
188338,400091,52
335425,498812,33
536861,26511,35
579792,570720,45
104485,89116,17
780534,447421,53
815274,324253,12
733585,370990,21
235025,68069,19
47294,877899,46
859542,324578,8
186882,928701,69
689450,600241,49
266814,354545,2
842451,76321,90
733023,918199,31
184514,137053,48
455505,682579,72
107825,225534,25
556607,898878,15
458725,805522,71
420218,606961,72
197918,418513,52
953410,967169,0
215132,729668,20
532081,695311,75
97791,579595,60
262600,528353,33
31083,414922,36
596607,175765,24
82470,85277,97
252503,829532,38
958437,460401,67
966716,608715,86
679522,741861,74
466695,750819,68
22240,788280,73
625487,571436,45
128128,461503,61
481417,186445,10
589343,103250,39
330431,556650,23
624015,829410,82
905440,730891,80
89809,423409,61
243339,806022,38
817059,316019,12
347653,17202,26
127524,307548,78
960467,574613,86
532236,291130,13
25211,730439,6
503756,634589,89
538167,985049,9
730439,490467,53
283424,520330,33
197125,91670,19
697768,401666,21
808041,751828,50
983132,511241,67
432666,828883,71
48384,205276,22
80313,821012,73
757363,8609,27
707157,189128,3
680946,675023,74
127441,915777,70
464064,524562,81
320625,760533,85
294147,739293,85
312291,675442,77
165789,427107,52
397577,92002,41
290437,384309,2
82044,925550,46
721616,213077,3
186101,803504,28
504920,205865,10
980372,124577,88
776937,996788,7
17328,239384,98
332762,745003,85
267561,910812,44
19009,497406,59
906774,166610,64
230936,355255,2
779472,588468,49
394199,317563,87
290800,475775,33
362539,193552,99
44196,805903,73
813759,851464,50
564542,260234,13
763298,762542,50
44144,930766,46
389826,819942,1
765440,760514,50
966042,280601,14
70368,685962,6
964895,1139,43
146132,46477,17
147215,254032,25
524450,432983,37
161411,846487,69
913975,182299,64
909292,474804,76
46046,897454,46
512430,424367,37
349529,550215,23
478212,309860,91
823446,666155,80
77972,484115,59
526598,538193,81
414083,500447,23
18624,25006,97
287518,320761,2
30486,382682,36
751338,737903,50
952214,869233,55
200549,641193,16
542255,683283,89
943362,87182,43
283571,981982,44
172243,900475,69
299713,279151,4
697794,836100,95
339123,647658,77
193305,887822,69
638140,228485,51
149953,269467,25
948273,637831,66
40760,64007,97
770440,791028,50
808978,506184,65
446060,935134,56
809826,753518,50
387116,265002,99
893533,617219,92
601806,554563,45
553467,135407,39
786284,90982,32
141422,887534,69
789736,94881,32
675275,347341,21
775765,297738,12
89194,87366,97
364210,280764,99
805982,141354,32
738005,650951,74
540762,602548,89
28278,269437,98
431553,118445,83
710573,606347,49
879124,448669,76
782282,820982,50
259457,706066,20
852164,326385,8
562070,710548,75
196002,221354,25
306021,297215,4
301958,10359,26
109793,296194,98
136531,678842,47
313124,676199,77
877292,655694,80
250228,591121,16
977002,486192,67
430209,531175,23
471716,133042,10
41837,161437,22
279457,847490,18
779934,351890,12
223913,306152,4
499712,666297,89
460131,429919,37
652146,630747,45
974738,421745,94
270729,152068,48
810341,405655,93
858824,260347,8
659526,658617,74
390842,895279,58
965477,784319,55
64369,856170,73
654323,218280,51
638217,520501,30
65709,374082,36
205302,517220,84
918035,424475,76
152224,438185,52
585705,946647,9
297843,849297,18
146692,467539,52
943533,961072,0
748604,789923,50
252586,226657,4
426687,344493,87
895017,552102,65
178670,911525,69
1627,348707,36
724558,661643,74
239147,350197,2
768439,165283,3
911430,418744,76
831055,548144,65
672461,65380,11
854762,994810,7
776296,213350,79
780540,535883,53
586894,931210,9
856026,239074,79
130708,813366,28
255189,965174,44
693344,48560,11
150135,330008,78
458016,877102,71
468099,356033,91
855049,823421,50
250833,762169,38
776482,340047,12
179205,906942,69
983798,704694,66
802638,939609,7
16014,161869,22
544660,113148,39
689317,352054,21
984868,680902,66
922855,425236,76
955076,975835,0
863676,810105,50
443603,642803,72
599618,782140,82
441281,616519,72
840588,775751,50
54643,393956,36
230453,232462,4
997603,714695,66
888529,521034,65
25289,44722,97
644519,436345,30
654821,587228,45
546599,692868,89
35328,765762,73
175141,595542,84
289130,412239,2
502562,564201,81
536599,627309,89
189077,819114,28
865331,624967,92
821899,668647,80
957923,814533,55
856777,853233,50
292285,447019,33
63966,92841,97
380868,255788,99
36412,991412,46
667741,733999,74
325196,583595,77
488764,667166,72
67141,453105,59
335806,898567,58
222368,343760,2
589718,397795,57
753452,271553,42
218,666513,6
86064,492552,59
331103,860917,18
437529,555893,23
900287,138799,64
797276,820266,50
220819,307277,4
411484,813708,1
5974,405751,36
461672,330896,91
385117,664285,77
653832,955598,31
749923,957199,31
647581,895951,15
263295,210696,4
172066,923309,69
62027,503377,59
270310,113454,48
826725,781561,50
697279,176449,3
591138,271203,96
123186,389876,61
648284,724937,74
27815,496005,59
365009,710649,77
888142,6528,90
732732,42238,27
906359,176035,64
626265,636628,45
812437,629874,92
297298,690003,77
894775,491711,76
190341,69922,19
185334,911032,69
728059,491349,53
114253,261181,25
681789,835962,95
22854,118492,22
508964,170729,10
444857,724577,68
966472,504457,67
421891,732427,68
916412,152779,64
759500,932912,7
463855,26065,63
87796,603038,60
264076,325429,2
490573,73370,63
133243,423548,61
587391,294335,96
900293,241081,8
864629,826222,50
319393,42303,26
989090,639798,66
88958,130479,22
963129,319547,94
637683,550394,45
476744,645707,72
401749,208499,99
255176,755091,20
824497,334896,12
604644,259054,96
936577,58469,43
702505,2611,27
893644,477155,76
557158,159383,39
757319,269378,42
436915,244025,29
341386,678381,77
556456,363597,57
976096,261845,14
837832,455306,65
340140,738492,85
838163,10166,62
863728,683183,80
273097,950126,44
773734,164077,3
652271,725725,74
272943,365600,2
655343,351713,54
243255,402613,2
723965,680854,74
123297,261724,25
804150,361057,93
297167,501711,33
271521,465598,33
320205,686505,77
102040,1116,17
758899,819795,50
307084,162805,41
267077,770362,38
487890,978026,56
686407,447194,30
993502,791547,55
542651,338569,91
337652,918201,58
220304,659358,20
838643,89632,32
452402,525893,23
691637,347229,21
881189,156135,64
175218,898030,69
202446,516774,84
433467,286153,29
381265,933473,58
891852,364863,40
261152,191209,48
652788,414443,54
552273,60222,35
152052,547179,84
447529,629865,72
149661,361168,78
155977,515622,84
69174,623831,60
735693,807013,95
480659,444560,37
731063,990739,31
351500,667669,77
522571,854045,71
946983,952144,0
692021,812608,95
511050,224011,10
966500,978391,0
824190,168318,79
933801,405607,94
51988,766692,73
795650,499217,53
350803,954842,58
41902,262928,98
39298,496141,59
658151,545651,45
758756,412482,93
598829,521751,30
72999,895807,46
831767,524524,65
688145,665722,74
805639,387532,93
260766,707758,20
302174,653878,77
737836,820310,95
953547,269616,14
448563,15009,63
273042,21652,26
919776,682284,66
152520,417282,61
268832,274600,4
218522,701903,20
886238,17152,90
282081,937983,44
695537,894112,31
351414,225027,99
30544,369400,36
509515,434505,37
726246,31457,27
698925,838227,95
90299,656945,60
284910,495104,33
222096,768958,38
885650,129575,64
781288,108898,32
254319,347684,2
541060,609374,89
749789,707047,74
349649,565372,23
222516,835035,38
435364,172746,83
346145,673032,77
650491,814657,95
945008,765865,55
904353,475219,76
18253,782937,73
825366,939543,7
903418,749907,80
692057,410394,21
498846,114126,10
122227,272752,25
145801,483149,52
299740,744382,85
830073,38872,62
337565,463319,33
3177,407989,36
72370,324033,98
34459,166962,22
135095,541866,84
145298,37440,17
268732,595015,16
419959,266128,29
816027,971400,7
326940,881076,18
254108,809641,38
647788,378185,54
160600,220332,25
127164,246854,25
886556,346737,40
621975,539081,45
345074,661911,77
740201,573687,49
967708,277254,14
808407,912229,7
848464,150921,64
545608,35536,35
268556,622215,16
580360,118124,39
315317,532872,33
993768,265875,14
564594,145663,39
159422,415063,52
968169,19403,43
118412,165552,22
446318,280092,29
512132,404636,37
722206,119429,3
246048,329758,2
247805,860895,18
73814,600265,60
654149,291218,96
505451,130000,10
916369,427290,76
469615,830755,71
513926,568692,81
9142,661204,6
862551,907201,7
328505,197791,99
274385,597895,16
821890,507690,65
751772,35476,27
258163,962228,44
177659,927442,69
532199,682958,89
486770,152062,10
719304,358104,21
657716,242012,51
511020,725362,75
167867,340893,78
389685,436554,5
168204,4930,17
865417,75490,90
772478,47852,27
256073,828780,38
314452,8313,26
721180,884284,31
175914,600878,84
972434,711106,66
562233,463928,57
242174,218545,4
91632,73475,97
895381,682700,80
148105,206138,25
574866,777720,82
148148,932684,70
622352,886595,15
15845,313634,98
260497,179452,48
64106,436877,61
606106,827812,82
44174,442853,59
38842,831778,73
702222,253625,42
684563,456885,30
867658,729092,80
855769,925571,7
78773,940038,46
234979,302275,4
337800,408333,5
861433,115931,64
468418,707094,68
134634,805523,28
436332,443267,5
989277,779134,55
921152,804133,55
79997,512120,59
203381,227984,25
728568,57905,27
220248,712328,20
108589,67620,17
493188,26330,63
535295,713444,75
856125,894547,7
661345,229144,51
224344,555068,16
35232,161004,22
9371,502253,59
372830,154043,41
16201,300869,98
720729,295774,42
84228,635636,60
135320,335573,78
983496,627689,86
581780,989074,9
382185,391124,87
625693,35387,35
753161,377106,21
29806,965724,46
925212,50386,90
854117,145873,64
699758,848907,95
591717,993080,9
705928,543080,49
548909,523414,81
34276,83044,97
721979,309497,42
730015,369676,21
153033,40352,17
209195,951779,44
557925,45782,35
460857,634163,72
390532,680045,77
524206,332584,91
751909,350477,21
478207,238507,29
593432,812433,82
564719,245211,13
275696,632427,16
204459,355115,78
423492,636566,72
768454,409700,93
836554,972956,7
474675,868969,71
767850,268745,42
799870,421564,93
235436,983230,44
153839,583642,84
273905,538073,33
393064,234339,99
545063,884139,15
738266,52157,27
605151,789116,82
681866,121999,34
443740,940641,56
357292,15947,26
37314,142958,22
695613,169161,3
93245,177303,22
934087,209417,88
683274,802244,95
329324,964006,58
61453,846185,73
847387,38238,62
669441,304301,96
388493,413164,5
51053,57149,97
518097,671399,89
204299,655409,47
463472,580675,72
405447,351155,87
865230,932593,7
90591,573776,60
453396,227115,29
122325,925423,70
585910,392221,57
72148,603604,60
784572,309345,12
163232,447450,52
297934,391186,2
669410,783276,95
523323,500049,81
335821,143853,41
748186,770163,50
143503,855783,69
153310,696870,47
299309,495168,33
296116,831163,18
359620,145829,41
962045,96997,43
234047,631645,16
66130,450176,59
123385,735202,28
555062,930672,9
816155,122266,32
936490,602538,86
859314,500129,65
668252,320747,21
798684,496473,53
232905,438296,52
452176,736052,68
833106,26009,62
141307,949091,70
378831,13075,26
751950,25212,27
745536,240149,42
197255,274272,25
693050,102709,34
239531,813463,38
883097,219721,79
867177,651950,92
333819,497642,33
879322,774805,80
158403,282467,25
437674,987061,56
535721,864875,15
956956,569361,86
264541,152769,48
589402,90625,39
137783,724098,47
924659,744082,66
796387,879672,7
662489,457969,30
99091,428118,61
386559,904085,58
965117,737080,66
103915,513843,59
163639,293112,25
348921,321667,87
270602,23702,19
371931,49495,26
872748,275667,8
146722,969327,70
488819,596305,72
101812,161350,22
820818,492225,65
838009,433553,93
730040,787800,95
559365,254691,13
592493,41438,35
452454,404403,37
808356,44645,62
358498,278535,99
343883,656200,77
766914,538329,49
711036,394351,21
869030,793574,50
611259,433397,30
107854,709571,47
774190,821240,50
593434,860854,15
389015,175340,83
944062,863325,55
904945,420155,76
559495,443429,57
713401,137053,3
465648,155552,10
372323,636105,77
22946,669984,6
428548,614195,72
788360,968954,7
216611,582131,16
884498,772624,80
501411,221118,10
341683,672160,77
4474,207135,22
324423,585788,77
344812,260619,99
228897,75460,19
268969,564252,16
387670,572543,23
734233,269060,42
105796,122725,22
641645,133418,34
366279,58809,26
406691,267197,29
787883,956607,7
696008,810665,95
849490,387349,40
187938,683689,47
762548,145832,3
1247,969778,46
61106,10156,97
697222,216741,51
769867,168569,3
150759,807388,28
778061,878874,7
241909,774239,38
648644,768397,82
455517,880961,71
327679,309241,87
420151,482812,5
636180,292454,96
283061,412256,2
793444,429173,93
119609,276762,25
548990,875193,15
372582,989898,58
231415,399510,2
579637,962833,9
345796,794865,85
300875,814105,18
673124,211328,51
790360,581230,92
737625,272812,42
162626,267198,25
810016,945471,7
547859,873238,15
515237,603928,89
230113,513108,33
812783,457341,53
545122,879278,15
31104,780084,73
886726,208887,64
780325,939040,7
450219,837236,71
428397,72104,63
867855,48646,90
608610,922980,15
532228,163787,10
773860,276242,42
807459,978869,7
853246,522099,65
922630,658647,66
895314,558027,92
773335,454523,53
174958,527402,84
56195,480200,59
725944,955187,31
842620,914593,7
569582,966320,9
948107,839537,55
99223,647872,60
791721,463593,53
608784,844791,15
403138,543117,23
168961,736218,28
621532,98395,34
739130,569993,49
886779,105735,90
90082,19726,17
544786,233272,13
618436,55810,35
12355,661680,6
871635,576546,92
12552,975694,46
495722,605387,72
741714,238,27
11499,271766,98
575154,628918,89
240742,158462,48
282576,257007,4
524368,60129,35
591842,94499,39
259734,350116,2
402581,190496,83
670601,797720,95
292782,790946,85
446040,594992,72
46015,390610,36
993732,668097,66
708336,11153,27
462346,653469,72
865517,751617,80
431338,506075,23
602926,391413,57
489633,271500,29
104404,719744,47
745281,939802,31
260342,573491,16
663712,21535,11
954379,255236,14
765984,902903,7
96337,148934,22
139275,799879,28
576323,263659,13
322871,501548,33
522994,972856,9
798314,263975,12
641468,162387,34
254220,677608,20
560911,234065,13
939487,973489,0
429920,667674,72
601719,95697,39
383606,280928,99
567093,146859,39
273254,582893,16
691052,527648,49
180700,26089,17
486346,33361,63
709503,624747,49
129371,350974,78
833279,930390,7
77562,595368,60
360088,413,26
943914,376378,94
799696,494948,53
600324,662232,89
147557,4582,17
18892,533151,59
684244,98451,34
679476,966777,31
621846,377735,54
606424,184923,24
2469,507869,59
760893,341951,12
170468,58201,17
188936,450198,52
481465,983623,56
765368,550158,49
515568,161918,10
368816,699929,77
707770,504196,53
38803,178018,22
956165,274246,14
263093,811242,38
549946,951166,9
249375,258902,4
377096,861000,1
827171,274018,8
425691,597573,72
415183,994431,56
415829,847539,1
602008,949619,9
251351,457359,33
837562,920270,7
979574,700914,66
267319,837844,18
649455,398050,54
39719,571985,60
367024,584263,23
718978,870128,95
256065,700404,20
700113,814213,95
483066,903289,71
588381,928039,9
554483,212161,24
794661,879351,7
255422,893973,18
5303,142275,22
223110,819353,38
874756,39219,90
161644,755281,28
15347,948811,46
672529,211090,51
803106,813531,50
27758,542002,59
434785,444295,5
271661,811357,38
483756,491700,37
12831,661349,6
301021,267390,4
34347,278044,98
95313,930538,70
560008,66389,35
812235,235757,79
383949,40690,26
881513,594492,92
627292,901896,15
171516,683638,47
917026,460890,76
180264,702775,47
552612,754461,75
232109,67054,19
982663,621556,86
503817,659632,89
436894,880913,71
514167,613852,89
24935,94850,97
145688,579831,84
230428,819261,38
328540,776104,85
996164,541967,86
856088,277164,8
302927,303302,4
608687,211545,24
439819,46454,63
766181,205278,79
123733,592661,60
855691,599541,92
499790,974694,56
684477,16473,11
863901,591963,92
133589,246594,25
516366,566603,81
899298,515966,65
849073,384979,40
355820,267841,99
609764,307010,96
932852,445981,76
615953,326408,96
942830,155479,88
150533,8922,17
964888,880589,55
69581,457699,59
559233,40274,35
896103,804760,55
608177,643948,45
839299,99800,32
338913,115578,41
531827,427889,37
540352,710404,75
774367,798947,50
907227,773395,55
463358,658925,72
564644,975500,9
242637,2980,19
100307,862353,73
579898,353254,57
151113,757299,28
934581,513414,67
959552,206042,88
961499,920383,0
889004,501238,65
320196,545130,33
3435,746576,6
702916,912419,31
28342,348857,36
254831,960087,44
195418,396498,52
949062,889182,55
482897,60572,63
38358,696095,6
277616,897886,18
782126,192715,79
976367,815555,55
47561,367183,36
250198,93442,19
489054,543753,81
868320,862548,55
857057,565897,92
34491,702990,6
158204,950383,70
92834,265531,98
783404,680779,80
864418,276963,8
932470,28687,43
154262,697631,47
97959,397025,61
814029,399500,93
409374,358252,87
152011,861245,69
949625,357007,94
217499,509412,84
697051,337279,21
649929,369638,54
511522,150934,10
752145,317765,42
693008,399197,21
307755,451051,33
822738,772750,50
625918,811399,82
184419,543721,84
334906,773060,85
820718,807505,50
750658,320686,42
785342,246740,79
966998,336515,94
815811,338525,12
590288,980198,9
201272,782310,28
296841,20052,26
20866,697485,6
639954,718517,74
117304,528517,84
801422,503480,53
990531,856212,55
365333,163257,41
870528,967686,7
903693,378242,40
114596,19018,17
637913,404685,54
548960,376755,57
125468,753744,28
180463,52461,17
725937,832360,95
488572,444666,37
514411,717296,75
602637,521330,30
996356,770079,55
721412,781988,95
888241,674649,80
828435,516216,65
54127,717784,6
806198,773172,50
717055,545110,49
675831,706302,74
819734,276546,12
924551,936277,0
14241,361904,36
527166,86567,35
935600,639263,66
104474,906597,70
187777,975702,70
635548,659510,74
386401,243495,99
430963,196589,83
74268,225950,98
550329,381741,57
930692,149910,64
551242,725455,75
737414,718154,74
14629,885911,46
506598,393911,37
475021,678999,72
949483,969361,0
63705,704533,6
90754,306791,98
238242,139257,48
500294,441330,37
447531,654471,72
704467,984301,31
151992,535817,84
476856,532104,81
86363,514913,59
155124,175092,25
776137,545787,49
46215,751050,6
899979,947709,0
150080,410950,61
844016,388512,40
724458,966576,31
258840,327095,2
488267,305935,91
855019,307585,8
595217,815383,82
146287,651429,47
579234,196287,24
10309,278585,98
193866,317682,78
282931,235907,4
896855,456782,76
149574,896150,69
597415,755360,82
350980,924660,58
765605,525304,53
794308,950352,7
567872,236853,13
800813,264530,12
969201,370581,94
367793,498939,23
668545,236943,51
312609,24453,26
982474,440615,67
416742,188084,83
135925,497706,84
961435,847083,55
928276,542958,86
499754,378958,91
159582,94952,17
874509,882619,7
179285,257453,25
12982,203487,22
10752,721330,6
394248,133799,83
761338,821643,50
360747,87044,41
954615,230061,14
651675,711518,74
490738,842402,71
254990,631384,16
673267,605070,45
412090,2655,63
632375,328978,96
143520,145335,22
656858,826975,95
978240,284650,14
129133,340829,78
317550,74956,26
795116,523358,53
81564,856555,73
130503,370288,78
441438,248965,29
364857,159503,41
778416,850863,50
466530,971393,56
218310,136577,48
452236,745810,68
838533,224679,79
181327,578062,84
493051,709459,75
877720,847493,55
822971,678187,80
297579,423227,2
186750,722863,20
158476,506997,84
103082,506982,59
852662,692375,80
749167,264103,42
795872,227019,79
509287,592673,81
62189,224082,98
146216,458424,52
748036,254604,42
136100,437518,61
369257,118654,41
218680,367580,2
919956,701102,66
434314,524580,23
632318,384484,54
31709,939447,46
300288,943997,44
764675,893321,7
56236,171276,22
644175,660743,74
107918,794424,73
884694,52976,90
381471,391468,87
416627,264816,29
776791,534620,53
360716,560627,23
459909,704880,68
926502,721595,66
857947,527426,65
456404,796534,71
359700,488333,5
428072,611545,72
243076,392482,2
449116,295463,29
861457,523474,65
35660,343037,36
422954,593877,72
298042,197567,99
511678,780876,75
184322,907815,69
648739,370588,54
476892,135705,10
806736,819782,50
87898,315510,98
784424,814768,50
808639,807053,50
154885,161933,48
618360,782304,82
183469,563653,84
322168,691674,77
973753,875743,55
628993,494229,30
513687,542189,81
579436,590646,45
1329,351664,36
425282,730685,68
633715,862316,15
955479,742365,66
936087,815174,55
633311,73692,34
551892,663472,89
977056,382373,94
559254,385409,57
581022,243863,13
620345,146350,39
720456,720330,74
594062,407779,57
553845,486004,81
282944,451203,33
369869,403591,5
156053,790084,28
945671,905708,0
240476,689488,20
232479,283954,4
419288,976058,56
612061,912972,15
323431,912937,58
738606,751718,95
130905,120610,22
99089,395412,61
690142,229444,51
266216,302794,4
73476,914392,46
187987,513432,84
267309,666485,20
629584,419521,54
895081,633322,92
255640,542391,16
976002,675323,66
155109,922417,69
78647,827960,73
526706,360790,91
802648,112274,32
2696,326488,36
283871,23940,26
366885,250377,99
98251,318207,98
117525,248070,25
319077,733301,85
593578,280697,96
689268,540515,49
437002,698227,68
114725,192087,22
420168,778446,68
344590,527895,23
333144,161882,41
757749,492506,53
555424,19196,35
638441,282668,96
806620,874882,7
158318,859313,69
474740,959667,56
137082,937656,70
199555,929304,69
825561,215035,79
98511,689352,47
945270,154596,88
297508,226904,4
583530,404522,57
816610,772620,50
439778,361037,91
949771,802371,55
462480,903543,56
848070,526143,65
885616,554063,65
150036,671530,47
416868,308881,87
377294,183520,83
432834,645844,72
707546,740104,74
939596,798308,55
175216,871413,69
842428,703073,80
564368,344779,57
701073,934733,31
72950,77787,97
370613,900643,58
117706,301301,98
972525,237201,14
641695,968124,31
265998,633237,16
819211,491369,65
441982,406060,37
654656,810236,95
650921,34420,11
502268,630748,89
981852,989594,0
115967,65038,17
95760,439556,61
622380,348375,54
139959,294460,25
994231,44761,43
312977,210368,99
660995,353646,54
729113,215931,3
163043,280095,25
560459,650478,89
585070,283993,96
83739,402733,61
748310,850522,95
729120,328897,21
779478,687315,80
716464,612782,49
41966,325984,98
817062,367055,93
105570,319508,98
985034,482703,67
793321,352556,12
409054,982992,56
157585,547487,84
617918,359611,54
982900,608371,86
905399,55600,90
483297,773789,75
75356,517709,59
142626,118354,17
184423,606121,16
85691,214293,22
638219,560689,45
512251,407412,37
373729,276984,99
273457,998579,44
122545,625229,60
233725,229815,4
500913,856350,71
674480,993035,31
954025,313159,14
278790,629290,16
487476,17135,63
4565,739554,6
686417,619084,49
957943,151239,88
875498,505404,65
338261,159107,41
126081,46319,17
498717,945760,56
394182,17790,63
998900,525119,67
686535,610058,49
250482,855968,18
258509,761231,38
22548,980160,46
557999,296889,13
828594,189759,79
283321,785083,38
901814,790843,55
707819,315321,42
615167,113610,39
455838,270732,29
193164,515266,84
89202,230667,98
821111,414213,93
689897,109471,34
880706,37874,90
553728,519739,81
255202,192476,48
945325,93932,43
725917,488884,53
689664,193891,51
736071,161548,3
140826,874258,69
660527,488716,30
854288,26314,62
261920,98504,19
562220,245439,13
101742,984765,70
955899,810508,55
211777,338149,78
281804,288377,4
753290,550223,49
601289,873116,15
472743,398130,37
375548,836279,1
350232,364730,87
29361,480928,59
972295,366873,94
48551,1771,97
768158,447923,53
246552,799580,38
546738,30260,35
584984,828868,15
788940,727599,80
763882,569139,49
523443,511583,81
178129,823764,28
5093,605523,60
33573,263042,98
962840,459098,67
67424,199124,22
692065,544420,49
83468,855268,73
505736,911692,56
821867,122202,32
858017,695332,80
445916,511949,23
342937,744871,85
50570,938489,46
188180,757236,28
865898,159981,64
808412,989178,7
127998,262449,25
993705,203015,88
75276,164882,22
178256,960386,70
215869,125298,48
895538,317158,8
477585,780458,75
171723,155807,48
656736,762081,82
311292,887653,18
795626,98444,32
563748,917503,9
485947,318235,91
577285,435434,57
353729,135301,41
4940,38098,97
325248,448307,33
704363,232399,51
944267,306864,14
479426,717079,75
948340,765752,55
3712,391831,36
510152,139749,10
768994,482184,53
71325,774551,73
880603,305922,8
635826,328753,96
356958,401138,5
934269,261498,14
668,232162,98
955871,334649,94
451182,23349,63
436483,974807,56
596843,143468,39
268774,293049,4
275284,704814,20
821293,481305,65
296768,790396,85
198206,256078,25
907177,928476,0
906825,19552,90
613702,490084,30
846799,160303,64
223203,380972,2
4238,235973,98
998417,400464,94
598673,902218,15
586080,260836,13
880712,133559,64
734726,550408,49
711715,804720,95
940338,261410,14
525945,566742,81
245010,890290,18
120636,543869,84
819450,496208,65
775091,961085,7
972313,666060,66
475116,282028,29
45402,73875,97
618326,221168,24
187134,173262,48
25010,346286,36
38012,870850,73
386523,300523,87
902434,210237,64
464392,37261,63
250149,259355,4
980821,662146,66
689160,726988,74
500733,832968,71
706156,367834,21
197512,599976,16
812397,964734,7
295297,60486,26
596013,202505,24
505973,889124,71
509641,547389,81
982911,800290,55
475040,9311,63
501832,291985,91
392523,145788,83
263213,824818,38
723617,844065,95
213967,146511,48
415514,546904,23
820392,332608,12
148652,395572,78
378805,589644,23
162998,510465,84
397449,934304,58
848397,19401,62
75273,129264,22
549782,200565,24
899119,501601,65
412281,217109,29
964259,302515,14
384354,837852,1
792826,38791,62
973617,583752,86
130046,697597,47
529302,992877,9
286924,339565,2
74671,2733,97
937242,229782,14
952073,505880,67
340050,235234,99
585967,362300,57
180989,883290,69
468424,808422,71
154377,627630,47
579590,180689,24
853862,865781,7
182641,654700,47
548920,713517,75
87150,736320,6
333683,225694,99
248651,83404,19
777006,150050,32
899638,217241,64
181602,194039,25
217422,217279,25
808228,898584,7
513149,498741,81
349859,84797,41
187391,481162,52
895888,206203,64
664727,72408,11
967290,256805,14
123998,48087,17
213876,619782,16
681492,838677,95
645907,763770,82
685379,167063,3
844162,843276,50
946322,842699,55
248668,369411,2
693936,990944,31
810059,663165,80
826107,392494,93
649635,425133,54
225417,598504,16
65050,296349,98
753066,786788,50
551256,964254,9
218405,747744,20
347455,679858,77
389291,819241,1
995262,370934,94
299124,384750,2
496050,119173,10
954990,528199,67
450541,249264,29
387351,219666,99
937882,986524,0
513466,839628,71
630319,779980,82
127718,564851,84
461741,487289,37
882542,884272,7
962724,511529,67
283458,81512,19
982686,15692,43
746828,943657,31
57537,38989,97
298791,780725,85
652077,461848,30
279927,744454,85
38926,234091,98
380026,104045,41
697901,624950,49
536745,89336,35
478008,896976,71
482482,75279,63
221694,11060,19
899420,557177,86
482675,320272,91
814027,356565,93
793068,107455,32
997388,100180,43
739529,270242,42
965662,889330,55
971823,444881,67
131712,693749,47
848923,860404,7
816885,392244,93
460759,980937,56
611240,122995,39
187638,646888,47
251308,739837,20
453145,24331,63
935479,600588,86
89116,787429,73
332212,503563,33
395020,101521,41
274033,681332,20
147885,507427,84
342340,724872,85
930402,267352,14
386731,789151,1
266112,549422,16
136647,631639,47
964332,538166,86
964959,72936,43
851605,928536,7
906832,128894,64
328140,52040,26
647792,451377,30
301995,641305,77
423197,686058,68
592866,307988,96
364807,319069,87
593037,173339,24
322113,761604,85
286086,250464,4
564616,501269,81
841902,854087,50
654213,364370,54
966962,731779,66
22459,470884,59
153244,588531,84
443903,691860,68
99034,466069,61
235489,875460,18
856301,857188,7
764895,601439,49
397183,461721,5
159380,712294,47
532482,439497,37
629816,331469,96
6182,908779,46
854880,983874,7
973615,550380,86
252918,796504,38
845140,273376,8
644953,741321,82
395518,482858,5
406733,976923,56
160663,269645,25
924571,274822,14
944343,581326,86
355923,998955,58
453123,648227,72
755532,231224,42
198377,125068,48
29554,727486,6
872186,833442,55
672226,105496,34
74709,636755,60
944997,572538,86
657911,512550,30
442694,366638,91
95546,843433,73
587182,770090,82
908141,142076,64
875623,608146,92
121952,663443,47
491625,751064,75
139145,610977,47
693121,300331,42
678024,562287,49
360884,393459,87
877706,607302,92
928253,150849,64
325031,796711,85
329322,923591,58
800315,900302,7
378106,828224,1
964203,365902,94
731095,526524,49
296938,652421,77
251952,566351,16
673920,579525,45
91674,765255,73
652013,392734,54
691916,35020,11
596305,98392,39
679337,621292,45
62118,18727,97
748388,171543,3
123919,706836,47
793895,2085,62
56483,320598,98
296391,445621,33
565661,66217,35
914427,791244,55
446143,325544,91
418654,328243,87
793603,94099,32
525698,422601,37
670810,316135,21
289282,963987,44
740697,901476,31
118862,721231,47
736983,481008,53
311942,821608,18
767156,603502,49
68954,910806,46
920554,752031,66
391821,347951,87
19090,848691,73
958200,470330,67
845414,880932,7
834665,217815,79
818484,276402,12
496827,177470,10
754507,8282,27
195655,384886,78
789740,161820,32
717977,39662,27
610344,55919,35
847114,459968,65
694133,302923,42
234321,234622,4
306235,897556,18
236024,859912,18
554031,610119,89
274140,472506,33
412230,363886,87
846133,965895,7
805621,86397,32
81292,281776,98
821048,368884,93
845224,684612,80
275836,981809,44
270006,5574,26
689294,968030,31
688679,638952,74
878181,602431,92
65722,590606,60
329749,94063,41
932585,962865,0
877073,974537,0
56962,361010,36
511502,817773,71
320042,954805,58
415542,30667,63
434152,808783,71
230606,804050,38
684031,511462,30
148877,179903,25
634733,964717,31
13187,649375,6
46569,699849,6
378133,286293,99
739405,189805,3
64667,860162,73
759155,126764,32
524966,105688,39
314426,572619,16
12514,335998,36
123070,448772,61
514531,737321,75
163445,33015,17
888656,657891,80
182199,232656,25
265988,473477,33
738342,319927,42
16839,28442,97
40785,488486,59
985455,556887,86
616183,202840,24
135449,493984,84
395475,752681,68
325713,267179,99
479305,684696,72
689364,153263,3
902853,264551,8
312810,405632,2
463858,74331,63
281336,421060,2
759439,900982,7
811875,197518,79
691952,644483,74
838481,351647,40
141060,804371,28
70835,524125,59
980485,20554,43
463804,164116,10
305037,766483,85
290446,538504,33
639546,861608,15
46515,793188,73
119990,676533,47
497572,703653,75
299808,882508,18
318300,676037,77
157050,540517,84
485971,730168,75
937226,965963,0
944773,806075,55
702753,184428,3
690755,535332,49
330248,480746,33
905595,336892,40
147891,616778,47
188316,42434,19
190045,91193,19
684482,96529,34
363936,678804,77
665789,922666,31
249883,785982,38
6487,38901,97
822706,227730,79
465889,212366,29
247882,166075,48
236129,633031,16
360700,285099,99
672078,619512,45
148607,651002,47
399793,321712,87
24047,166567,22
496299,297695,91
374693,476535,5
131925,275620,25
353809,481397,5
846812,375489,40
854688,749306,80
589615,671165,89
281245,892186,18
984063,156896,88
967254,650457,66
233862,525750,33
294905,478063,33
818531,57035,62
601967,274727,96
353266,343610,87
60736,803086,73
472059,902524,71
726189,70879,27
276959,863402,18
207707,937294,44
110217,427088,61
82206,645291,60
418374,618593,72
693445,746177,74
11761,680446,6
258131,418569,2
905206,803736,55
400785,6811,63
486892,197797,10
381747,33272,26
215700,270200,4
252735,717594,20
616209,628414,45
765755,44589,27
413698,36750,63
669388,412275,54
106014,785356,73
484967,845731,71
206917,667176,20
240464,488961,33
971271,164388,88
885608,413901,76
439789,535815,23
451655,980427,56
37226,661488,6
644619,126512,34
292473,601398,16
711789,39925,27
23289,426991,36
441666,88754,63
697551,753889,95
623441,178417,24
660444,95090,34
183429,897801,69
350229,302072,87
937829,104719,43
19339,32371,97
61305,362573,36
777235,898,27
95227,481947,59
99263,321699,98
800667,815018,50
9192,505630,59
132203,943439,70
384489,118871,41
875794,476761,76
930516,193398,88
441779,992127,56
687628,968247,31
335525,170555,41
534559,345753,91
82571,783700,73
662522,7318,11
999516,876893,55
956619,902013,0
148324,892781,69
976122,687161,66
127391,70936,17
222909,441242,52
956185,602789,86
87901,367062,61
223834,987025,44
937058,144846,88
439045,44820,63
300250,307729,4
5574,691837,6
717811,260409,42
700245,27534,11
764167,355222,12
221639,101081,19
869255,570760,92
773186,940810,7
210473,431993,52
513573,635052,89
319684,930129,58
678532,98484,34
231799,851561,38
200644,234845,25
55903,572620,60
35125,348668,36
66846,489003,59
679080,310410,21
75342,273182,98
375973,985667,58
119701,826555,73
924873,352304,94
189005,623785,16
967410,268502,14
728600,595710,49
102436,643253,60
169705,233873,25
711595,791222,95
82044,924564,46
147855,6806,17
396184,674832,77
916063,278243,14
443418,533230,23
5633,675526,6
570865,537750,81
976676,8837,43
525337,345989,91
49038,187034,22
484653,563378,81
697575,144198,3
544473,971440,9
1173,729987,6
897010,59856,90
12524,493128,59
7243,736825,6
833230,105147,32
207029,547775,84
455577,891831,71
11471,803866,73
588490,764731,82
842605,669174,80
807621,694627,80
597270,324506,96
977058,422797,94
951929,86898,43
508953,986645,56
544542,131793,39
56719,286266,98
282869,196009,4
339407,422017,5
847895,580548,92
271368,890159,18
917185,131920,64
185828,220766,25
421535,753848,68
936974,735943,66
6424,974719,46
103501,549650,84
972851,720026,66
491481,321430,91
285118,983544,44
428867,973615,56
550302,937540,9
240450,258639,4
945704,455362,67
270875,606871,16
689894,59804,11
141903,966499,70
959991,578850,86
740206,647341,74
869832,278941,8
164799,784701,28
473367,887805,71
341458,894012,58
663399,760267,82
807837,332996,12
673449,660320,74
2287,452728,59
12225,470352,59
211719,375568,2
186165,878589,69
456264,442159,37
373044,761679,85
543486,374583,57
626890,148764,34
291799,274881,4
936343,127511,64
86116,361827,36
233232,944053,44
707682,12952,27
697113,384322,21
301378,272062,4
560771,883024,15
987929,134701,88
930290,389555,94
262146,892986,18
422659,640615,72
821153,122781,32
595084,592921,45
229050,652480,16
242622,751112,20
951209,971874,0
301352,838020,18
606578,767460,82
710263,396481,21
672775,342185,21
103813,793615,73
289343,998899,44
508574,615651,89
260407,664103,20
586028,378789,57
308913,902537,18
947558,617217,86
573498,782384,82
529017,197879,10
767187,115605,32
981045,433853,67
774636,310676,12
548260,618324,89
174109,250414,25
718460,161766,3
816887,436424,93
991573,372980,94
691235,594050,49
212245,213746,25
442635,368048,91
794543,893558,7
40899,399967,36
248680,578359,16
489804,141836,10
851281,482870,65
598464,389657,57
979846,280576,14
656353,336969,54
443351,409160,37
759273,105520,32
487017,310510,91
744581,178788,3
901512,720405,80
847165,317652,8
788798,334577,12
243628,663403,20
824505,470003,65
341481,273732,99
613804,219289,24
594938,133821,39
135251,171009,22
160620,555747,84
442150,224147,29
255259,152231,48
555823,730198,75
450245,267976,29
873643,322222,8
595166,959092,9
465348,117523,83
209650,600075,16
466774,80081,63
926329,818623,55
598494,890107,15
32171,707299,6
580389,605198,45
569562,630099,89
84728,34895,97
489555,967353,56
305076,426880,2
580548,271196,13
996328,293868,14
41617,464949,59
403664,386554,87
818825,992453,7
172700,569378,84
547558,822263,15
789063,796695,50
66622,726194,6
152070,849973,69
513015,244175,13
864615,592816,92
467937,624779,72
666205,922476,31
69144,118889,22
180678,662836,47
291448,367937,2
922280,766190,55
357697,822157,1
6310,67010,97
241490,729943,20
168594,574838,84
313976,8049,26
294922,767435,85
296710,808218,38
731945,810564,95
150221,771250,28
404778,108395,83
807193,508337,65
627130,183586,24
546174,553896,81
342655,14621,26
742954,837359,95
507096,771711,75
152641,440986,52
652402,920787,31
676384,990317,31
257843,578790,16
726245,6123,27
911105,943799,0
439822,89398,63
514024,211681,10
737007,886492,31
284746,733351,85
430491,274072,29
344397,292372,99
901535,98817,90
830760,590586,92
981327,163273,88
139246,317642,78
612431,130521,39
677692,982680,31
914810,224739,14
191054,57337,19
669299,914879,31
375622,85876,41
331176,88498,41
402675,761890,68
90780,745521,6
983570,862409,55
509389,307125,91
861598,881567,7
502765,982219,56
166353,895276,69
919842,787477,55
129735,467251,61
88562,467264,59
321060,60337,26
88366,179806,22
4688,800354,73
559102,834498,15
417430,756358,68
113646,58523,17
601183,92210,39
785975,895854,7
620728,585871,45
749465,268221,42
5308,225187,98
734438,702136,74
814254,175332,79
815264,145945,32
908158,414934,76
809069,32099,62
500152,60408,63
284697,914564,44
78633,600870,60
826246,716761,80
610420,338114,96
682946,279903,42
345246,559428,23
317817,554097,33
712799,27724,27
973166,5267,43
538267,662772,89
223007,92175,19
194904,767480,28
39980,951958,46
569394,813592,82
54758,325175,98
231980,890556,18
586856,292664,96
819429,156442,32
325094,867233,18
594135,641982,89
799960,934104,7
491448,779008,75
795635,245478,79
764174,474691,53
145975,416324,61
163518,262639,25
185165,76877,19
80376,891628,46
600630,794264,82
210603,616137,16
421799,190343,83
105250,946909,70
713457,74754,11
402659,496020,23
620579,77121,34
179938,226586,25
246870,154468,48
148301,503364,84
50397,33145,97
72777,171504,22
470675,642273,72
684467,851524,95
573478,454193,57
623409,644298,45
732555,54271,27
146526,664917,47
261599,695194,20
136362,842206,69
967962,549590,86
971577,301562,14
368980,458152,5
175832,221082,25
728847,737197,74
85325,67205,97
518665,205662,10
563184,437829,57
603134,882937,15
522293,184653,10
477208,438000,37
474363,625121,72
424425,323952,87
662528,118851,34
544535,8340,35
179649,367914,78
535689,325607,91
477202,340241,91
435851,359042,87
425627,528389,23
643332,484550,30
845357,916935,7
930686,43464,43
505785,737468,75
636969,550957,45
950736,32085,43
267583,283495,4
716943,667243,74
367407,9689,26
848430,572835,92
638424,4018,11
535211,302991,13
379021,214592,99
651870,983152,31
837702,268423,8
393688,721337,68
525050,524852,81
193088,241298,25
499586,551925,81
211286,96074,19
732506,233888,42
960959,848228,55
178820,435067,52
177573,484401,52
331746,662441,77
658146,463294,30
586611,177677,24
223490,212111,48
965481,845310,55
138352,288446,25
914801,73361,90
987156,139195,88
458447,130973,83
267040,148909,48
729823,137417,3
572681,64707,35
539311,213797,24
289808,807464,38
48249,935738,46
963280,856050,55
640207,968501,31
608550,909050,15
417161,227481,29
273319,682334,20
987993,207704,88
892582,634833,92
653883,814002,95
946064,504542,67
852700,339318,40
925811,111247,64
733077,832398,95
113547,394738,61
377415,223581,99
730380,507154,53
744184,512044,53
935900,683194,66
446639,669040,72
566149,272102,13
232993,926723,44
440263,511832,23
373846,231987,99
18322,941247,46
549549,282833,13
581593,833811,15
870593,60638,90
155807,661486,47
605519,963722,9
288283,185339,48
6671,119830,22
988386,818865,55
676822,363046,21
721172,749694,95
120572,456153,61
566116,712924,75
121106,437663,61
805638,358254,93
177901,988248,70
492031,571643,81
611520,826400,82
320641,21762,26
762440,333738,12
136394,380293,78
585510,682307,89
544097,647436,89
469918,916651,56
161711,886872,69
669521,655531,74
519154,427646,37
454980,853456,71
40576,971433,46
876531,859173,55
126649,597855,60
161501,349126,78
774685,137345,32
358671,186086,99
552943,322633,13
501475,296399,91
581471,798587,82
863399,163417,64
564951,139699,39
925992,152410,64
555256,192891,24
923160,555085,86
319079,773505,85
303196,825237,18
774996,365813,93
230342,366421,2
442776,737724,68
937575,828618,55
586493,196878,24
930076,794301,55
827642,186892,79
101007,625394,60
7015,908119,46
758044,447897,53
810591,618629,92
307870,383311,2
318791,926353,58
215639,247411,25
236891,436063,52
923718,941993,0
84489,18919,97
978174,185953,88
328282,443278,33
177430,79099,17
428703,211955,29
337151,509918,33
202999,814642,38
693461,9816,11
993693,1329,43
346475,215729,99
764357,548678,49
637638,785538,82
551784,848779,15
441657,931921,56
811815,178838,79
733447,55746,27
937309,368026,94
413368,477124,5
39287,303941,98
353149,390148,87
228816,714666,20
399131,200066,83
513282,734672,75
643629,480505,30
860880,818753,50
783749,476699,53
883418,621184,92
250117,732327,20
226167,199749,48
189277,181221,48
789126,848512,50
956122,547865,86
977900,570078,86
313902,758327,85
209374,953982,44
584994,2981,35
110113,679202,47
353367,41869,26
708461,113160,3
881485,130904,64
117949,376241,61
489602,749097,75
88583,820093,73
307625,259472,4
953614,392403,94
122726,665742,47
138268,875066,69
242565,797015,38
442532,638256,72
181070,249641,25
730091,652387,74
670359,730239,74
131217,370922,78
92727,470201,59
672493,597894,45
817405,136537,32
789922,228951,79
982536,498614,67
221094,937960,44
295359,103929,41
740080,526481,53
576161,548284,81
24199,723802,6
942423,314301,14
470699,40290,63
170221,915790,69
684587,864818,95
11789,145301,22
76596,352287,36
888442,46569,90
700616,268836,42
335615,687118,77
400994,522667,23
470535,287897,29
697811,124869,34
688892,217231,51
7223,400581,36
575238,33689,35
221411,268954,4
312055,713985,85
946640,192382,88
377602,364976,87
157012,905008,69
486036,822400,71
87864,733518,6
239884,736193,20
208879,636978,16
692912,783138,95
201419,263676,25
615648,198664,24
962492,615641,86
87898,308177,98
533516,812581,71
53466,604152,60
990127,81128,43
522120,281571,13
376225,222206,99
629028,77145,34
579685,782191,82
299912,627256,77
300486,281724,4
948260,406288,94
495298,480550,37
606287,872309,15
901451,691213,80
233411,950968,44
920500,844556,55
453748,155237,83
77643,954746,46
421586,600035,72
802628,783379,50
258687,768428,38
970727,13555,43
826039,247425,79
487390,566048,81
583266,956765,9
365457,245596,99
735206,608946,49
568344,158798,39
928424,38920,43
136536,761497,28
483704,624006,72
681335,210488,51
678195,429313,30
467277,535534,81
721883,696616,74
28021,958062,46
157896,769765,28
443199,856136,71
80478,604578,60
144783,375528,78
506327,848622,71
799952,798449,50
546966,871958,15
12898,790952,73
544597,50359,35
383838,171721,83
131553,21130,17
141188,954533,70
841984,241108,79
307179,761990,85
777942,872662,7
845296,905948,7
273827,214759,4
457694,464041,37
146157,468569,52
243205,560269,16
443365,635632,72
68248,56729,97
445885,996059,56
766556,508848,53
209824,520500,84
55495,717269,6
140356,978797,70
656790,682736,74
759000,519730,53
103895,172417,22
827631,10932,62
736916,350935,21
176099,702320,47
898657,743790,80
895162,997537,0
607491,106103,39
280498,332476,2
930878,269470,14
987444,984461,0
845398,607917,92
270463,681755,20
267282,224092,4
324571,73078,26
237724,432460,52
368673,298415,87
469016,766686,68
704473,83985,11
548799,680805,89
303587,388407,2
969519,722190,66
855023,373413,40
959553,211748,88
852546,756663,80
244950,888554,18
941443,840655,55
895814,953655,0
94037,485433,59
682877,122595,34
457900,933619,56
346859,664399,77
561039,399191,57
210888,407847,52
695666,60068,11
565821,753549,82
913204,235121,14
683291,79087,11
215504,991068,44
892569,421674,76
90685,147447,22
151071,56064,17
280301,32151,26
366382,794337,1
437363,769815,68
289237,222572,4
771413,142489,32
815914,82529,32
76385,803380,73
420719,35193,63
505045,301195,91
197778,70672,19
800807,170958,79
303406,353349,2
746815,733848,74
792513,771512,50
806054,356624,93
794210,289776,12
274597,166406,48
791771,310398,12
865924,585047,92
888762,425437,76
333963,916648,58
105033,290210,98
575778,111276,39
218821,725219,20
757869,515176,53
576005,925480,9
554485,245806,13
275612,226631,4
992340,260326,14
310845,387080,2
662528,114602,34
119516,714650,47
132627,75304,17
640850,780380,82
853661,482292,65
897609,117414,64
382537,314206,87
870676,454882,76
218152,482819,52
750571,848766,95
210450,42584,19
719386,736640,74
723720,563464,49
145257,346560,78
638946,779593,82
620914,705478,74
974895,60859,43
865193,311554,8
304026,780249,85
648127,81291,34
272972,841037,18
312897,863825,18
321470,946751,58
56616,547200,59
797117,159786,32
528193,345261,91
802938,984557,7
458092,153004,83
547549,669289,89
751456,735068,74
291144,257772,4
375814,315905,87
423259,716627,68
357271,661209,77
955529,576124,86
919733,961358,0
549166,833028,15
711930,420526,21
793073,187080,79
262844,628728,16
45971,644115,60
656424,521255,30
741453,606514,49
697235,443885,30
391093,101835,41
553537,310919,13
630526,254770,51
932587,993826,0
240563,149192,48
476883,988202,56
714043,926275,31
908862,251386,14
60639,164886,22
245320,107693,48
997875,298279,14
177995,578425,84
602901,972217,9
62625,539232,59
886038,640974,92
853343,136068,64
908377,99401,90
642820,883261,15
974658,89368,43
14600,390807,36
294582,45624,26
809025,290793,12
372397,879895,1
402852,734603,68
483464,581867,81
439128,440497,5
434009,404836,5
83600,73285,97
709509,726818,74
645204,955586,31
548300,280701,13
743270,151253,3
113725,384138,61
208663,10473,19
28020,944992,46
489790,908877,56
497479,134849,10
418637,40069,63
440706,950530,56
569191,400153,57
374610,86321,41
811542,591028,92
413575,971481,56
688626,746222,74
757301,970144,31
221123,430136,52
312242,855826,18
870926,659740,80
262512,43064,19
789649,636875,92
974570,609448,86
8089,958011,46
306536,957633,44
940645,436135,76
127625,5330,17
584387,792762,82
964004,20709,43
60460,166079,22
305651,83203,26
402777,474221,5
243448,633964,16
45933,6282,97
589766,198707,24
673001,142200,34
961468,401753,94
274397,803352,38
951904,658608,66
235035,240993,4
374723,977493,58
734206,816688,95
90104,379496,61
205370,654328,47
306350,832947,18
347191,255643,99
603805,153026,39
910286,182694,64
546929,251382,13
987063,578140,86
799686,337802,12
453076,862968,71
911558,571222,86
537390,924302,9
759594,505919,53
980819,628563,86
260511,424551,2
433017,728753,68
152287,499386,84
189012,739099,28
45181,357320,36
479644,388186,37
247087,798629,38
562443,987117,9
476724,310832,91
162870,367973,78
533331,710537,75
998833,389857,94
341139,524442,23
296946,771578,85
914777,657382,66
622178,960715,9
745285,19537,27
367327,680513,77
391256,854150,1
710569,545786,49
39720,574685,60
747561,268099,42
953273,674825,66
796985,930797,7
908441,171473,64
952115,211506,88
787029,611083,92
481862,656425,72
541228,425888,57
911297,172372,64
65875,174936,22
159696,16295,17
875347,966796,0
952072,483168,67
617389,468589,30
583285,271777,13
761430,359814,21
403016,490252,5
675593,704601,74
233278,719255,20
525597,720116,75
992680,979187,0
208784,41298,19
110977,192022,22
319272,15477,26
121943,507088,84
629694,267937,96
226809,987108,44
326497,442989,33
318711,578691,16
66209,788955,73
977424,581617,86
246629,94304,19
974568,574316,86
534958,45720,35
426094,365504,87
32858,252853,98
703911,643764,74
747977,251936,42
303910,817270,18
866256,176800,64
481483,293618,91
845619,321365,8
188643,539425,84
123227,90132,17
860341,755535,80
289719,311805,4
519246,980640,9
629819,373144,54
444904,507120,23
166833,969413,70
931282,62962,43
207535,49865,19
84811,421939,61
537135,631789,89
492007,166065,10
60263,847394,73
153504,957985,70
859486,387636,40
9036,881949,46
930257,837647,55
348864,361270,87
874006,427800,76
38292,583491,60
734116,289678,42
620721,469478,30
519480,905870,9
960546,910833,0
373419,54604,26
738185,679185,74
62515,703049,6
147872,298307,78
652641,950663,31
798877,726768,80
797272,757006,50
877,749458,6
142467,456128,52
158870,144118,48
198166,578048,84
262439,816993,38
211296,262706,25
303553,826803,18
80918,995480,70
38856,61991,97
886260,384177,40
878193,805173,55
552123,546478,81
661416,429349,30
70307,653648,60
867563,147931,64
276431,982328,44
992620,975064,0
910565,878461,55
299051,155462,41
855666,191216,79
778769,778219,50
531144,951395,9
106273,133201,22
724716,315212,42
783906,112714,32
388918,560963,23
118351,131094,22
307633,391025,2
972295,362264,94
572794,950236,9
623231,648020,45
279591,90301,19
695420,924677,31
50868,946144,46
852697,289010,8
400909,80236,63
530029,204595,10
643897,991945,31
635015,706284,74
524445,355800,91
935745,66799,43
706374,31804,11
533796,520799,81
82208,676299,6
571091,326879,96
865268,569972,92
528058,71215,35
920139,790929,55
158460,238967,25
328451,291513,99
461594,12795,63
53913,127132,22
715913,363008,21
81680,797025,73
609695,153873,39
155147,557809,84
105515,401647,61
496317,601726,72
223149,476486,52
313600,684492,77
261321,23603,19
704468,2967,27
869617,654510,80
357421,181966,99
304023,716323,85
247474,297020,4
18694,198242,22
854263,603400,92
354462,453708,5
485042,102231,63
204190,834839,38
143194,670626,47
211759,36388,19
579307,413969,57
580153,643850,89
191942,973849,70
485855,766610,75
421559,146677,83
213175,833880,38
32496,160666,22
321940,860071,18
229585,644525,16
532006,441206,37
351081,627161,77
706811,373462,21
792106,938575,7
635511,40397,11
958132,328878,94
453627,111506,83
88874,714540,6
278036,960261,44
114466,834568,73
599713,380786,57
876038,582052,92
551135,942734,9
533879,915443,9
852979,33504,62
107299,383051,61
954353,826492,55
862874,332142,40
324810,94134,41
117129,601714,60
9403,47954,97
976646,490739,67
855300,29265,62
868955,528684,65
605477,256829,96
532183,401428,57
809455,517412,65
156759,655040,47
257865,953078,44
389425,75051,41
395014,4161,63
943949,951123,0
540244,882994,15
490063,489846,37
853324,820063,50
807105,23307,62
726443,340516,21
59592,568899,60
493927,439828,37
199522,382241,78
334170,403013,2
454290,259457,29
698145,735922,74
653799,408136,54
550104,609306,89
612202,294927,96
849252,392747,40
906256,460424,76
359263,149555,41
575668,256528,13
473022,86728,63
639055,605884,45
95315,963017,70
441829,828476,71
210282,219793,25
64572,275847,98
170088,674576,47
602810,435517,30
749460,189825,3
391284,326675,87
436066,972719,56
500085,929411,56
627395,633848,45
89419,874624,73
815270,252227,79
191321,535210,84
277861,11183,26
965902,926296,0
267552,759755,38
208160,559082,84
500578,226161,10
99681,347117,78
11571,488539,59
886615,343965,40
35402,13630,97
86233,330534,98
300764,951641,44
231067,545989,16
442515,363441,91
363177,924358,58
689359,63612,11
137490,805585,28
475549,556927,81
286379,178252,48
886004,80731,90
852316,884684,7
897333,489478,76
668426,241454,51
122766,335452,78
958337,778092,55
393004,222288,99
999065,293110,14
313757,322385,2
335890,308660,87
648733,265871,51
501287,136494,10
67971,394146,36
413985,858545,1
574512,828858,15
617691,549257,45
363827,845602,1
43521,465627,59
794882,584894,92
320437,590267,77
624615,913405,15
610102,986747,9
273387,829194,38
272392,100408,19
565614,280269,13
495129,637973,72
423944,241261,29
880285,966749,0
162141,111135,17
861009,993474,7
320478,283182,99
454226,186211,83
658182,66879,11
43908,971335,46
238965,286995,4
535849,20202,35
543046,985857,9
300322,520581,33
416603,848618,1
728755,199191,3
805350,531708,65
429340,919234,56
579723,418029,57
824434,270447,8
413154,890393,1
849434,452043,76
501490,558449,81
861232,731590,80
845767,808828,50
975387,334584,94
353307,33966,26
877491,992951,0
541546,767769,75
897056,829431,55
254770,920065,44
533365,272047,13
308981,49304,26
653504,442657,30
742728,34613,27
742753,457315,53
98691,700767,47
792316,459259,53
777969,338981,12
261327,137860,48
24637,85065,97
702893,523409,49
942582,986318,0
50024,764552,73
829061,43849,62
978310,461329,67
572504,89810,39
447585,563567,23
870862,587316,92
34016,712580,6
338022,140635,41
654145,226822,51
212531,9409,19
143084,818460,28
873430,747653,80
815036,317864,12
355994,206110,99
104642,724333,47
869180,315457,8
901194,380762,40
481214,763715,75
773841,960878,7
492286,862411,71
546181,666267,89
962217,995837,0
41548,309354,98
323093,238310,99
292246,778781,85
973001,243616,14
456654,990756,56
644206,180946,51
161621,368979,78
441662,25713,63
160668,353019,78
196628,738319,20
944198,150706,88
928135,165252,64
398952,192838,83
38952,678856,6
540988,398900,57
326248,254285,99
768345,587831,49
681003,632423,74
145065,114841,17
134702,940715,70
597889,728435,82
814962,68619,62
294251,484582,33
370584,417897,5
603858,53817,35
515088,88463,35
801163,162107,32
532532,272332,13
92004,316225,98
801320,801581,50
177734,189664,25
683596,198111,51
662746,786578,95
18957,619718,60
601523,807753,82
911892,173415,64
601521,769983,82
110526,622131,60
155984,635295,47
413493,584813,23
954861,350841,94
585577,803787,82
251449,112080,48
740572,797936,95
918316,145153,64
589125,434005,57
337678,357840,87
224015,32727,19
51154,756426,6
265735,210164,4
238242,143530,48
319926,1836,26
870503,545383,65
256183,670661,20
812127,431654,93
819177,924239,7
687702,221992,51
31496,365145,36
992443,993350,0
249425,95995,19
395840,895051,58
127981,992197,70
862342,395634,40
427570,179407,83
298593,462743,33
338331,341108,87
15148,606920,60
510841,716092,75
362174,72087,41
579359,302700,96
485224,161817,10
666322,890260,31
615217,965049,9
583347,329338,96
199666,795792,28
878042,261509,8
192523,749501,28
864739,683983,80
707240,588843,49
688205,664477,74
868935,205119,79
438702,265993,29
559778,205532,24
379815,551844,23
852769,503733,65
249469,826688,38
158355,474747,52
80248,739783,6
548855,622138,89
274131,329745,2
31437,367204,36
609077,758717,82
771104,945553,7
909992,236037,14
87934,907489,46
171181,45733,17
645968,788124,82
8780,569659,60
266679,83145,19
419425,277292,29
457135,79489,63
973621,660357,66
621917,562491,45
796794,718596,80
459440,812268,71
802520,955953,7
711307,948116,31
999523,994688,0
731868,517718,53
291460,572471,16
530835,755680,75
720245,161140,3
285686,531010,33
692001,462214,30
432737,18131,63
741444,456405,53
802459,933806,7
481562,626222,72
916344,995180,0
5256,349706,36
522843,423980,37
834547,233853,79
383804,594042,23
64335,281088,98
257650,339205,2
26523,783896,73
944697,535683,86
225906,817319,38
684041,691821,74
437205,104553,83
227023,585704,16
927636,792555,55
483970,85522,63
375920,91669,41
689699,786206,95
778954,883542,7
700110,764320,95
929667,919360,0
693790,536900,49
689671,302732,42
32091,364763,36
588211,68229,35
725931,738193,74
825905,1430,62
36024,461895,59
85707,480507,59
896083,475724,76
496488,484992,37
270452,499604,33
856801,265823,8
701401,448395,53
181621,516063,84
471253,353866,91
426556,139335,83
807829,196520,79
917499,414711,76
61287,57642,97
801934,106334,32
168787,804843,28
11445,369362,36
873568,68453,90
504581,497687,81
631514,871624,15
385919,146647,83
696861,154459,3
993785,552813,86
134521,903590,69
649209,260288,51
668817,816167,95
335527,209680,99
91962,616759,60
874581,87120,90
239494,183354,48
644236,679626,74
486406,28899,63
710768,888546,31
802102,941875,7
98658,146707,22
706142,136080,3
100530,615176,60
264690,661300,20
475871,975311,56
54017,877335,46
379938,625605,77
552031,1560,35
233574,694353,20
992915,933750,0
543142,587734,81
60186,551112,59
549654,48470,35
638135,150104,34
799005,882166,7
567202,973949,9
164509,912175,69
940300,637523,66
859625,732878,80
491094,817193,71
570139,335243,96
439680,703920,68
796198,709476,80
176797,432529,52
524753,534328,81
464790,729573,68
949714,859153,55
791328,861322,50
251471,484224,33
362398,831006,1
732089,227292,42
98435,405506,61
354965,901937,58
871217,556512,92
299646,158634,41
169590,310911,78
482435,296743,91
368680,416030,5
218897,3468,19
298655,510029,33
67452,667298,6
282552,854794,18
534360,991410,9
644262,120634,34
509230,633199,89
187052,789607,28
933293,858954,55
446588,819879,71
716135,94644,11
693680,681464,74
368547,170973,41
552065,571954,81
839112,965840,7
873180,542780,65
507600,246409,13
399616,352466,87
902603,63379,90
222748,735494,20
448992,219589,29
646993,12210,11
216018,628218,16
469413,432828,37
541675,939586,9
633266,306340,96
666378,828446,95
707571,153047,3
267912,801923,38
932127,269160,14
785977,918159,7
503424,61040,63
902341,654848,66
38989,302344,98
498881,696893,75
689007,156253,3
151924,397182,78
438673,780594,68
454620,807844,71
439983,795013,71
785074,749591,50
380864,184302,83
570255,292399,13
357436,438052,5
351988,878070,1
738440,973795,31
582230,545129,45
986663,861096,55
440710,25186,63
308152,119321,41
438219,152999,83
463220,349622,91
104110,779896,73
724160,972539,31
470074,548581,81
4486,400673,36
122386,949800,70
303924,61633,26
870615,441775,76
914552,885072,55
408293,195417,83
381698,211104,99
39517,175498,22
597726,986537,9
734726,544436,49
348383,277859,99
990287,760008,66
460086,671700,72
271231,587133,16
949957,931784,0
504758,469649,37
396571,169858,83
811065,579080,92
601400,735886,82
44774,532076,59
610747,831990,15
264089,547925,16
978352,177074,88
97843,463341,61
378099,725730,68
345329,958603,58
248968,406783,2
807434,556127,92
839620,500620,65
935755,236319,14
814865,443082,93
895654,259162,8
738184,662687,74
780858,887030,7
313394,224970,99
86677,780612,73
752053,769944,50
464647,334626,91
71165,74508,97
264458,759002,38
550863,361216,57
970389,337856,94
359002,756559,85
494418,699943,75
943422,106997,43
315055,133490,41
577684,135346,39
776487,427867,93
164726,554262,84
496929,885865,71
743667,827247,95
557002,546839,81
733646,389960,21
60428,614203,60
918520,573909,86
688724,392475,21
336424,282852,99
900423,420224,76
720208,549713,49
27525,620819,60
109094,554558,84
465264,704534,68
114303,103995,17
854656,217504,79
596911,289522,96
4781,358404,36
707352,475225,53
109743,459680,61
851583,559585,92
952423,382795,94
643621,338934,54
473830,674079,72
261513,250141,4
130697,631121,47
266254,939642,44
566372,30669,35
466522,849075,71
414219,780996,68
209325,126657,48
725409,964372,31
204667,854535,69
177780,955489,70
919241,690099,66
495455,126293,10
613258,29503,35
871798,319657,8
481145,618702,72
532360,391031,57
60686,950043,46
379302,944826,58
696410,573070,49
601486,188413,24
669027,346244,54
323331,234650,99
775316,746426,50
196615,514219,84
491173,147911,10
940257,908176,0
721611,117297,3
426649,705571,68
544606,200413,24
357850,392564,87
830532,767373,50
245667,940960,44
715201,391097,21
174073,647322,47
548043,971243,9
696372,925877,31
215634,161900,48
55018,692313,6
712377,927157,31
736419,9442,27
702278,193423,3
873701,299579,8
34149,951728,46
693823,90131,11
832839,531748,65
92617,615242,60
375174,558060,23
315037,842529,18
397334,996283,56
540533,740281,75
919056,576565,86
343349,683385,77
665875,370513,54
214538,748167,20
446293,846754,71
396340,293551,87
723051,330260,21
694860,516403,49
187296,898200,69
62859,473736,59
89044,570969,60
282264,12729,26
946365,557043,86
228743,489589,52
526077,787772,75
90832,613466,60
524275,492640,81
809019,193754,79
435362,129505,83
599866,953626,9
608512,275670,96
195504,844361,69
176793,362577,78
840003,933959,7
49911,856005,73
892507,374373,40
98489,310047,98
966367,742655,66
818864,662743,80
726565,387198,21
638107,672312,74
548576,932851,9
435298,66872,63
925143,885400,55
928200,271243,14
793021,314549,12
640995,213778,51
977363,555885,86
772577,705172,80
829628,567413,92
525039,331274,91
737436,99259,3
247223,87075,19
474772,494537,37
692599,516586,49
266871,307844,4
934273,338196,94
70992,164320,22
727164,453575,53
251208,60588,19
310708,79585,26
587223,463827,30
549220,753440,75
81967,628838,60
883188,745269,80
738993,263774,42
252134,618627,16
279758,899576,18
184474,455079,52
515722,746013,75
252630,954000,44
891029,525111,65
545027,275310,13
150651,2932,17
294089,760183,85
408843,427214,5
199685,114638,48
727531,622335,49
598898,686753,89
261990,281647,4
655805,124417,34
76785,539114,59
891933,733319,80
906484,293005,8
545655,831439,15
3921,905456,46
5526,882332,46
369770,735118,85
141150,313866,78
158647,389433,78
207380,435936,52
778949,800379,50
979574,702166,66
313365,734695,85
33476,640808,60
73189,99124,97
985379,271688,14
269841,230461,4
362685,654859,77
231651,368074,2
235097,287191,4
820091,274543,12
249241,9917,19
678295,115614,34
125262,280675,25
313908,856657,18
850144,379250,40
65252,690552,6
113330,747760,28
609669,721912,82
190006,433261,52
828784,379513,93
481946,68224,63
642831,69959,11
808594,54329,62
113497,553255,84
565972,294944,13
126846,906555,69
471429,321953,91
80407,412935,61
201160,909171,69
437240,709054,68
74241,785185,73
605176,201206,24
672562,764634,95
207786,266759,25
434289,103170,83
980116,815910,55
15355,87549,97
442900,826637,71
293995,178349,48
517254,501914,81
669621,331681,21
572627,152685,39
177783,14391,17
872634,375753,40
296348,732522,85
500094,87285,63
7657,704407,6
979880,855337,55
659977,236226,51
250389,302308,4
902957,15090,90
632960,159258,34
656166,187857,51
320460,984458,58
788390,486668,53
441296,874194,71
590725,325379,96
651586,222481,51
242704,129406,48
939541,869561,55
717435,943433,31
289923,747777,85
896686,607217,92
503987,509549,81
1682,269753,98
749156,73985,27
479922,62532,63
980282,610942,86
105635,416264,61
164514,990134,70
188208,222138,25
473590,627330,72
543549,428615,57
741584,806742,95
915616,768114,55
702680,955289,31
549590,963876,9
868379,853343,55
146423,932871,70
765242,436944,53
734316,657662,74
329395,152620,41
99952,893283,69
418872,996885,56
657946,111299,34
609638,196207,24
665238,668164,74
840772,871409,7
774441,34308,27
620934,51083,35
552081,836282,15
396369,779991,68
322735,223456,99
635159,131277,34
376563,909277,58
220471,462544,52
991298,759093,66
87453,832851,73
741322,411507,21
214559,108407,48
999143,604129,86
603262,36722,35
195439,746900,28
158912,850667,69
166604,115325,48
279049,977652,44
408719,356568,87
852463,347729,40
286178,796032,38
910094,951507,0
987254,793666,55
152247,829269,28
528978,544597,81
44935,228151,98
537233,287012,13
813435,402472,93
352614,388736,87
488699,565002,81
995051,822396,55
13678,886824,46
857035,191593,79
108236,122851,22
756995,824486,50
150788,309716,78
399455,650874,77
241976,906605,44
325059,280044,99
708504,841474,95
656512,6583,11
640576,162587,34
612522,674038,89
560270,464324,57
893828,579301,92
321782,196547,99
368760,752038,85
508559,365599,91
628076,74059,34
714313,465553,53
562909,827049,15
219854,97050,19
135472,891008,69
175929,855071,69
188255,16365,17
59868,211032,22
817586,180635,79
938772,941440,0
785949,446675,53
272453,129615,48
442444,158165,83
280727,193529,48
651742,843516,95
984877,840599,55
951422,551836,86
711018,91314,11
725873,755499,95
678151,685964,74
8159,142032,22
132353,464406,61
284504,660414,77
587088,197138,24
311943,828816,18
913459,516004,67
485725,589431,72
581964,80122,35
626225,979941,9
871247,54104,90
340678,789414,85
686328,119098,34
688543,346397,21
908514,402216,76
58528,682053,6
272175,455770,33
127667,704592,47
91144,861484,73
977341,175070,88
406881,461404,5
831509,179175,79
408950,234339,29
538043,894743,15
960292,642988,66
712940,382726,21
482845,180348,10
114864,521113,84
355929,99462,41
661398,131774,34
740526,28087,27
72247,272030,98
10248,251930,98
198355,767121,28
17276,362470,36
49752,191072,22
354880,472929,5
518018,336337,91
830708,721522,80
630718,481481,30
252647,245298,4
727503,155203,3
502937,871887,71
811566,3548,62
638851,172409,51
678430,374539,21
877053,644820,92
501485,464392,37
40094,866828,73
788481,12168,62
523886,952386,9
757139,249761,42
738267,64984,27
195586,226239,25
409432,327501,87
317846,46767,26
16563,382757,36
998970,702863,66
19046,121363,22
756934,800922,50
112704,223258,25
300602,220496,4
883752,223518,79
681928,178903,51
832802,905771,7
305708,34757,26
161672,236110,25
302437,72991,26
760684,831855,50
998637,93618,43
439369,475287,5
162233,661430,47
655312,829326,95
490510,14172,63
203609,66059,19
254487,174726,48
620893,363857,54
350442,888545,58
786935,21641,62
735543,282751,42
203236,793177,28
928064,975354,0
788256,226468,79
248845,346382,2
643177,876585,15
771289,66630,27
864525,82475,90
174043,154096,48
905097,968233,0
106408,401808,61
188752,363141,78
321696,753521,85
431382,242732,29
597235,742365,82
933300,987721,0
637817,794245,82
886756,714001,80
229172,706534,20
729733,634738,49
54282,331635,98
796682,838679,50
688114,147061,3
664881,667225,74
57874,690168,6
657937,960117,31
694185,168199,3
920640,203439,64
206170,110557,48
144705,65636,17
158263,941452,70
986022,78691,43
566910,61587,35
104101,630804,60
929296,691151,66
185061,332708,78
831986,200734,79
749530,353269,21
404256,347057,87
988728,551931,86
315847,440924,33
619610,799650,82
731251,142957,3
694893,67684,11
577555,981491,9
919501,65172,90
355170,346690,87
834055,972260,7
779262,59879,27
398575,857604,1
750971,571883,49
642750,704931,74
776813,907664,7
109388,488309,59
18447,55251,97
616118,103227,39
944677,190610,88
593289,423058,57
341075,451556,5
307720,860379,18
402792,727874,68
383161,802457,1
896709,992447,0
56994,914718,46
678475,138713,34
358225,704085,77
559016,390220,57
434006,350200,87
818301,192531,79
872938,478734,65
91124,537121,59
393711,112491,41
652164,923250,31
68032,415056,61
860760,794799,50
190971,651142,47
748752,284219,42
871819,665261,80
58332,394125,36
63536,859468,73
79395,393250,61
366335,994811,58
800002,641310,92
509060,787132,75
338856,158585,41
354169,520302,23
719521,998148,31
882981,277365,8
687378,767482,95
85428,791894,73
369500,194908,99
834106,821170,50
420066,57967,63
261084,54311,19
815993,407314,93
740859,627479,49
45850,611005,60
164433,637471,47
986132,931881,0
136689,334619,78
951539,519416,67
837109,291735,8
203639,570053,84
893430,890659,55
313439,975644,44
665164,420696,54
638107,672288,74
153963,666035,47
59348,468570,59
268265,744266,20
891606,233354,8
988942,164043,88
82746,720882,6
873647,395500,40
183476,691724,47
806534,417166,93
324512,78816,26
677118,332329,21
455914,548574,81
893985,218642,64
730842,268588,42
163299,576881,84
647679,550837,45
928598,956074,0
742461,555660,49
981977,87476,43
214692,338468,78
639572,295846,96
289153,798885,38
863909,733934,80
229066,927139,44
429759,964289,56
818938,905304,7
455037,821781,71
684952,995527,31
822753,18389,62
70937,240041,98
377460,976235,58
587928,315384,96
668721,204499,51
21890,916891,46
187595,925093,69
47259,283392,98
986079,33093,43
205561,863813,69
111738,997105,70
345191,640965,77
700689,491511,53
826568,128578,32
17854,84332,97
369419,833065,1
338204,205871,99
86560,829287,73
829949,961778,7
603205,77624,35
634115,581481,45
961196,824024,55
375197,938742,58
444591,241006,29
598401,327478,96
934315,37459,43
577749,233042,24
740501,607937,49
597629,355913,54
836566,175557,79
593397,223945,24
843815,14220,62
996326,265544,14
6362,929288,46
548836,301922,13
405529,737987,68
361289,195685,99
893968,928245,0
21213,533108,59
950154,248537,14
167070,960353,70
653279,662935,74
962557,711074,66
37491,118308,22
416531,644500,72
113898,297950,98
647953,161163,34
682686,916851,31
527574,948806,9
583622,941817,9
126646,548033,84
791941,165645,32
7945,541111,59
464490,700059,68
900155,921713,0
246499,922173,44
976847,873194,55
777344,826649,50
493520,602720,72
919338,328377,94
37572,477177,59
928073,129776,64
160354,75080,17
874598,376743,40
926882,113907,64
451018,264014,29
290055,961966,44
778481,931340,7
47409,819754,73
620922,850305,15
81664,537346,59
185885,169283,48
143769,340872,78
39713,461281,59
765011,546981,49
112862,877555,69
78375,254308,98
158693,166552,48
252053,266403,4
443798,923218,56
531980,997333,9
185426,471313,52
364579,479593,5
521854,803166,71
823094,744740,80
850538,8553,62
754085,911901,7
331625,637908,77
331571,722943,85
511835,415936,37
642212,663744,74
561657,771752,82
845337,587539,92
768258,126663,32
839033,629980,92
82735,537150,59
892533,804957,55
912979,448058,76
520675,997756,9
296419,916393,18
826693,237557,79
637163,806109,82
279119,153298,48
489103,365647,91
440680,511064,23
459311,650101,72
252403,140406,48
815311,941738,7
801994,119700,32
813133,337567,12
489177,604029,72
927973,452405,76
586986,475611,30
602374,104119,39
937191,370627,94
128304,420426,61
104518,646213,60
903370,945466,0
448965,761747,68
686386,100861,34
183301,744829,28
357013,322779,87
955738,99845,43
98853,434807,61
808612,355699,93
239105,647397,16
806602,562955,92
588234,453591,30
515082,988653,9
299751,927433,44
367399,891753,58
705501,356234,21
239586,734517,20
39232,387669,36
566603,897052,15
764621,990346,31
752391,451622,53
426554,107959,83
472837,974783,56
189120,550857,84
253909,455776,33
233284,807043,38
984967,345015,94
671210,29289,11
273977,740758,20
936506,859806,55
769486,758280,50
415389,445375,5
425057,947097,56
873878,269749,8
677052,216343,51
88089,518866,59
595724,339958,96
683586,35628,11
806727,664484,80
983568,839102,55
789856,114476,32
1505,300734,98
442308,883352,71
507226,950580,56
404398,718290,68
307779,852450,18
132817,258515,25
873884,377471,40
163168,367998,78
948505,527122,67
349965,862056,1
577549,871358,15
919746,187078,64
230513,246126,4
640385,960420,31
794966,856,62
400143,216369,99
523783,227532,13
144010,392802,78
835693,493531,65
780511,63272,27
414481,192619,83
350510,23909,26
842323,930127,7
651531,293115,96
393437,508606,23
153675,825653,28
751977,489347,53
462525,658177,72
984679,502519,67
848636,36629,62
632701,807515,82
910598,426925,76
335706,220836,99
598261,986447,9
219588,617878,16
691638,364220,21
449727,575290,72
904654,535703,65
562839,650636,89
248767,38650,19
599542,516483,30
544796,390629,57
317204,256418,99
631908,479756,30
265035,455599,33
266550,909230,44
431088,298157,29
127291,389487,61
118353,171400,22
727242,758435,95
20474,113536,97
212603,230009,25
776523,24510,27
948005,126000,88
689736,396209,21
97237,273565,98
808693,708338,80
46568,670837,6
767552,257364,42
523366,221656,13
382963,465770,5
207650,974987,44
618400,463487,30
837935,184081,79
853701,153717,64
524453,498005,81
977355,415504,94
379271,412508,5
22212,321476,98
54113,491993,59
941010,559627,86
660749,210311,51
703306,469124,53
572652,575238,45
34503,901341,46
851907,11669,62
121777,718396,47
85022,979533,70
11802,365073,36
789225,505339,53
242796,683363,20
293528,328704,2
535729,9490,35
512205,644505,89
201679,625781,16
517247,381043,57
200021,763085,28
179990,95470,19
572110,457338,57
485947,322062,91
899263,926437,0
633644,658480,74
75982,42916,97
290094,624249,16
769189,764915,50
938873,648919,66
385188,859818,1
971735,957801,0
768125,882084,7
196007,290390,25
600850,491762,30
54771,550160,59
548775,276753,13
402198,752438,68
239159,548024,16
649110,601012,45
210815,176204,48
462408,694909,68
335910,640631,77
87093,776822,73
63933,524404,59
659777,885632,15
818681,574191,92
443079,836478,71
701945,606343,49
809039,527776,65
336622,609051,77
328846,926552,58
567626,92846,39
462755,535665,81
934899,847742,55
11346,703965,6
553016,545128,81
967058,358936,94
649378,106605,34
726222,626559,49
591455,596883,45
825724,943918,7
431406,641884,72
155968,369402,78
548679,649596,89
775279,116717,32
666181,509995,30
501558,695988,75
484125,698355,75
266491,928484,44
36242,128416,22
303309,728665,85
685837,869408,95
152977,87930,17
849605,317700,8
588770,469592,30
441636,586638,72
627677,383233,54
6927,430766,36
895927,853647,55
259789,278292,4
258104,959287,44
741646,861008,95
976443,94251,43
86001,431539,61
884702,202992,64
697794,834284,95
822356,347223,12
786475,285823,12
839609,314134,8
653339,672701,74
99521,665349,47
536162,280046,13
749710,387928,21
918533,799527,55
660081,982703,31
302427,896772,18
55847,622421,60
32266,306500,98
354329,218709,99
844268,623556,92
110067,896549,69
311477,998439,44
777968,323884,12
524934,575194,81
288533,377064,2
330622,774344,85
412543,623551,72
27428,989044,46
874880,111696,64
288709,333835,2
780831,442648,53
597783,954776,9
932186,256872,14
249454,576636,16
526023,884703,15
208533,826548,38
802852,546649,65
546427,809578,82
593412,475828,30
255989,415909,2
192172,846313,69
988814,13216,43
130884,777447,28
561692,368849,57
257808,984385,44
562773,537507,81
892235,804885,55
708579,97841,11
417643,328954,87
746253,287209,42
130704,746279,28
713269,916352,31
144414,167801,22
231990,63558,19
229663,948312,44
280595,976225,44
417908,788474,68
898702,489033,76
186425,247527,25
190353,267984,25
12138,14921,97
786947,231826,79
314382,819284,18
711179,790105,95
295972,405567,2
379092,410743,5
361258,678175,77
89265,281920,98
239890,832301,38
492917,470334,37
916532,164813,64
20227,971563,46
74371,958528,46
991254,21153,43
520947,562627,81
79033,321459,98
771840,318588,12
523854,425319,37
344797,9338,26
945133,855381,55
389183,6560,26
265074,111050,48
424769,99358,63
920986,21523,90
740187,329050,21
359526,566092,23
322584,673922,77
622218,630308,45
592288,588483,45
638014,114277,34
663402,803335,95
660286,429084,30
625125,478427,30
934690,339251,94
804762,638473,92
826726,787501,50
534460,680889,89
706589,641537,74
313208,96739,41
906605,310909,8
459723,574082,72
602035,413347,57
128374,583909,84
775179,444621,53
749282,188514,3
359523,508482,23
72925,663146,60
498597,930673,56
833717,293063,8
514833,813434,71
388995,844543,1
236371,693171,20
139819,947332,70
811567,8635,62
138413,315868,78
801015,673243,80
200525,223821,25
763551,7056,27
590476,143178,39
409123,139643,83
995757,702449,66
62265,496860,59
742088,285157,42
643041,592123,45
811695,162319,32
101568,55246,17
520268,159936,10
46296,102444,97
792933,829903,50
185660,395368,52
964638,676483,66
652849,435565,30
550568,397819,57
152064,754179,28
490488,635032,72
987000,521830,67
407496,798676,1
362071,334469,87
428098,53461,63
524284,646999,89
128815,997524,70
391913,897729,58
131898,814592,28
857323,38682,62
143491,655835,47
625899,492098,30
705739,357787,21
326824,935308,58
723834,481253,53
427939,385921,87
184573,128983,48
817850,612324,92
342845,210738,99
881800,427627,76
130671,190591,25
267235,427266,2
67747,628410,60
691842,801718,95
477036,544904,81
215598,561719,16
816658,586970,92
209710,606022,16
413297,298958,29
603735,989949,9
79590,675763,6
550824,712230,75
462383,277724,29
714113,98931,11
741811,619232,49
444505,811136,71
776045,990718,7
13863,995951,46
953366,228704,14
835594,833887,50
140233,909858,69
984806,637788,66
303375,836684,18
148193,692898,47
545404,609567,89
996409,659240,66
861061,858248,7
588379,893258,15
553,302109,98
553475,261748,13
200798,827698,38
130502,349047,78
447881,536121,23
588399,229221,24
523185,171775,10
27688,360948,36
461790,311938,91
756203,505861,53
9825,129801,22
575003,78633,35
600173,119382,39
467887,790558,71
921829,195578,64
92933,926286,46
102048,130149,22
422412,484742,5
71809,896248,46
247182,394950,2
930477,537869,86
968182,245945,14
611228,917209,15
533037,760546,75
504739,158097,10
140300,33192,17
866613,180893,64
274111,983804,44
798125,100753,32
355945,381289,87
337149,479427,33
731777,976307,31
792547,348660,12
928703,715504,66
489538,676932,72
200834,424584,52
991452,344550,94
858842,562249,92
729703,133921,3
819681,391462,93
316090,530390,33
270822,715025,20
432784,810919,71
124769,8727,17
684872,656654,74
390260,104710,41
875568,683202,80
591536,959650,9
843084,720645,80
885627,737099,80
424288,13200,63
867503,136263,64
175784,415960,52
41967,350887,36
370304,703190,77
530290,584858,81
713165,178672,3
940850,873719,55
601849,286603,96
940481,679218,66
626374,474533,30
488915,205711,10
401028,84201,63
175296,214159,25
386127,641387,77
791552,621400,92
871793,238403,8
855829,924247,7
826691,201572,79
826413,532837,65
405812,489540,5
714764,54502,11
20711,106190,97
741376,307548,42
975924,361745,94
852747,125140,32
240505,174832,48
416873,392404,87
148569,3519,17
147042,337802,78
439983,800248,71
783854,249551,79
217802,605584,16
53951,765247,73
517932,887348,71
661536,440960,30
227993,889612,69
710972,310963,42
356093,860033,1
590797,530256,45
25609,417438,36
889163,178373,64
925235,435272,76
619462,304408,96
195946,276109,25
566582,553216,81
914974,981726,0
876146,388581,40
892621,296835,8
909231,445786,76
326123,154086,41
734435,655225,74
376752,77031,41
666373,739124,74
466795,429505,37
693956,329443,21
950934,348955,94
902963,108279,64
853403,151829,64
803287,847353,50
467492,144703,10
30574,868973,73
829608,233431,79
281467,629755,16
301707,790169,85
382906,505122,23
601844,199714,24
607957,948931,9
692609,692664,74
604029,916382,15
644941,535503,45
214766,574095,16
825564,264114,8
971981,90327,43
140247,137941,22
390566,243692,99
744170,272283,42
275760,714148,20
699847,344722,21
751476,60285,27
212392,681330,20
123396,925688,70
53287,608609,60
901716,144058,64
184126,621452,47
747658,895350,31
158646,377811,78
873764,362032,40
683503,641032,74
825182,840911,50
199260,979533,44
14526,140223,22
739877,115585,3
645795,881160,15
665054,573625,45
930878,282618,14
970928,401402,94
377619,656876,77
121896,716710,47
760007,442054,53
608636,356569,54
857229,454242,76
449819,113962,83
365341,297652,87
637426,222279,51
843758,57242,62
81743,869167,73
102831,282566,98
95369,874429,73
543409,90667,35
852745,95658,90
737657,809584,95
681826,458221,30
329314,786449,85
863653,428241,76
451844,147923,83
142381,3093,17
984662,215605,88
673323,545517,49
518864,560591,81
866827,771295,80
155186,214598,25
756696,800286,50
415388,428290,5
278066,460679,33
640640,238870,51
689148,517946,49
126412,614812,60
161132,154923,48
797646,38277,62
335809,957734,58
648046,719996,74
984715,118110,88
84900,928852,46
217477,147341,48
364358,768258,85
118876,958933,70
802684,725854,80
433749,28142,63
995563,442586,67
548134,501244,81
413189,477128,5
105874,427443,61
43231,585471,60
12472,619423,60
654726,981077,31
967103,101831,43
479304,674999,72
714045,958269,31
635340,165944,34
22378,117352,22
350474,426084,5
196838,261986,25
202554,334918,78
977030,958552,0
393412,90396,41
300428,299656,4
323528,539249,33
159444,782065,28
169668,619777,47
599049,219616,24
99443,343280,78
515300,650995,89
276175,682348,20
237983,787733,38
437784,837347,71
304980,808332,85
645195,801329,82
938495,299800,14
749170,309003,42
428162,134752,83
785094,78314,32
231041,119045,48
793097,581905,92
81180,406022,61
27826,685708,6
709456,828054,95
108689,751596,28
84450,356691,36
908231,641616,66
647369,343484,54
945879,398898,94
290685,546575,33
297761,481631,33
786677,681881,80
374329,353567,87
411834,696195,68
964449,500440,67
908429,972949,0
364581,526903,23
667783,437339,30
363141,322690,87
458820,393258,37
491298,258674,29
550181,907967,9
203540,908460,69
500243,591520,81
679881,761771,95
97192,519361,59
