x,y,cluster_id
242578,13469,64
383138,414652,20
67768,993126,47
484308,765337,83
31833,30935,37
932640,887879,52
591329,478778,71
833354,186335,57
735652,115053,74
698658,355604,9
638300,908210,55
294000,264971,5
377493,541620,50
9281,999465,47
12901,842497,41
852470,467010,51
53607,976747,47
196754,856972,1
144213,800662,28
729397,985790,34
183405,499760,13
469862,970991,29
450770,95791,66
974081,390235,15
680670,26669,61
231241,468739,13
97960,415410,79
796294,316402,54
778534,828493,2
487140,369048,11
602845,24264,31
811111,355792,54
806109,274877,7
859817,951019,30
777276,680837,84
835185,961129,30
705424,73751,61
536857,957185,29
418065,418776,20
381617,836927,97
240062,726211,75
431612,116690,62
223913,309587,53
244801,377033,25
807539,314736,54
775229,283334,99
996348,632867,12
600910,509480,0
834128,199442,7
35980,730005,94
197911,293197,91
770346,214750,7
309220,60662,64
557590,416916,92
115944,685545,27
959950,893088,52
136133,997800,24
27973,148064,10
522975,641339,86
989146,578132,12
680530,674978,93
362046,914709,97
530369,917610,29
283108,208988,5
471815,806578,88
161689,514298,58
813117,64168,76
479624,43309,36
902915,294501,40
685730,66033,61
821219,242774,7
310257,492554,50
356179,307990,39
396981,70916,38
886516,684032,48
528226,902819,32
686503,63316,61
152140,23765,49
418942,174793,62
752751,490316,56
747743,329274,99
117577,118127,96
374985,376969,20
728744,14480,61
382012,490499,50
827576,79664,76
923967,118042,60
938251,195973,19
726117,857863,90
103637,838910,28
565110,810400,32
406969,934977,97
160874,816054,28
431739,248100,78
830522,596218,33
645779,608168,93
495466,304382,11
755627,828610,90
455550,438144,6
897430,118944,60
98993,780745,72
997533,539816,12
698849,561277,0
384785,92576,38
929386,192648,19
841254,969376,30
318446,127999,82
288386,909935,59
279052,41813,64
755507,809000,90
866244,973541,30
313587,467795,42
243042,823442,1
599615,743697,81
327666,83176,38
951140,823081,52
527120,310801,11
646964,528517,0
786098,952490,30
515310,819254,88
207082,441170,13
757169,750570,84
841330,249551,7
217528,1761,49
607765,712493,81
871078,223776,7
14974,680695,94
452619,175360,62
288399,131390,23
272306,650010,8
719640,990750,34
535380,148002,87
469616,838895,88
313226,398227,42
5279,739131,94
580105,833601,32
347811,666053,46
354997,440055,42
14917,711650,94
706767,635577,93
146365,957588,24
183773,679719,27
48126,868372,41
730391,687771,84
373259,371670,20
663645,885499,90
586741,364693,45
406085,74556,38
75646,387667,79
531298,530090,77
229012,19601,43
439383,726733,83
208291,749221,75
166750,575130,58
211249,463602,13
769233,500985,56
67848,329471,80
430095,618497,14
83209,503956,95
994746,709053,48
62870,660778,94
710643,782564,90
561766,616936,86
851959,876326,2
416611,994392,29
751597,103922,74
622708,854272,32
763144,172256,57
113940,992884,47
414314,380142,20
62500,450930,68
789565,228458,7
697292,386877,9
247648,231501,5
849283,902588,30
803927,613533,33
663457,738469,81
452902,931007,29
436138,171789,62
273068,465220,42
955457,369525,15
607397,533230,0
999677,575269,12
555215,505000,77
540809,380896,92
724384,729940,84
104473,885740,41
639572,287519,45
332946,834822,4
860169,869593,2
256492,871667,4
117700,192914,96
305697,859094,4
796018,674653,84
900226,112347,60
221747,915444,24
880066,285789,7
257319,771158,75
861762,644236,33
684291,882927,90
369671,66247,38
417820,301777,85
980466,702029,48
7364,783108,72
703318,672688,93
870522,869668,2
524434,177186,87
980344,642136,12
393063,217912,44
447246,868568,88
31640,773725,72
9819,42467,37
744825,278843,99
523351,969780,29
102327,819686,28
470454,926986,29
854907,426604,51
934752,387852,15
632230,906357,55
147351,540271,58
343122,859703,97
37949,811880,72
271485,855588,4
870383,540877,51
534808,524330,77
423039,21274,36
554457,763045,73
498689,467937,6
617602,46054,31
32396,486973,68
571333,395104,92
522923,772502,73
453133,808894,88
94785,52884,37
826935,303685,54
42690,506413,68
285958,109358,23
982686,19644,70
173411,524345,58
675854,86444,61
873180,538256,51
478759,506532,6
299840,413003,42
344194,871591,97
838942,102171,57
196498,555389,58
424329,714240,83
233338,727393,75
302701,508484,50
92123,325340,18
998452,999447,65
711751,399947,9
915277,68584,70
703078,646216,93
966967,821532,52
497813,752719,73
952957,363209,15
467852,199519,62
319607,637251,46
293620,877284,4
523256,367777,11
237859,699470,75
999000,202858,19
442180,722977,83
79262,168652,10
539282,715609,73
251904,750679,75
674102,637241,93
116274,231005,96
506655,355788,11
732259,84308,61
967997,128374,60
585623,581955,86
922186,193661,19
864539,311585,54
811253,744298,84
429059,196341,62
917628,585903,12
274474,86126,23
521532,393337,92
826258,922274,30
661199,778269,81
376760,214791,44
994520,904005,65
626417,198418,98
813554,408777,54
327680,324291,39
367317,511847,50
620384,803852,81
341576,879053,97
250295,716161,75
534048,751257,73
386673,821553,35
854750,796623,2
844887,19776,76
383249,271130,39
883418,620394,33
964801,416189,15
902504,390258,15
74399,429715,79
223790,239575,91
552139,814155,32
516846,642578,86
822119,358702,54
709654,167894,74
807477,278000,7
359047,513118,50
989323,555229,12
734375,650304,93
661679,842450,90
72134,360306,80
669352,806694,90
106581,312340,18
513709,915202,29
801957,495907,51
725267,570966,16
239062,924139,59
4986,808315,72
353592,834880,97
839796,454535,51
374671,108680,38
592807,314266,45
880309,355704,54
327136,184438,82
855266,459639,51
154120,306519,18
672925,858988,90
25724,353126,80
998767,287106,40
403714,223334,44
576057,802292,32
127505,976868,24
225842,738540,75
646862,809815,81
561670,1315,31
111739,2849,49
893928,255271,40
349886,542663,50
542610,659326,86
304556,687893,46
434005,323590,85
589821,134435,17
462490,70127,66
629891,585425,0
253674,504712,13
696317,16186,61
52367,132880,10
315584,25240,64
210313,743236,75
574919,671006,86
608211,212948,98
31110,873539,41
579454,892040,32
521551,712622,73
41863,596998,69
751981,550487,16
35726,446954,68
959509,480178,3
357800,549171,50
923869,471037,3
731501,345154,9
16405,722120,94
675589,628740,93
237498,636867,8
829868,607283,33
621287,975722,55
973083,621237,12
132736,906385,24
616378,468377,71
14476,303459,67
245720,816957,1
608290,539205,0
424689,751438,35
430810,628092,14
345266,893285,97
456783,165931,62
810127,812538,2
334136,834506,4
549359,88853,31
352562,523797,50
458504,87214,66
817071,518386,51
520241,704018,73
443985,70005,66
588148,7255,31
937220,858295,52
379421,943657,97
52889,905543,41
469229,342547,11
188338,400091,25
335425,498812,50
536861,26511,31
579792,570720,77
104485,89116,37
780534,447421,56
815274,324253,54
733585,370990,9
235025,68069,43
47294,877899,41
859542,324578,54
186882,928701,24
689450,600241,93
266814,354545,53
842451,76321,76
733023,918199,34
184514,137053,43
455505,682579,83
107825,225534,96
556607,898878,32
458725,805522,88
420218,606961,14
197918,418513,13
953410,967169,65
215132,729668,75
532081,695311,73
97791,579595,69
262600,528353,22
31083,414922,80
596607,175765,98
82470,85277,37
252503,829532,1
958437,460401,3
966716,608715,12
679522,741861,81
466695,750819,83
22240,788280,72
625487,571436,0
128128,461503,95
481417,186445,87
589343,103250,17
330431,556650,50
624015,829410,32
905440,730891,48
89809,423409,79
243339,806022,1
817059,316019,54
347653,17202,64
127524,307548,18
960467,574613,12
532236,291130,21
25211,730439,94
503756,634589,14
538167,985049,29
730439,490467,56
283424,520330,22
197125,91670,43
697768,401666,9
808041,751828,84
983132,511241,3
432666,828883,88
48384,205276,10
80313,821012,72
757363,8609,61
707157,189128,74
680946,675023,93
127441,915777,24
464064,524562,89
320625,760533,26
294147,739293,26
312291,675442,46
165789,427107,79
397577,92002,38
290437,384309,42
82044,925550,47
721616,213077,74
186101,803504,63
504920,205865,87
980372,124577,60
776937,996788,30
17328,239384,67
332762,745003,26
267561,910812,59
19009,497406,68
906774,166610,19
230936,355255,25
779472,588468,16
394199,317563,85
290800,475775,42
362539,193552,44
44196,805903,72
813759,851464,2
564542,260234,21
763298,762542,84
44144,930766,47
389826,819942,35
765440,760514,84
966042,280601,40
70368,685962,94
964895,1139,70
146132,46477,49
147215,254032,91
524450,432983,92
161411,846487,28
913975,182299,19
909292,474804,3
46046,897454,41
512430,424367,92
349529,550215,50
478212,309860,11
823446,666155,33
77972,484115,68
526598,538193,77
414083,500447,6
18624,25006,37
287518,320761,53
30486,382682,80
751338,737903,84
952214,869233,52
200549,641193,8
542255,683283,86
943362,87182,60
283571,981982,59
172243,900475,24
299713,279151,53
697794,836100,90
339123,647658,46
193305,887822,24
638140,228485,98
149953,269467,18
948273,637831,12
40760,64007,37
770440,791028,84
808978,506184,51
446060,935134,29
809826,753518,84
387116,265002,39
893533,617219,33
601806,554563,0
553467,135407,87
786284,90982,76
141422,887534,24
789736,94881,57
675275,347341,9
775765,297738,99
89194,87366,37
364210,280764,39
805982,141354,57
738005,650951,93
540762,602548,86
28278,269437,67
431553,118445,62
710573,606347,93
879124,448669,51
782282,820982,2
259457,706066,75
852164,326385,54
562070,710548,73
196002,221354,91
306021,297215,53
301958,10359,64
109793,296194,18
136531,678842,27
313124,676199,46
877292,655694,33
250228,591121,22
977002,486192,3
430209,531175,89
471716,133042,66
41837,161437,10
279457,847490,4
779934,351890,54
223913,306152,53
499712,666297,14
460131,429919,6
652146,630747,93
974738,421745,15
270729,152068,23
810341,405655,54
858824,260347,7
659526,658617,93
390842,895279,97
965477,784319,52
64369,856170,41
654323,218280,98
638217,520501,0
65709,374082,80
205302,517220,58
918035,424475,15
152224,438185,79
585705,946647,55
297843,849297,4
146692,467539,95
943533,961072,65
748604,789923,90
252586,226657,5
426687,344493,85
895017,552102,33
178670,911525,24
1627,348707,80
724558,661643,93
239147,350197,25
768439,165283,57
911430,418744,15
831055,548144,51
672461,65380,61
854762,994810,30
776296,213350,7
780540,535883,16
586894,931210,55
856026,239074,7
130708,813366,28
255189,965174,59
693344,48560,61
150135,330008,18
458016,877102,88
468099,356033,11
855049,823421,2
250833,762169,75
776482,340047,54
179205,906942,24
983798,704694,48
802638,939609,30
16014,161869,10
544660,113148,87
689317,352054,9
984868,680902,48
922855,425236,15
955076,975835,65
863676,810105,2
443603,642803,14
599618,782140,81
441281,616519,14
840588,775751,2
54643,393956,80
230453,232462,91
997603,714695,48
888529,521034,51
25289,44722,37
644519,436345,71
654821,587228,0
546599,692868,73
35328,765762,72
175141,595542,58
289130,412239,42
502562,564201,77
536599,627309,86
189077,819114,1
865331,624967,33
821899,668647,33
957923,814533,52
856777,853233,2
292285,447019,42
63966,92841,37
380868,255788,39
36412,991412,47
667741,733999,81
325196,583595,50
488764,667166,14
67141,453105,68
335806,898567,97
222368,343760,25
589718,397795,92
753452,271553,99
218,666513,94
86064,492552,95
331103,860917,4
437529,555893,89
900287,138799,60
797276,820266,2
220819,307277,53
411484,813708,35
5974,405751,80
461672,330896,11
385117,664285,46
653832,955598,55
749923,957199,34
647581,895951,55
263295,210696,5
172066,923309,24
62027,503377,68
270310,113454,23
826725,781561,2
697279,176449,74
591138,271203,21
123186,389876,79
648284,724937,81
27815,496005,68
365009,710649,46
888142,6528,70
732732,42238,61
906359,176035,19
626265,636628,93
812437,629874,33
297298,690003,46
894775,491711,3
190341,69922,43
185334,911032,24
728059,491349,56
114253,261181,18
681789,835962,90
22854,118492,10
508964,170729,87
444857,724577,83
966472,504457,3
421891,732427,83
916412,152779,60
759500,932912,34
463855,26065,36
87796,603038,69
264076,325429,53
490573,73370,66
133243,423548,79
587391,294335,21
900293,241081,19
864629,826222,2
319393,42303,64
989090,639798,12
88958,130479,96
963129,319547,40
637683,550394,0
476744,645707,14
401749,208499,44
255176,755091,75
824497,334896,54
604644,259054,21
936577,58469,70
702505,2611,61
893644,477155,3
557158,159383,87
757319,269378,99
436915,244025,78
341386,678381,46
556456,363597,92
976096,261845,40
837832,455306,51
340140,738492,26
838163,10166,76
863728,683183,48
273097,950126,59
773734,164077,57
652271,725725,81
272943,365600,53
655343,351713,45
243255,402613,25
723965,680854,93
123297,261724,18
804150,361057,54
297167,501711,50
271521,465598,42
320205,686505,46
102040,1116,49
758899,819795,90
307084,162805,82
267077,770362,26
487890,978026,29
686407,447194,71
993502,791547,52
542651,338569,11
337652,918201,97
220304,659358,8
838643,89632,76
452402,525893,89
691637,347229,9
881189,156135,60
175218,898030,24
202446,516774,58
433467,286153,78
381265,933473,97
891852,364863,15
261152,191209,5
652788,414443,71
552273,60222,31
152052,547179,58
447529,629865,14
149661,361168,25
155977,515622,58
69174,623831,69
735693,807013,90
480659,444560,6
731063,990739,34
351500,667669,46
522571,854045,88
946983,952144,65
692021,812608,90
511050,224011,87
966500,978391,65
824190,168318,57
933801,405607,15
51988,766692,72
795650,499217,51
350803,954842,59
41902,262928,67
39298,496141,68
658151,545651,0
758756,412482,56
598829,521751,0
72999,895807,41
831767,524524,51
688145,665722,93
805639,387532,54
260766,707758,75
302174,653878,46
737836,820310,90
953547,269616,40
448563,15009,36
273042,21652,64
919776,682284,48
152520,417282,79
268832,274600,53
218522,701903,75
886238,17152,70
282081,937983,59
695537,894112,34
351414,225027,44
30544,369400,80
509515,434505,92
726246,31457,61
698925,838227,90
90299,656945,27
284910,495104,42
222096,768958,75
885650,129575,60
781288,108898,57
254319,347684,53
541060,609374,86
749789,707047,84
349649,565372,50
222516,835035,1
435364,172746,62
346145,673032,46
650491,814657,81
945008,765865,48
904353,475219,3
18253,782937,72
825366,939543,30
903418,749907,48
692057,410394,9
498846,114126,66
122227,272752,18
145801,483149,95
299740,744382,26
830073,38872,76
337565,463319,42
3177,407989,80
72370,324033,18
34459,166962,10
135095,541866,58
145298,37440,49
268732,595015,22
419959,266128,78
816027,971400,30
326940,881076,4
254108,809641,1
647788,378185,45
160600,220332,91
127164,246854,18
886556,346737,54
621975,539081,0
345074,661911,46
740201,573687,16
967708,277254,40
808407,912229,30
848464,150921,57
545608,35536,31
268556,622215,8
580360,118124,17
315317,532872,50
993768,265875,40
564594,145663,87
159422,415063,79
968169,19403,70
118412,165552,96
446318,280092,78
512132,404636,92
722206,119429,74
246048,329758,53
247805,860895,1
73814,600265,69
654149,291218,45
505451,130000,66
916369,427290,15
469615,830755,88
513926,568692,77
9142,661204,94
862551,907201,30
328505,197791,44
274385,597895,22
821890,507690,51
751772,35476,61
258163,962228,59
177659,927442,24
532199,682958,86
486770,152062,87
719304,358104,9
657716,242012,98
511020,725362,73
167867,340893,25
389685,436554,20
168204,4930,49
865417,75490,76
772478,47852,76
256073,828780,1
314452,8313,64
721180,884284,90
175914,600878,58
972434,711106,48
562233,463928,92
242174,218545,5
91632,73475,37
895381,682700,48
148105,206138,96
574866,777720,73
148148,932684,24
622352,886595,32
15845,313634,67
260497,179452,23
64106,436877,68
606106,827812,32
44174,442853,68
38842,831778,41
702222,253625,99
684563,456885,71
867658,729092,48
855769,925571,30
78773,940038,47
234979,302275,53
337800,408333,42
861433,115931,57
468418,707094,83
134634,805523,28
436332,443267,6
989277,779134,52
921152,804133,52
79997,512120,95
203381,227984,91
728568,57905,61
220248,712328,75
108589,67620,37
493188,26330,36
535295,713444,73
856125,894547,30
661345,229144,98
224344,555068,22
35232,161004,10
9371,502253,68
372830,154043,82
16201,300869,67
720729,295774,99
84228,635636,69
135320,335573,18
983496,627689,12
581780,989074,55
382185,391124,20
625693,35387,31
753161,377106,9
29806,965724,47
925212,50386,70
854117,145873,57
699758,848907,90
591717,993080,55
705928,543080,16
548909,523414,77
34276,83044,37
721979,309497,99
730015,369676,9
153033,40352,49
209195,951779,24
557925,45782,31
460857,634163,14
390532,680045,46
524206,332584,11
751909,350477,9
478207,238507,78
593432,812433,32
564719,245211,21
275696,632427,8
204459,355115,25
423492,636566,14
768454,409700,56
836554,972956,30
474675,868969,88
767850,268745,99
799870,421564,56
235436,983230,59
153839,583642,58
273905,538073,22
393064,234339,44
545063,884139,32
738266,52157,61
605151,789116,81
681866,121999,74
443740,940641,29
357292,15947,64
37314,142958,10
695613,169161,74
93245,177303,96
934087,209417,19
683274,802244,90
329324,964006,59
61453,846185,41
847387,38238,76
669441,304301,45
388493,413164,20
51053,57149,37
518097,671399,86
204299,655409,8
463472,580675,89
405447,351155,85
865230,932593,30
90591,573776,69
453396,227115,78
122325,925423,24
585910,392221,92
72148,603604,69
784572,309345,99
163232,447450,13
297934,391186,42
669410,783276,81
523323,500049,77
335821,143853,82
748186,770163,84
143503,855783,28
153310,696870,27
299309,495168,50
296116,831163,4
359620,145829,82
962045,96997,60
234047,631645,8
66130,450176,68
123385,735202,63
555062,930672,55
816155,122266,57
936490,602538,12
859314,500129,51
668252,320747,45
798684,496473,51
232905,438296,13
452176,736052,83
833106,26009,76
141307,949091,24
378831,13075,36
751950,25212,61
745536,240149,99
197255,274272,91
693050,102709,74
239531,813463,1
883097,219721,19
867177,651950,33
333819,497642,50
879322,774805,48
158403,282467,18
437674,987061,29
535721,864875,32
956956,569361,12
264541,152769,23
589402,90625,17
137783,724098,63
924659,744082,48
796387,879672,2
662489,457969,71
99091,428118,79
386559,904085,97
965117,737080,48
103915,513843,95
163639,293112,18
348921,321667,85
270602,23702,64
371931,49495,38
872748,275667,7
146722,969327,24
488819,596305,14
101812,161350,96
820818,492225,51
838009,433553,51
730040,787800,90
559365,254691,21
592493,41438,31
452454,404403,20
808356,44645,76
358498,278535,39
343883,656200,46
766914,538329,16
711036,394351,9
869030,793574,2
611259,433397,71
107854,709571,27
774190,821240,2
593434,860854,32
389015,175340,44
944062,863325,52
904945,420155,15
559495,443429,92
713401,137053,74
465648,155552,62
372323,636105,46
22946,669984,94
428548,614195,14
788360,968954,30
216611,582131,22
884498,772624,48
501411,221118,87
341683,672160,46
4474,207135,10
324423,585788,50
344812,260619,39
228897,75460,43
268969,564252,22
387670,572543,50
734233,269060,99
105796,122725,96
641645,133418,17
366279,58809,38
406691,267197,78
787883,956607,30
696008,810665,90
849490,387349,54
187938,683689,27
762548,145832,74
1247,969778,47
61106,10156,37
697222,216741,98
769867,168569,57
150759,807388,28
778061,878874,2
241909,774239,75
648644,768397,81
455517,880961,88
327679,309241,39
420151,482812,6
636180,292454,45
283061,412256,42
793444,429173,56
119609,276762,18
548990,875193,32
372582,989898,59
231415,399510,25
579637,962833,55
345796,794865,26
300875,814105,4
673124,211328,98
790360,581230,16
737625,272812,99
162626,267198,91
810016,945471,30
547859,873238,32
515237,603928,86
230113,513108,13
812783,457341,51
545122,879278,32
31104,780084,72
886726,208887,19
780325,939040,30
450219,837236,88
428397,72104,36
867855,48646,76
608610,922980,55
532228,163787,87
773860,276242,99
807459,978869,30
853246,522099,51
922630,658647,48
895314,558027,33
773335,454523,56
174958,527402,58
56195,480200,68
725944,955187,34
842620,914593,30
569582,966320,55
948107,839537,52
99223,647872,27
791721,463593,56
608784,844791,32
403138,543117,89
168961,736218,63
621532,98395,17
739130,569993,16
886779,105735,60
90082,19726,37
544786,233272,21
618436,55810,31
12355,661680,94
871635,576546,33
12552,975694,47
495722,605387,14
741714,238,61
11499,271766,67
575154,628918,86
240742,158462,23
282576,257007,5
524368,60129,31
591842,94499,17
259734,350116,53
402581,190496,44
670601,797720,81
292782,790946,26
446040,594992,89
46015,390610,80
993732,668097,12
708336,11153,61
462346,653469,14
865517,751617,48
431338,506075,6
602926,391413,92
489633,271500,78
104404,719744,27
745281,939802,34
260342,573491,22
663712,21535,61
954379,255236,40
765984,902903,34
96337,148934,96
139275,799879,28
576323,263659,21
322871,501548,50
522994,972856,29
798314,263975,7
641468,162387,98
254220,677608,8
560911,234065,21
939487,973489,65
429920,667674,14
601719,95697,17
383606,280928,39
567093,146859,87
273254,582893,22
691052,527648,0
180700,26089,49
486346,33361,36
709503,624747,93
129371,350974,18
833279,930390,30
77562,595368,69
360088,413,64
943914,376378,15
799696,494948,51
600324,662232,86
147557,4582,49
18892,533151,68
684244,98451,74
679476,966777,34
621846,377735,45
606424,184923,98
2469,507869,68
760893,341951,9
170468,58201,49
188936,450198,13
481465,983623,29
765368,550158,16
515568,161918,87
368816,699929,46
707770,504196,56
38803,178018,10
956165,274246,40
263093,811242,1
549946,951166,55
249375,258902,5
377096,861000,97
827171,274018,7
425691,597573,89
415183,994431,29
415829,847539,88
602008,949619,55
251351,457359,13
837562,920270,30
979574,700914,48
267319,837844,4
649455,398050,71
39719,571985,69
367024,584263,50
718978,870128,90
256065,700404,75
700113,814213,90
483066,903289,29
588381,928039,55
554483,212161,87
794661,879351,2
255422,893973,4
5303,142275,10
223110,819353,1
874756,39219,76
161644,755281,63
15347,948811,47
672529,211090,98
803106,813531,2
27758,542002,68
434785,444295,6
271661,811357,1
483756,491700,6
12831,661349,94
301021,267390,5
34347,278044,67
95313,930538,47
560008,66389,31
812235,235757,7
383949,40690,38
881513,594492,33
627292,901896,55
171516,683638,27
917026,460890,3
180264,702775,27
552612,754461,73
232109,67054,43
982663,621556,12
503817,659632,14
436894,880913,88
514167,613852,86
24935,94850,37
145688,579831,58
230428,819261,1
328540,776104,26
996164,541967,12
856088,277164,7
302927,303302,53
608687,211545,98
439819,46454,36
766181,205278,57
123733,592661,69
855691,599541,33
499790,974694,29
684477,16473,61
863901,591963,33
133589,246594,18
516366,566603,77
899298,515966,3
849073,384979,54
355820,267841,39
609764,307010,45
932852,445981,3
615953,326408,45
942830,155479,60
150533,8922,49
964888,880589,52
69581,457699,68
559233,40274,31
896103,804760,52
608177,643948,86
839299,99800,57
338913,115578,82
531827,427889,92
540352,710404,73
774367,798947,2
907227,773395,48
463358,658925,14
564644,975500,55
242637,2980,64
100307,862353,28
579898,353254,45
151113,757299,63
934581,513414,3
959552,206042,19
961499,920383,65
889004,501238,51
320196,545130,50
3435,746576,94
702916,912419,34
28342,348857,80
254831,960087,59
195418,396498,25
949062,889182,52
482897,60572,66
38358,696095,94
277616,897886,4
782126,192715,57
976367,815555,52
47561,367183,80
250198,93442,23
489054,543753,89
868320,862548,2
857057,565897,33
34491,702990,94
158204,950383,24
92834,265531,18
783404,680779,84
864418,276963,7
932470,28687,70
154262,697631,27
97959,397025,79
814029,399500,54
409374,358252,85
152011,861245,28
949625,357007,15
217499,509412,13
697051,337279,9
649929,369638,45
511522,150934,87
752145,317765,99
693008,399197,9
307755,451051,42
822738,772750,2
625918,811399,81
184419,543721,58
334906,773060,26
820718,807505,2
750658,320686,99
785342,246740,7
966998,336515,15
815811,338525,54
590288,980198,55
201272,782310,63
296841,20052,64
20866,697485,94
639954,718517,81
117304,528517,95
801422,503480,51
990531,856212,52
365333,163257,82
870528,967686,30
903693,378242,15
114596,19018,49
637913,404685,71
548960,376755,92
125468,753744,63
180463,52461,49
725937,832360,90
488572,444666,6
514411,717296,73
602637,521330,0
996356,770079,52
721412,781988,90
888241,674649,48
828435,516216,51
54127,717784,94
806198,773172,84
717055,545110,16
675831,706302,93
819734,276546,7
924551,936277,65
14241,361904,80
527166,86567,66
935600,639263,12
104474,906597,41
187777,975702,24
635548,659510,93
386401,243495,44
430963,196589,62
74268,225950,67
550329,381741,92
930692,149910,60
551242,725455,73
737414,718154,84
14629,885911,41
506598,393911,92
475021,678999,14
949483,969361,65
63705,704533,94
90754,306791,18
238242,139257,23
500294,441330,92
447531,654471,14
704467,984301,34
151992,535817,58
476856,532104,89
86363,514913,95
155124,175092,96
776137,545787,16
46215,751050,72
899979,947709,65
150080,410950,79
844016,388512,54
724458,966576,34
258840,327095,53
488267,305935,11
855019,307585,54
595217,815383,32
146287,651429,27
579234,196287,87
10309,278585,67
193866,317682,25
282931,235907,5
896855,456782,3
149574,896150,24
597415,755360,81
350980,924660,97
765605,525304,16
794308,950352,30
567872,236853,21
800813,264530,7
969201,370581,15
367793,498939,50
668545,236943,98
312609,24453,64
982474,440615,3
416742,188084,62
135925,497706,95
961435,847083,52
928276,542958,3
499754,378958,11
159582,94952,43
874509,882619,2
179285,257453,91
12982,203487,10
10752,721330,94
394248,133799,62
761338,821643,90
360747,87044,38
954615,230061,19
651675,711518,81
490738,842402,88
254990,631384,8
673267,605070,93
412090,2655,36
632375,328978,45
143520,145335,96
656858,826975,90
978240,284650,40
129133,340829,18
317550,74956,64
795116,523358,51
81564,856555,41
130503,370288,79
441438,248965,78
364857,159503,82
778416,850863,2
466530,971393,29
218310,136577,23
452236,745810,83
838533,224679,7
181327,578062,58
493051,709459,83
877720,847493,2
822971,678187,33
297579,423227,42
186750,722863,63
158476,506997,95
103082,506982,95
852662,692375,48
749167,264103,99
795872,227019,7
509287,592673,77
62189,224082,67
146216,458424,95
748036,254604,99
136100,437518,79
369257,118654,38
218680,367580,25
919956,701102,48
434314,524580,89
632318,384484,45
31709,939447,47
300288,943997,59
764675,893321,34
56236,171276,10
644175,660743,93
107918,794424,72
884694,52976,76
381471,391468,20
416627,264816,78
776791,534620,16
360716,560627,50
459909,704880,83
926502,721595,48
857947,527426,51
456404,796534,88
359700,488333,50
428072,611545,14
243076,392482,25
449116,295463,78
861457,523474,51
35660,343037,80
422954,593877,89
298042,197567,5
511678,780876,73
184322,907815,24
648739,370588,45
476892,135705,66
806736,819782,2
87898,315510,18
784424,814768,2
808639,807053,2
154885,161933,96
618360,782304,81
183469,563653,58
322168,691674,46
973753,875743,52
628993,494229,71
513687,542189,77
579436,590646,86
1329,351664,80
425282,730685,83
633715,862316,32
955479,742365,48
936087,815174,52
633311,73692,17
551892,663472,86
977056,382373,15
559254,385409,92
581022,243863,21
620345,146350,17
720456,720330,84
594062,407779,92
553845,486004,77
282944,451203,42
369869,403591,20
156053,790084,63
945671,905708,65
240476,689488,75
232479,283954,53
419288,976058,29
612061,912972,55
323431,912937,59
738606,751718,84
130905,120610,96
99089,395412,79
690142,229444,98
266216,302794,53
73476,914392,41
187987,513432,58
267309,666485,8
629584,419521,71
895081,633322,33
255640,542391,22
976002,675323,48
155109,922417,24
78647,827960,72
526706,360790,11
802648,112274,57
2696,326488,80
283871,23940,64
366885,250377,39
98251,318207,18
117525,248070,18
319077,733301,26
593578,280697,21
689268,540515,0
437002,698227,83
114725,192087,96
420168,778446,35
344590,527895,50
333144,161882,82
757749,492506,56
555424,19196,31
638441,282668,45
806620,874882,2
158318,859313,28
474740,959667,29
137082,937656,24
199555,929304,24
825561,215035,7
98511,689352,27
945270,154596,60
297508,226904,5
583530,404522,92
816610,772620,84
439778,361037,20
949771,802371,52
462480,903543,29
848070,526143,51
885616,554063,33
150036,671530,27
416868,308881,85
377294,183520,44
432834,645844,14
707546,740104,84
939596,798308,52
175216,871413,28
842428,703073,84
564368,344779,45
701073,934733,34
72950,77787,37
370613,900643,97
117706,301301,18
972525,237201,40
641695,968124,55
265998,633237,8
819211,491369,51
441982,406060,20
654656,810236,81
650921,34420,61
502268,630748,14
981852,989594,65
115967,65038,49
95760,439556,79
622380,348375,45
139959,294460,18
994231,44761,70
312977,210368,5
660995,353646,45
729113,215931,99
163043,280095,18
560459,650478,86
585070,283993,21
83739,402733,79
748310,850522,90
729120,328897,9
779478,687315,84
716464,612782,93
41966,325984,80
817062,367055,54
105570,319508,18
985034,482703,3
793321,352556,54
409054,982992,29
157585,547487,58
617918,359611,45
982900,608371,12
905399,55600,70
483297,773789,83
75356,517709,68
142626,118354,96
184423,606121,58
85691,214293,96
638219,560689,0
512251,407412,92
373729,276984,39
273457,998579,59
122545,625229,27
233725,229815,91
500913,856350,88
674480,993035,34
954025,313159,40
278790,629290,8
487476,17135,36
4565,739554,94
686417,619084,93
957943,151239,60
875498,505404,51
338261,159107,82
126081,46319,49
498717,945760,29
394182,17790,36
998900,525119,3
686535,610058,93
250482,855968,1
258509,761231,75
22548,980160,47
557999,296889,21
828594,189759,57
283321,785083,26
901814,790843,52
707819,315321,99
615167,113610,17
455838,270732,78
193164,515266,58
89202,230667,67
821111,414213,54
689897,109471,74
880706,37874,76
553728,519739,77
255202,192476,5
945325,93932,60
725917,488884,56
689664,193891,98
736071,161548,74
140826,874258,28
660527,488716,71
854288,26314,76
261920,98504,23
562220,245439,21
101742,984765,47
955899,810508,52
211777,338149,25
281804,288377,53
753290,550223,16
601289,873116,32
472743,398130,11
375548,836279,97
350232,364730,85
29361,480928,68
972295,366873,15
48551,1771,37
768158,447923,56
246552,799580,1
546738,30260,31
584984,828868,32
788940,727599,84
763882,569139,16
523443,511583,77
178129,823764,28
5093,605523,69
33573,263042,67
962840,459098,3
67424,199124,10
692065,544420,0
83468,855268,41
505736,911692,29
821867,122202,57
858017,695332,48
445916,511949,6
342937,744871,26
50570,938489,47
188180,757236,63
865898,159981,57
808412,989178,30
127998,262449,18
993705,203015,19
75276,164882,10
178256,960386,24
215869,125298,23
895538,317158,40
477585,780458,83
171723,155807,96
656736,762081,81
311292,887653,4
795626,98444,57
563748,917503,55
485947,318235,11
577285,435434,92
353729,135301,82
4940,38098,37
325248,448307,42
704363,232399,99
944267,306864,40
479426,717079,83
948340,765752,48
3712,391831,80
510152,139749,87
768994,482184,56
71325,774551,72
880603,305922,54
635826,328753,45
356958,401138,20
934269,261498,40
668,232162,67
955871,334649,15
451182,23349,36
436483,974807,29
596843,143468,17
268774,293049,53
275284,704814,75
821293,481305,51
296768,790396,26
198206,256078,91
907177,928476,65
906825,19552,70
613702,490084,71
846799,160303,57
223203,380972,25
4238,235973,67
998417,400464,15
598673,902218,55
586080,260836,21
880712,133559,60
734726,550408,16
711715,804720,90
940338,261410,40
525945,566742,77
245010,890290,4
120636,543869,58
819450,496208,51
775091,961085,30
972313,666060,12
475116,282028,78
45402,73875,37
618326,221168,98
187134,173262,96
25010,346286,80
38012,870850,41
386523,300523,85
902434,210237,19
464392,37261,36
250149,259355,5
980821,662146,12
689160,726988,81
500733,832968,88
706156,367834,9
197512,599976,58
812397,964734,30
295297,60486,64
596013,202505,98
505973,889124,88
509641,547389,77
982911,800290,52
475040,9311,36
501832,291985,11
392523,145788,62
263213,824818,1
723617,844065,90
213967,146511,23
415514,546904,89
820392,332608,54
148652,395572,79
378805,589644,50
162998,510465,58
397449,934304,97
848397,19401,76
75273,129264,10
549782,200565,87
899119,501601,3
412281,217109,44
964259,302515,40
384354,837852,97
792826,38791,76
973617,583752,12
130046,697597,27
529302,992877,29
286924,339565,53
74671,2733,37
937242,229782,19
952073,505880,3
340050,235234,39
585967,362300,45
180989,883290,24
468424,808422,88
154377,627630,27
579590,180689,87
853862,865781,2
182641,654700,27
548920,713517,73
87150,736320,72
333683,225694,44
248651,83404,43
777006,150050,57
899638,217241,19
181602,194039,91
217422,217279,91
808228,898584,30
513149,498741,77
349859,84797,38
187391,481162,13
895888,206203,19
664727,72408,61
967290,256805,40
123998,48087,49
213876,619782,8
681492,838677,90
645907,763770,81
685379,167063,74
844162,843276,2
946322,842699,52
248668,369411,25
693936,990944,34
810059,663165,33
826107,392494,54
649635,425133,71
225417,598504,22
65050,296349,67
753066,786788,90
551256,964254,55
218405,747744,75
347455,679858,46
389291,819241,35
995262,370934,15
299124,384750,42
496050,119173,66
954990,528199,3
450541,249264,78
387351,219666,44
937882,986524,65
513466,839628,88
630319,779980,81
127718,564851,58
461741,487289,6
882542,884272,2
962724,511529,3
283458,81512,64
982686,15692,70
746828,943657,34
57537,38989,37
298791,780725,26
652077,461848,71
279927,744454,26
38926,234091,67
380026,104045,38
697901,624950,93
536745,89336,31
478008,896976,88
482482,75279,66
221694,11060,49
899420,557177,33
482675,320272,11
814027,356565,54
793068,107455,57
997388,100180,60
739529,270242,99
965662,889330,52
971823,444881,3
131712,693749,27
848923,860404,2
816885,392244,54
460759,980937,29
611240,122995,17
187638,646888,8
251308,739837,75
453145,24331,36
935479,600588,12
89116,787429,72
332212,503563,50
395020,101521,38
274033,681332,8
147885,507427,95
342340,724872,26
930402,267352,40
386731,789151,35
266112,549422,22
136647,631639,27
964332,538166,3
964959,72936,70
851605,928536,30
906832,128894,60
328140,52040,64
647792,451377,71
301995,641305,46
423197,686058,83
592866,307988,45
364807,319069,85
593037,173339,98
322113,761604,26
286086,250464,5
564616,501269,77
841902,854087,2
654213,364370,45
966962,731779,48
22459,470884,68
153244,588531,58
443903,691860,83
99034,466069,95
235489,875460,1
856301,857188,2
764895,601439,16
397183,461721,6
159380,712294,27
532482,439497,92
629816,331469,45
6182,908779,41
854880,983874,30
973615,550380,12
252918,796504,1
845140,273376,7
644953,741321,81
395518,482858,6
406733,976923,29
160663,269645,91
924571,274822,40
944343,581326,12
355923,998955,59
453123,648227,14
755532,231224,99
198377,125068,43
29554,727486,94
872186,833442,2
672226,105496,17
74709,636755,69
944997,572538,12
657911,512550,0
442694,366638,20
95546,843433,28
587182,770090,81
908141,142076,60
875623,608146,33
121952,663443,27
491625,751064,83
139145,610977,27
693121,300331,99
678024,562287,0
360884,393459,20
877706,607302,33
928253,150849,60
325031,796711,26
329322,923591,59
800315,900302,30
378106,828224,97
964203,365902,15
731095,526524,16
296938,652421,46
251952,566351,22
673920,579525,0
91674,765255,72
652013,392734,9
691916,35020,61
596305,98392,17
679337,621292,93
62118,18727,37
748388,171543,74
123919,706836,27
793895,2085,76
56483,320598,80
296391,445621,42
565661,66217,31
914427,791244,52
446143,325544,11
418654,328243,85
793603,94099,57
525698,422601,92
670810,316135,45
289282,963987,59
740697,901476,34
118862,721231,27
736983,481008,56
311942,821608,4
767156,603502,16
68954,910806,41
920554,752031,48
391821,347951,85
19090,848691,41
958200,470330,3
845414,880932,2
834665,217815,7
818484,276402,7
496827,177470,87
754507,8282,61
195655,384886,25
789740,161820,57
717977,39662,61
610344,55919,31
847114,459968,51
694133,302923,99
234321,234622,91
306235,897556,4
236024,859912,1
554031,610119,86
274140,472506,42
412230,363886,20
846133,965895,30
805621,86397,76
81292,281776,18
821048,368884,54
845224,684612,33
275836,981809,59
270006,5574,64
689294,968030,34
688679,638952,93
878181,602431,33
65722,590606,69
329749,94063,38
932585,962865,65
877073,974537,30
56962,361010,80
511502,817773,88
320042,954805,59
415542,30667,36
434152,808783,88
230606,804050,1
684031,511462,0
148877,179903,96
634733,964717,55
13187,649375,94
46569,699849,94
378133,286293,39
739405,189805,74
64667,860162,41
759155,126764,74
524966,105688,66
314426,572619,50
12514,335998,80
123070,448772,95
514531,737321,73
163445,33015,49
888656,657891,33
182199,232656,91
265988,473477,13
738342,319927,99
16839,28442,37
40785,488486,68
985455,556887,12
616183,202840,98
135449,493984,95
395475,752681,35
325713,267179,39
479305,684696,83
689364,153263,74
902853,264551,40
312810,405632,42
463858,74331,66
281336,421060,42
759439,900982,34
811875,197518,57
691952,644483,93
838481,351647,54
141060,804371,28
70835,524125,68
980485,20554,70
463804,164116,62
305037,766483,26
290446,538504,22
639546,861608,32
46515,793188,72
119990,676533,27
497572,703653,83
299808,882508,4
318300,676037,46
157050,540517,58
485971,730168,83
937226,965963,65
944773,806075,52
702753,184428,74
690755,535332,0
330248,480746,50
905595,336892,15
147891,616778,27
188316,42434,49
190045,91193,43
684482,96529,74
363936,678804,46
665789,922666,34
249883,785982,1
6487,38901,37
822706,227730,7
465889,212366,78
247882,166075,23
236129,633031,8
360700,285099,39
672078,619512,93
148607,651002,27
399793,321712,85
24047,166567,10
496299,297695,11
374693,476535,50
131925,275620,18
353809,481397,50
846812,375489,54
854688,749306,48
589615,671165,86
281245,892186,4
984063,156896,60
967254,650457,12
233862,525750,22
294905,478063,42
818531,57035,76
601967,274727,21
353266,343610,85
60736,803086,72
472059,902524,29
726189,70879,61
276959,863402,4
207707,937294,24
110217,427088,79
82206,645291,69
418374,618593,14
693445,746177,81
11761,680446,94
258131,418569,42
905206,803736,52
400785,6811,36
486892,197797,87
381747,33272,38
215700,270200,91
252735,717594,75
616209,628414,86
765755,44589,61
413698,36750,36
669388,412275,71
106014,785356,72
484967,845731,88
206917,667176,8
240464,488961,13
971271,164388,19
885608,413901,15
439789,535815,89
451655,980427,29
37226,661488,94
644619,126512,17
292473,601398,22
711789,39925,61
23289,426991,68
441666,88754,66
697551,753889,81
623441,178417,98
660444,95090,17
183429,897801,24
350229,302072,39
937829,104719,60
19339,32371,37
61305,362573,80
777235,898,76
95227,481947,95
99263,321699,18
800667,815018,2
9192,505630,68
132203,943439,24
384489,118871,38
875794,476761,51
930516,193398,19
441779,992127,29
687628,968247,34
335525,170555,82
534559,345753,11
82571,783700,72
662522,7318,61
999516,876893,52
956619,902013,65
148324,892781,24
976122,687161,48
127391,70936,49
222909,441242,13
956185,602789,12
87901,367062,79
223834,987025,59
937058,144846,60
439045,44820,36
300250,307729,53
5574,691837,94
717811,260409,99
700245,27534,61
764167,355222,9
221639,101081,43
869255,570760,33
773186,940810,30
210473,431993,13
513573,635052,86
319684,930129,59
678532,98484,74
231799,851561,1
200644,234845,91
55903,572620,69
35125,348668,80
66846,489003,68
679080,310410,45
75342,273182,67
375973,985667,59
119701,826555,28
924873,352304,15
189005,623785,8
967410,268502,40
728600,595710,16
102436,643253,27
169705,233873,91
711595,791222,90
82044,924564,47
147855,6806,49
396184,674832,46
916063,278243,40
443418,533230,89
5633,675526,94
570865,537750,77
976676,8837,70
525337,345989,11
49038,187034,10
484653,563378,89
697575,144198,74
544473,971440,55
1173,729987,94
897010,59856,70
12524,493128,68
7243,736825,94
833230,105147,57
207029,547775,58
455577,891831,88
11471,803866,72
588490,764731,81
842605,669174,33
807621,694627,84
597270,324506,45
977058,422797,15
951929,86898,60
508953,986645,29
544542,131793,87
56719,286266,67
282869,196009,5
339407,422017,42
847895,580548,33
271368,890159,4
917185,131920,60
185828,220766,91
421535,753848,35
936974,735943,48
6424,974719,47
103501,549650,69
972851,720026,48
491481,321430,11
285118,983544,59
428867,973615,29
550302,937540,55
240450,258639,91
945704,455362,3
270875,606871,22
689894,59804,61
141903,966499,24
959991,578850,12
740206,647341,93
869832,278941,7
164799,784701,63
473367,887805,88
341458,894012,97
663399,760267,81
807837,332996,54
673449,660320,93
2287,452728,68
12225,470352,68
211719,375568,25
186165,878589,24
456264,442159,6
373044,761679,35
543486,374583,92
626890,148764,17
291799,274881,53
936343,127511,60
86116,361827,79
233232,944053,59
707682,12952,61
697113,384322,9
301378,272062,39
560771,883024,32
987929,134701,60
930290,389555,15
262146,892986,4
422659,640615,14
821153,122781,57
595084,592921,86
229050,652480,8
242622,751112,75
951209,971874,65
301352,838020,4
606578,767460,81
710263,396481,9
672775,342185,9
103813,793615,72
289343,998899,59
508574,615651,14
260407,664103,8
586028,378789,92
308913,902537,4
947558,617217,12
573498,782384,73
529017,197879,87
767187,115605,57
981045,433853,15
774636,310676,99
548260,618324,86
174109,250414,91
718460,161766,74
816887,436424,51
991573,372980,15
691235,594050,93
212245,213746,91
442635,368048,20
794543,893558,30
40899,399967,80
248680,578359,22
489804,141836,66
851281,482870,51
598464,389657,92
979846,280576,40
656353,336969,45
443351,409160,20
759273,105520,74
487017,310510,11
744581,178788,74
901512,720405,48
847165,317652,54
788798,334577,54
243628,663403,8
824505,470003,51
341481,273732,39
613804,219289,98
594938,133821,17
135251,171009,96
160620,555747,58
442150,224147,78
255259,152231,23
555823,730198,73
450245,267976,78
873643,322222,54
595166,959092,55
465348,117523,66
209650,600075,8
466774,80081,66
926329,818623,52
598494,890107,32
32171,707299,94
580389,605198,86
569562,630099,86
84728,34895,37
489555,967353,29
305076,426880,42
580548,271196,21
996328,293868,40
41617,464949,68
403664,386554,20
818825,992453,30
172700,569378,58
547558,822263,32
789063,796695,2
66622,726194,94
152070,849973,28
513015,244175,21
864615,592816,33
467937,624779,14
666205,922476,34
69144,118889,10
180678,662836,27
291448,367937,53
922280,766190,48
357697,822157,97
6310,67010,37
241490,729943,75
168594,574838,58
313976,8049,64
294922,767435,26
296710,808218,26
731945,810564,90
150221,771250,63
404778,108395,38
807193,508337,51
627130,183586,98
546174,553896,77
342655,14621,64
742954,837359,90
507096,771711,73
152641,440986,79
652402,920787,55
676384,990317,34
257843,578790,22
726245,6123,61
911105,943799,65
439822,89398,66
514024,211681,87
737007,886492,34
284746,733351,26
430491,274072,78
344397,292372,39
901535,98817,60
830760,590586,33
981327,163273,19
139246,317642,18
612431,130521,17
677692,982680,34
914810,224739,19
191054,57337,43
669299,914879,34
375622,85876,38
331176,88498,38
402675,761890,35
90780,745521,72
983570,862409,52
509389,307125,11
861598,881567,2
502765,982219,29
166353,895276,24
919842,787477,52
129735,467251,95
88562,467264,95
321060,60337,64
88366,179806,96
4688,800354,72
559102,834498,32
417430,756358,35
113646,58523,49
601183,92210,17
785975,895854,30
620728,585871,0
749465,268221,99
5308,225187,67
734438,702136,84
814254,175332,57
815264,145945,57
908158,414934,15
809069,32099,76
500152,60408,66
284697,914564,59
78633,600870,69
826246,716761,84
610420,338114,45
682946,279903,99
345246,559428,50
317817,554097,50
712799,27724,61
973166,5267,70
538267,662772,86
223007,92175,43
194904,767480,63
39980,951958,47
569394,813592,32
54758,325175,80
231980,890556,1
586856,292664,21
819429,156442,57
325094,867233,4
594135,641982,86
799960,934104,30
491448,779008,73
795635,245478,7
764174,474691,56
145975,416324,79
163518,262639,91
185165,76877,43
80376,891628,41
600630,794264,81
210603,616137,8
421799,190343,62
105250,946909,47
713457,74754,61
402659,496020,6
620579,77121,17
179938,226586,91
246870,154468,23
148301,503364,95
50397,33145,37
72777,171504,10
470675,642273,14
684467,851524,90
573478,454193,92
623409,644298,93
732555,54271,61
146526,664917,27
261599,695194,75
136362,842206,28
967962,549590,12
971577,301562,40
368980,458152,42
175832,221082,91
728847,737197,84
85325,67205,37
518665,205662,87
563184,437829,92
603134,882937,32
522293,184653,87
477208,438000,6
474363,625121,14
424425,323952,85
662528,118851,17
544535,8340,31
179649,367914,25
535689,325607,11
477202,340241,11
435851,359042,20
425627,528389,89
643332,484550,71
845357,916935,30
930686,43464,70
505785,737468,73
636969,550957,0
950736,32085,70
267583,283495,53
716943,667243,93
367407,9689,64
848430,572835,33
638424,4018,61
535211,302991,21
379021,214592,44
651870,983152,55
837702,268423,7
393688,721337,35
525050,524852,77
193088,241298,91
499586,551925,77
211286,96074,43
732506,233888,99
960959,848228,52
178820,435067,13
177573,484401,13
331746,662441,46
658146,463294,71
586611,177677,87
223490,212111,91
965481,845310,52
138352,288446,18
914801,73361,70
987156,139195,60
458447,130973,66
267040,148909,23
729823,137417,74
572681,64707,31
539311,213797,87
289808,807464,26
48249,935738,47
963280,856050,52
640207,968501,55
608550,909050,55
417161,227481,78
273319,682334,8
987993,207704,19
892582,634833,33
653883,814002,81
946064,504542,3
852700,339318,54
925811,111247,60
733077,832398,90
113547,394738,79
377415,223581,44
730380,507154,56
744184,512044,56
935900,683194,48
446639,669040,14
566149,272102,21
232993,926723,59
440263,511832,6
373846,231987,44
18322,941247,47
549549,282833,21
581593,833811,32
870593,60638,76
155807,661486,27
605519,963722,55
288283,185339,5
6671,119830,10
988386,818865,52
676822,363046,9
721172,749694,84
120572,456153,95
566116,712924,73
121106,437663,79
805638,358254,54
177901,988248,24
492031,571643,89
611520,826400,32
320641,21762,64
762440,333738,99
136394,380293,79
585510,682307,86
544097,647436,86
469918,916651,29
161711,886872,24
669521,655531,93
519154,427646,92
454980,853456,88
40576,971433,47
876531,859173,2
126649,597855,69
161501,349126,25
774685,137345,57
358671,186086,44
552943,322633,21
501475,296399,11
581471,798587,32
863399,163417,57
564951,139699,87
925992,152410,60
555256,192891,87
923160,555085,12
319079,773505,26
303196,825237,4
774996,365813,54
230342,366421,25
442776,737724,83
937575,828618,52
586493,196878,98
930076,794301,52
827642,186892,57
101007,625394,69
7015,908119,41
758044,447897,56
810591,618629,33
307870,383311,42
318791,926353,59
215639,247411,91
236891,436063,13
923718,941993,65
84489,18919,37
978174,185953,19
328282,443278,42
177430,79099,43
428703,211955,78
337151,509918,50
202999,814642,1
693461,9816,61
993693,1329,70
346475,215729,44
764357,548678,16
637638,785538,81
551784,848779,32
441657,931921,29
811815,178838,57
733447,55746,61
937309,368026,15
413368,477124,6
39287,303941,67
353149,390148,20
228816,714666,75
399131,200066,44
513282,734672,73
643629,480505,71
860880,818753,2
783749,476699,56
883418,621184,33
250117,732327,75
226167,199749,91
189277,181221,91
789126,848512,2
956122,547865,12
977900,570078,12
313902,758327,26
209374,953982,24
584994,2981,31
110113,679202,27
353367,41869,38
708461,113160,74
881485,130904,60
117949,376241,79
489602,749097,83
88583,820093,72
307625,259472,5
953614,392403,15
122726,665742,27
138268,875066,28
242565,797015,1
442532,638256,14
181070,249641,91
730091,652387,93
670359,730239,81
131217,370922,79
92727,470201,95
672493,597894,93
817405,136537,57
789922,228951,7
982536,498614,3
221094,937960,24
295359,103929,23
740080,526481,16
576161,548284,77
24199,723802,94
942423,314301,40
470699,40290,36
170221,915790,24
684587,864818,90
11789,145301,10
76596,352287,80
888442,46569,70
700616,268836,99
335615,687118,46
400994,522667,50
470535,287897,78
697811,124869,74
688892,217231,98
7223,400581,80
575238,33689,31
221411,268954,91
312055,713985,26
946640,192382,19
377602,364976,85
157012,905008,24
486036,822400,88
87864,733518,72
239884,736193,75
208879,636978,8
692912,783138,90
201419,263676,91
615648,198664,98
962492,615641,12
87898,308177,18
533516,812581,32
53466,604152,69
990127,81128,70
522120,281571,21
376225,222206,44
629028,77145,17
579685,782191,73
299912,627256,46
300486,281724,53
948260,406288,15
495298,480550,6
606287,872309,32
901451,691213,48
233411,950968,59
920500,844556,52
453748,155237,62
77643,954746,47
421586,600035,89
802628,783379,2
258687,768428,75
970727,13555,70
826039,247425,7
487390,566048,89
583266,956765,55
365457,245596,39
735206,608946,16
568344,158798,87
928424,38920,70
136536,761497,63
483704,624006,14
681335,210488,98
678195,429313,71
467277,535534,89
721883,696616,84
28021,958062,47
157896,769765,63
443199,856136,88
80478,604578,69
144783,375528,79
506327,848622,88
799952,798449,2
546966,871958,32
12898,790952,72
544597,50359,31
383838,171721,44
131553,21130,49
141188,954533,24
841984,241108,7
307179,761990,26
777942,872662,2
845296,905948,30
273827,214759,5
457694,464041,6
146157,468569,95
243205,560269,22
443365,635632,14
68248,56729,37
445885,996059,29
766556,508848,56
209824,520500,58
55495,717269,94
140356,978797,24
656790,682736,93
759000,519730,16
103895,172417,96
827631,10932,76
736916,350935,9
176099,702320,27
898657,743790,48
895162,997537,65
607491,106103,17
280498,332476,53
930878,269470,40
987444,984461,65
845398,607917,33
270463,681755,8
267282,224092,5
324571,73078,64
237724,432460,13
368673,298415,39
469016,766686,83
704473,83985,61
548799,680805,86
303587,388407,42
969519,722190,48
855023,373413,54
959553,211748,19
852546,756663,48
244950,888554,4
941443,840655,52
895814,953655,65
94037,485433,95
682877,122595,74
457900,933619,29
346859,664399,46
561039,399191,92
210888,407847,25
695666,60068,61
565821,753549,73
913204,235121,19
683291,79087,61
215504,991068,24
892569,421674,15
90685,147447,96
151071,56064,49
280301,32151,64
366382,794337,35
437363,769815,35
289237,222572,5
771413,142489,57
815914,82529,76
76385,803380,72
420719,35193,36
505045,301195,11
197778,70672,43
800807,170958,57
303406,353349,53
746815,733848,84
792513,771512,84
806054,356624,54
794210,289776,99
274597,166406,23
791771,310398,99
865924,585047,33
888762,425437,15
333963,916648,97
105033,290210,18
575778,111276,17
218821,725219,75
757869,515176,56
576005,925480,55
554485,245806,21
275612,226631,5
992340,260326,40
310845,387080,42
662528,114602,17
119516,714650,27
132627,75304,49
640850,780380,81
853661,482292,51
897609,117414,60
382537,314206,85
870676,454882,51
218152,482819,13
750571,848766,90
210450,42584,43
719386,736640,84
723720,563464,16
145257,346560,18
638946,779593,81
620914,705478,81
974895,60859,70
865193,311554,54
304026,780249,26
648127,81291,17
272972,841037,4
312897,863825,4
321470,946751,59
56616,547200,69
797117,159786,57
528193,345261,11
802938,984557,30
458092,153004,62
547549,669289,86
751456,735068,84
291144,257772,5
375814,315905,85
423259,716627,83
357271,661209,46
955529,576124,12
919733,961358,65
549166,833028,32
711930,420526,9
793073,187080,57
262844,628728,8
45971,644115,94
656424,521255,0
741453,606514,16
697235,443885,71
391093,101835,38
553537,310919,21
630526,254770,98
932587,993826,65
240563,149192,23
476883,988202,29
714043,926275,34
908862,251386,40
60639,164886,10
245320,107693,23
997875,298279,40
177995,578425,58
602901,972217,55
62625,539232,69
886038,640974,33
853343,136068,57
908377,99401,60
642820,883261,32
974658,89368,60
14600,390807,80
294582,45624,64
809025,290793,7
372397,879895,97
402852,734603,35
483464,581867,89
439128,440497,6
434009,404836,20
83600,73285,37
709509,726818,84
645204,955586,55
548300,280701,21
743270,151253,74
113725,384138,79
208663,10473,49
28020,944992,47
489790,908877,29
497479,134849,66
418637,40069,36
440706,950530,29
569191,400153,92
374610,86321,38
811542,591028,33
413575,971481,29
688626,746222,81
757301,970144,34
221123,430136,13
312242,855826,4
870926,659740,33
262512,43064,64
789649,636875,33
974570,609448,12
8089,958011,47
306536,957633,59
940645,436135,15
127625,5330,49
584387,792762,32
964004,20709,70
60460,166079,10
305651,83203,64
402777,474221,6
243448,633964,8
45933,6282,37
589766,198707,98
673001,142200,74
961468,401753,15
274397,803352,1
951904,658608,12
235035,240993,91
374723,977493,59
734206,816688,90
90104,379496,79
205370,654328,8
306350,832947,4
347191,255643,39
603805,153026,17
910286,182694,19
546929,251382,21
987063,578140,12
799686,337802,54
453076,862968,88
911558,571222,12
537390,924302,55
759594,505919,56
980819,628563,12
260511,424551,42
433017,728753,83
152287,499386,95
189012,739099,63
45181,357320,80
479644,388186,11
247087,798629,1
562443,987117,55
476724,310832,11
162870,367973,25
533331,710537,73
998833,389857,15
341139,524442,50
296946,771578,26
914777,657382,48
622178,960715,55
745285,19537,61
367327,680513,46
391256,854150,97
710569,545786,16
39720,574685,69
747561,268099,99
953273,674825,48
796985,930797,30
908441,171473,19
952115,211506,19
787029,611083,16
481862,656425,14
541228,425888,92
911297,172372,19
65875,174936,10
159696,16295,49
875347,966796,30
952072,483168,3
617389,468589,71
583285,271777,21
761430,359814,9
403016,490252,6
675593,704601,93
233278,719255,75
525597,720116,73
992680,979187,65
208784,41298,43
110977,192022,96
319272,15477,64
121943,507088,95
629694,267937,98
226809,987108,59
326497,442989,42
318711,578691,50
66209,788955,72
977424,581617,12
246629,94304,23
974568,574316,12
534958,45720,31
426094,365504,20
32858,252853,67
703911,643764,93
747977,251936,99
303910,817270,4
866256,176800,57
481483,293618,11
845619,321365,54
188643,539425,58
123227,90132,96
860341,755535,48
289719,311805,53
519246,980640,29
629819,373144,45
444904,507120,6
166833,969413,24
931282,62962,70
207535,49865,43
84811,421939,79
537135,631789,86
492007,166065,87
60263,847394,41
153504,957985,24
859486,387636,54
9036,881949,41
930257,837647,52
348864,361270,85
874006,427800,51
38292,583491,69
734116,289678,99
620721,469478,71
519480,905870,29
960546,910833,65
373419,54604,38
738185,679185,84
62515,703049,94
147872,298307,18
652641,950663,55
798877,726768,84
797272,757006,84
877,749458,94
142467,456128,95
158870,144118,96
198166,578048,58
262439,816993,1
211296,262706,91
303553,826803,4
80918,995480,47
38856,61991,37
886260,384177,15
878193,805173,2
552123,546478,77
661416,429349,71
70307,653648,94
867563,147931,57
276431,982328,59
992620,975064,65
910565,878461,52
299051,155462,82
855666,191216,57
778769,778219,84
531144,951395,29
106273,133201,96
724716,315212,99
783906,112714,57
388918,560963,50
118351,131094,96
307633,391025,42
972295,362264,15
572794,950236,55
623231,648020,93
279591,90301,23
695420,924677,34
50868,946144,47
852697,289010,7
400909,80236,38
530029,204595,87
643897,991945,55
635015,706284,81
524445,355800,11
935745,66799,70
706374,31804,61
533796,520799,77
82208,676299,94
571091,326879,45
865268,569972,33
528058,71215,31
920139,790929,52
158460,238967,91
328451,291513,39
461594,12795,36
53913,127132,10
715913,363008,9
81680,797025,72
609695,153873,17
155147,557809,58
105515,401647,79
496317,601726,14
223149,476486,13
313600,684492,46
261321,23603,64
704468,2967,61
869617,654510,33
357421,181966,44
304023,716323,26
247474,297020,53
18694,198242,10
854263,603400,33
354462,453708,42
485042,102231,66
204190,834839,1
143194,670626,27
211759,36388,43
579307,413969,92
580153,643850,86
191942,973849,24
485855,766610,83
421559,146677,62
213175,833880,1
32496,160666,10
321940,860071,4
229585,644525,8
532006,441206,92
351081,627161,46
706811,373462,9
792106,938575,30
635511,40397,31
958132,328878,40
453627,111506,66
88874,714540,94
278036,960261,59
114466,834568,28
599713,380786,45
876038,582052,33
551135,942734,55
533879,915443,29
852979,33504,76
107299,383051,79
954353,826492,52
862874,332142,54
324810,94134,82
117129,601714,69
9403,47954,37
976646,490739,3
855300,29265,76
868955,528684,51
605477,256829,21
532183,401428,92
809455,517412,51
156759,655040,27
257865,953078,59
389425,75051,38
395014,4161,36
943949,951123,65
540244,882994,32
490063,489846,6
853324,820063,2
807105,23307,76
726443,340516,9
59592,568899,69
493927,439828,6
199522,382241,25
334170,403013,42
454290,259457,78
698145,735922,81
653799,408136,71
550104,609306,86
612202,294927,45
849252,392747,54
906256,460424,3
359263,149555,82
575668,256528,21
473022,86728,66
639055,605884,93
95315,963017,47
441829,828476,88
210282,219793,91
64572,275847,67
170088,674576,27
602810,435517,71
749460,189825,74
391284,326675,85
436066,972719,29
500085,929411,29
627395,633848,93
89419,874624,41
815270,252227,7
191321,535210,58
277861,11183,64
965902,926296,65
267552,759755,75
208160,559082,58
500578,226161,87
99681,347117,18
11571,488539,68
886615,343965,54
35402,13630,37
86233,330534,18
300764,951641,59
231067,545989,22
442515,363441,20
363177,924358,97
689359,63612,61
137490,805585,28
475549,556927,89
286379,178252,5
886004,80731,60
852316,884684,2
897333,489478,3
668426,241454,98
122766,335452,18
958337,778092,52
393004,222288,44
999065,293110,40
313757,322385,53
335890,308660,39
648733,265871,98
501287,136494,66
67971,394146,80
413985,858545,97
574512,828858,32
617691,549257,0
363827,845602,97
43521,465627,68
794882,584894,16
320437,590267,50
624615,913405,55
610102,986747,55
273387,829194,4
272392,100408,23
565614,280269,21
495129,637973,14
423944,241261,78
880285,966749,30
162141,111135,43
861009,993474,30
320478,283182,39
454226,186211,62
658182,66879,61
43908,971335,47
238965,286995,53
535849,20202,31
543046,985857,55
300322,520581,50
416603,848618,88
728755,199191,74
805350,531708,51
429340,919234,29
579723,418029,92
824434,270447,7
413154,890393,97
849434,452043,51
501490,558449,77
861232,731590,48
845767,808828,2
975387,334584,40
353307,33966,64
877491,992951,30
541546,767769,73
897056,829431,52
254770,920065,59
533365,272047,21
308981,49304,64
653504,442657,71
742728,34613,61
742753,457315,56
98691,700767,27
792316,459259,56
777969,338981,54
261327,137860,23
24637,85065,37
702893,523409,0
942582,986318,65
50024,764552,72
829061,43849,76
978310,461329,3
572504,89810,31
447585,563567,89
870862,587316,33
34016,712580,94
338022,140635,82
654145,226822,98
212531,9409,49
143084,818460,28
873430,747653,48
815036,317864,54
355994,206110,44
104642,724333,27
869180,315457,54
901194,380762,15
481214,763715,83
773841,960878,30
492286,862411,88
546181,666267,86
962217,995837,65
41548,309354,67
323093,238310,5
292246,778781,26
973001,243616,40
456654,990756,29
644206,180946,98
161621,368979,25
441662,25713,36
160668,353019,25
196628,738319,63
944198,150706,60
928135,165252,19
398952,192838,44
38952,678856,94
540988,398900,92
326248,254285,39
768345,587831,16
681003,632423,93
145065,114841,96
134702,940715,24
597889,728435,81
814962,68619,76
294251,484582,42
370584,417897,20
603858,53817,31
515088,88463,66
801163,162107,57
532532,272332,21
92004,316225,18
801320,801581,2
177734,189664,91
683596,198111,98
662746,786578,81
18957,619718,69
601523,807753,32
911892,173415,19
601521,769983,81
110526,622131,69
155984,635295,27
413493,584813,89
954861,350841,15
585577,803787,32
251449,112080,23
740572,797936,90
918316,145153,60
589125,434005,92
337678,357840,85
224015,32727,43
51154,756426,72
265735,210164,5
238242,143530,23
319926,1836,64
870503,545383,51
256183,670661,8
812127,431654,51
819177,924239,30
687702,221992,98
31496,365145,80
992443,993350,65
249425,95995,23
395840,895051,97
127981,992197,24
862342,395634,54
427570,179407,62
298593,462743,42
338331,341108,85
15148,606920,69
510841,716092,73
362174,72087,38
579359,302700,21
485224,161817,87
666322,890260,34
615217,965049,55
583347,329338,45
199666,795792,1
878042,261509,7
192523,749501,63
864739,683983,48
707240,588843,16
688205,664477,93
868935,205119,7
438702,265993,78
559778,205532,87
379815,551844,50
852769,503733,51
249469,826688,1
158355,474747,95
80248,739783,72
548855,622138,86
274131,329745,53
31437,367204,80
609077,758717,81
771104,945553,30
909992,236037,19
87934,907489,41
171181,45733,49
645968,788124,81
8780,569659,69
266679,83145,23
419425,277292,78
457135,79489,66
973621,660357,12
621917,562491,0
796794,718596,84
459440,812268,88
802520,955953,30
711307,948116,34
999523,994688,65
731868,517718,16
291460,572471,22
530835,755680,73
720245,161140,74
285686,531010,22
692001,462214,71
432737,18131,36
741444,456405,56
802459,933806,30
481562,626222,14
916344,995180,65
5256,349706,80
522843,423980,92
834547,233853,7
383804,594042,50
64335,281088,67
257650,339205,53
26523,783896,72
944697,535683,3
225906,817319,1
684041,691821,93
437205,104553,66
227023,585704,22
927636,792555,52
483970,85522,66
375920,91669,38
689699,786206,90
778954,883542,2
700110,764320,81
929667,919360,65
693790,536900,0
689671,302732,99
32091,364763,80
588211,68229,31
725931,738193,84
825905,1430,76
36024,461895,68
85707,480507,95
896083,475724,3
496488,484992,6
270452,499604,13
856801,265823,7
701401,448395,56
181621,516063,58
471253,353866,11
426556,139335,62
807829,196520,57
917499,414711,15
61287,57642,37
801934,106334,57
168787,804843,28
11445,369362,80
873568,68453,76
504581,497687,77
631514,871624,32
385919,146647,62
696861,154459,74
993785,552813,12
134521,903590,24
649209,260288,98
668817,816167,90
335527,209680,44
91962,616759,69
874581,87120,76
239494,183354,23
644236,679626,93
486406,28899,36
710768,888546,34
802102,941875,30
98658,146707,96
706142,136080,74
100530,615176,69
264690,661300,8
475871,975311,29
54017,877335,41
379938,625605,46
552031,1560,31
233574,694353,75
992915,933750,65
543142,587734,77
60186,551112,69
549654,48470,31
638135,150104,17
799005,882166,2
567202,973949,55
164509,912175,24
940300,637523,12
859625,732878,48
491094,817193,88
570139,335243,45
439680,703920,83
796198,709476,84
176797,432529,13
524753,534328,77
464790,729573,83
949714,859153,52
791328,861322,2
251471,484224,13
362398,831006,97
732089,227292,99
98435,405506,79
354965,901937,97
871217,556512,33
299646,158634,82
169590,310911,18
482435,296743,11
368680,416030,20
218897,3468,49
298655,510029,50
67452,667298,94
282552,854794,4
534360,991410,29
644262,120634,17
509230,633199,14
187052,789607,63
933293,858954,52
446588,819879,88
716135,94644,74
693680,681464,93
368547,170973,44
552065,571954,77
839112,965840,30
873180,542780,51
507600,246409,21
399616,352466,85
902603,63379,70
222748,735494,75
448992,219589,78
646993,12210,61
216018,628218,8
469413,432828,6
541675,939586,55
633266,306340,45
666378,828446,90
707571,153047,74
267912,801923,1
932127,269160,40
785977,918159,30
503424,61040,66
902341,654848,33
38989,302344,67
498881,696893,83
689007,156253,74
151924,397182,79
438673,780594,35
454620,807844,88
439983,795013,35
785074,749591,84
380864,184302,44
570255,292399,21
357436,438052,42
351988,878070,97
738440,973795,34
582230,545129,77
986663,861096,52
440710,25186,36
308152,119321,82
438219,152999,62
463220,349622,11
104110,779896,72
724160,972539,34
470074,548581,89
4486,400673,80
122386,949800,24
303924,61633,64
870615,441775,51
914552,885072,52
408293,195417,44
381698,211104,44
39517,175498,10
597726,986537,55
734726,544436,16
348383,277859,39
990287,760008,48
460086,671700,14
271231,587133,22
949957,931784,65
504758,469649,6
396571,169858,62
811065,579080,33
601400,735886,81
44774,532076,68
610747,831990,32
264089,547925,22
978352,177074,19
97843,463341,95
378099,725730,35
345329,958603,59
248968,406783,42
807434,556127,16
839620,500620,51
935755,236319,19
814865,443082,51
895654,259162,40
738184,662687,93
780858,887030,2
313394,224970,5
86677,780612,72
752053,769944,84
464647,334626,11
71165,74508,37
264458,759002,75
550863,361216,92
970389,337856,15
359002,756559,35
494418,699943,83
943422,106997,60
315055,133490,82
577684,135346,17
776487,427867,56
164726,554262,58
496929,885865,88
743667,827247,90
557002,546839,77
733646,389960,9
60428,614203,69
918520,573909,12
688724,392475,9
336424,282852,39
900423,420224,15
720208,549713,16
27525,620819,69
109094,554558,69
465264,704534,83
114303,103995,96
854656,217504,7
596911,289522,21
4781,358404,80
707352,475225,56
109743,459680,95
851583,559585,33
952423,382795,15
643621,338934,45
473830,674079,14
261513,250141,5
130697,631121,27
266254,939642,59
566372,30669,31
466522,849075,88
414219,780996,35
209325,126657,23
725409,964372,34
204667,854535,1
177780,955489,24
919241,690099,48
495455,126293,66
613258,29503,31
871798,319657,54
481145,618702,14
532360,391031,92
60686,950043,47
379302,944826,97
696410,573070,0
601486,188413,98
669027,346244,9
323331,234650,5
775316,746426,84
196615,514219,58
491173,147911,87
940257,908176,65
721611,117297,74
426649,705571,83
544606,200413,87
357850,392564,20
830532,767373,2
245667,940960,59
715201,391097,9
174073,647322,27
548043,971243,55
696372,925877,34
215634,161900,23
55018,692313,94
712377,927157,34
736419,9442,61
702278,193423,74
873701,299579,7
34149,951728,47
693823,90131,61
832839,531748,51
92617,615242,69
375174,558060,50
315037,842529,4
397334,996283,29
540533,740281,73
919056,576565,12
343349,683385,46
665875,370513,9
214538,748167,75
446293,846754,88
396340,293551,85
723051,330260,9
694860,516403,0
187296,898200,24
62859,473736,68
89044,570969,69
282264,12729,64
946365,557043,12
228743,489589,13
526077,787772,73
90832,613466,69
524275,492640,77
809019,193754,57
435362,129505,62
599866,953626,55
608512,275670,21
195504,844361,1
176793,362577,25
840003,933959,30
49911,856005,41
892507,374373,15
98489,310047,18
966367,742655,48
818864,662743,33
726565,387198,9
638107,672312,93
548576,932851,55
435298,66872,36
925143,885400,52
928200,271243,40
793021,314549,54
640995,213778,98
977363,555885,12
772577,705172,84
829628,567413,33
525039,331274,11
737436,99259,74
247223,87075,43
474772,494537,6
692599,516586,0
266871,307844,53
934273,338196,15
70992,164320,10
727164,453575,56
251208,60588,43
310708,79585,64
587223,463827,71
549220,753440,73
81967,628838,69
883188,745269,48
738993,263774,99
252134,618627,8
279758,899576,4
184474,455079,13
515722,746013,73
252630,954000,59
891029,525111,51
545027,275310,21
150651,2932,49
294089,760183,26
408843,427214,20
199685,114638,43
727531,622335,93
598898,686753,86
261990,281647,53
655805,124417,17
76785,539114,69
891933,733319,48
906484,293005,40
545655,831439,32
3921,905456,41
5526,882332,41
369770,735118,35
141150,313866,18
158647,389433,25
207380,435936,13
778949,800379,2
979574,702166,48
313365,734695,26
33476,640808,94
73189,99124,37
985379,271688,40
269841,230461,5
362685,654859,46
231651,368074,25
235097,287191,53
820091,274543,7
249241,9917,64
678295,115614,74
125262,280675,18
313908,856657,4
850144,379250,54
65252,690552,94
113330,747760,63
609669,721912,81
190006,433261,13
828784,379513,54
481946,68224,66
642831,69959,17
808594,54329,76
113497,553255,58
565972,294944,21
126846,906555,24
471429,321953,11
80407,412935,79
201160,909171,24
437240,709054,83
74241,785185,72
605176,201206,98
672562,764634,81
207786,266759,91
434289,103170,66
980116,815910,52
15355,87549,37
442900,826637,88
293995,178349,5
517254,501914,77
669621,331681,45
572627,152685,87
177783,14391,49
872634,375753,54
296348,732522,26
500094,87285,66
7657,704407,94
979880,855337,52
659977,236226,98
250389,302308,53
902957,15090,70
632960,159258,17
656166,187857,98
320460,984458,59
788390,486668,56
441296,874194,88
590725,325379,45
651586,222481,98
242704,129406,23
939541,869561,52
717435,943433,34
289923,747777,26
896686,607217,33
503987,509549,77
1682,269753,67
749156,73985,61
479922,62532,66
980282,610942,12
105635,416264,79
164514,990134,24
188208,222138,91
473590,627330,14
543549,428615,92
741584,806742,90
915616,768114,48
702680,955289,34
549590,963876,55
868379,853343,2
146423,932871,24
765242,436944,56
734316,657662,93
329395,152620,82
99952,893283,41
418872,996885,29
657946,111299,17
609638,196207,98
665238,668164,93
840772,871409,2
774441,34308,76
620934,51083,31
552081,836282,32
396369,779991,35
322735,223456,5
635159,131277,17
376563,909277,97
220471,462544,13
991298,759093,48
87453,832851,28
741322,411507,9
214559,108407,43
999143,604129,12
603262,36722,31
195439,746900,63
158912,850667,28
166604,115325,43
279049,977652,59
408719,356568,85
852463,347729,54
286178,796032,26
910094,951507,65
987254,793666,52
152247,829269,28
528978,544597,77
44935,228151,67
537233,287012,21
813435,402472,54
352614,388736,20
488699,565002,89
995051,822396,52
13678,886824,41
857035,191593,57
108236,122851,96
756995,824486,90
150788,309716,18
399455,650874,46
241976,906605,59
325059,280044,39
708504,841474,90
656512,6583,61
640576,162587,98
612522,674038,86
560270,464324,92
893828,579301,33
321782,196547,5
368760,752038,35
508559,365599,11
628076,74059,17
714313,465553,56
562909,827049,32
219854,97050,43
135472,891008,24
175929,855071,28
188255,16365,49
59868,211032,10
817586,180635,57
938772,941440,65
785949,446675,56
272453,129615,23
442444,158165,62
280727,193529,5
651742,843516,90
984877,840599,52
951422,551836,12
711018,91314,61
725873,755499,84
678151,685964,93
8159,142032,10
132353,464406,95
284504,660414,8
587088,197138,98
311943,828816,4
913459,516004,3
485725,589431,89
581964,80122,31
626225,979941,55
871247,54104,76
340678,789414,26
686328,119098,74
688543,346397,9
908514,402216,15
58528,682053,94
272175,455770,42
127667,704592,27
91144,861484,41
977341,175070,19
406881,461404,6
831509,179175,57
408950,234339,44
538043,894743,32
960292,642988,12
712940,382726,9
482845,180348,87
114864,521113,95
355929,99462,38
661398,131774,17
740526,28087,61
72247,272030,67
10248,251930,67
198355,767121,63
17276,362470,80
49752,191072,10
354880,472929,50
518018,336337,11
830708,721522,84
630718,481481,71
252647,245298,5
727503,155203,74
502937,871887,88
811566,3548,76
638851,172409,98
678430,374539,9
877053,644820,33
501485,464392,6
40094,866828,41
788481,12168,76
523886,952386,29
757139,249761,99
738267,64984,61
195586,226239,91
409432,327501,85
317846,46767,64
16563,382757,80
998970,702863,48
19046,121363,10
756934,800922,90
112704,223258,96
300602,220496,5
883752,223518,19
681928,178903,74
832802,905771,30
305708,34757,64
161672,236110,91
302437,72991,64
760684,831855,90
998637,93618,60
439369,475287,6
162233,661430,27
655312,829326,90
490510,14172,36
203609,66059,43
254487,174726,23
620893,363857,45
350442,888545,97
786935,21641,76
735543,282751,99
203236,793177,1
928064,975354,65
788256,226468,7
248845,346382,53
643177,876585,32
771289,66630,76
864525,82475,76
174043,154096,96
905097,968233,65
106408,401808,79
188752,363141,25
321696,753521,26
431382,242732,78
597235,742365,81
933300,987721,65
637817,794245,81
886756,714001,48
229172,706534,75
729733,634738,93
54282,331635,80
796682,838679,2
688114,147061,74
664881,667225,93
57874,690168,94
657937,960117,55
694185,168199,74
920640,203439,19
206170,110557,43
144705,65636,49
158263,941452,24
986022,78691,70
566910,61587,31
104101,630804,69
929296,691151,48
185061,332708,25
831986,200734,7
749530,353269,9
404256,347057,85
988728,551931,12
315847,440924,42
619610,799650,81
731251,142957,74
694893,67684,61
577555,981491,55
919501,65172,70
355170,346690,85
834055,972260,30
779262,59879,76
398575,857604,97
750971,571883,16
642750,704931,81
776813,907664,30
109388,488309,95
18447,55251,37
616118,103227,17
944677,190610,19
593289,423058,92
341075,451556,42
307720,860379,4
402792,727874,35
383161,802457,35
896709,992447,65
56994,914718,41
678475,138713,74
358225,704085,46
559016,390220,92
434006,350200,85
818301,192531,57
872938,478734,51
91124,537121,95
393711,112491,38
652164,923250,55
68032,415056,79
860760,794799,2
190971,651142,8
748752,284219,99
871819,665261,33
58332,394125,80
63536,859468,41
79395,393250,79
366335,994811,59
800002,641310,33
509060,787132,73
338856,158585,82
354169,520302,50
719521,998148,34
882981,277365,7
687378,767482,81
85428,791894,72
369500,194908,44
834106,821170,2
420066,57967,36
261084,54311,64
815993,407314,54
740859,627479,93
45850,611005,69
164433,637471,27
986132,931881,65
136689,334619,18
951539,519416,3
837109,291735,7
203639,570053,58
893430,890659,52
313439,975644,59
665164,420696,71
638107,672288,93
153963,666035,27
59348,468570,68
268265,744266,75
891606,233354,19
988942,164043,19
82746,720882,94
873647,395500,54
183476,691724,27
806534,417166,54
324512,78816,64
677118,332329,9
455914,548574,89
893985,218642,19
730842,268588,99
163299,576881,58
647679,550837,0
928598,956074,65
742461,555660,16
981977,87476,60
214692,338468,25
639572,295846,45
289153,798885,26
863909,733934,48
229066,927139,24
429759,964289,29
818938,905304,30
455037,821781,88
684952,995527,34
822753,18389,76
70937,240041,67
377460,976235,59
587928,315384,45
668721,204499,98
21890,916891,41
187595,925093,24
47259,283392,67
986079,33093,70
205561,863813,1
111738,997105,47
345191,640965,46
700689,491511,56
826568,128578,57
17854,84332,37
369419,833065,97
338204,205871,44
86560,829287,28
829949,961778,30
603205,77624,17
634115,581481,0
961196,824024,52
375197,938742,97
444591,241006,78
598401,327478,45
934315,37459,70
577749,233042,21
740501,607937,16
597629,355913,45
836566,175557,57
593397,223945,98
843815,14220,76
996326,265544,40
6362,929288,47
548836,301922,21
405529,737987,35
361289,195685,44
893968,928245,65
21213,533108,68
950154,248537,40
167070,960353,24
653279,662935,93
962557,711074,48
37491,118308,10
416531,644500,14
113898,297950,18
647953,161163,98
682686,916851,34
527574,948806,29
583622,941817,55
126646,548033,58
791941,165645,57
7945,541111,68
464490,700059,83
900155,921713,65
246499,922173,59
976847,873194,52
777344,826649,2
493520,602720,14
919338,328377,40
37572,477177,68
928073,129776,60
160354,75080,43
874598,376743,54
926882,113907,60
451018,264014,78
290055,961966,59
778481,931340,30
47409,819754,72
620922,850305,32
81664,537346,69
185885,169283,96
143769,340872,18
39713,461281,68
765011,546981,16
112862,877555,28
78375,254308,67
158693,166552,96
252053,266403,53
443798,923218,29
531980,997333,29
185426,471313,13
364579,479593,50
521854,803166,73
823094,744740,84
850538,8553,76
754085,911901,34
331625,637908,46
331571,722943,26
511835,415936,92
642212,663744,93
561657,771752,73
845337,587539,33
768258,126663,57
839033,629980,33
82735,537150,69
892533,804957,52
912979,448058,3
520675,997756,29
296419,916393,59
826693,237557,7
637163,806109,81
279119,153298,23
489103,365647,11
440680,511064,6
459311,650101,14
252403,140406,23
815311,941738,30
801994,119700,57
813133,337567,54
489177,604029,14
927973,452405,3
586986,475611,71
602374,104119,17
937191,370627,15
128304,420426,79
104518,646213,27
903370,945466,65
448965,761747,83
686386,100861,74
183301,744829,63
357013,322779,85
955738,99845,60
98853,434807,79
808612,355699,54
239105,647397,8
806602,562955,16
588234,453591,71
515082,988653,29
299751,927433,59
367399,891753,97
705501,356234,9
239586,734517,75
39232,387669,80
566603,897052,32
764621,990346,34
752391,451622,56
426554,107959,66
472837,974783,29
189120,550857,58
253909,455776,13
233284,807043,1
984967,345015,15
671210,29289,61
273977,740758,75
936506,859806,52
769486,758280,84
415389,445375,6
425057,947097,29
873878,269749,7
677052,216343,98
88089,518866,95
595724,339958,45
683586,35628,61
806727,664484,33
983568,839102,52
789856,114476,57
1505,300734,67
442308,883352,88
507226,950580,29
404398,718290,35
307779,852450,4
132817,258515,18
873884,377471,54
163168,367998,25
948505,527122,3
349965,862056,97
577549,871358,32
919746,187078,19
230513,246126,91
640385,960420,55
794966,856,76
400143,216369,44
523783,227532,87
144010,392802,79
835693,493531,51
780511,63272,76
414481,192619,62
350510,23909,64
842323,930127,30
651531,293115,45
393437,508606,50
153675,825653,28
751977,489347,56
462525,658177,14
984679,502519,3
848636,36629,76
632701,807515,81
910598,426925,15
335706,220836,44
598261,986447,55
219588,617878,8
691638,364220,9
449727,575290,89
904654,535703,3
562839,650636,86
248767,38650,64
599542,516483,0
544796,390629,92
317204,256418,39
631908,479756,71
265035,455599,42
266550,909230,59
431088,298157,78
127291,389487,79
118353,171400,96
727242,758435,84
20474,113536,10
212603,230009,91
776523,24510,76
948005,126000,60
689736,396209,9
97237,273565,18
808693,708338,84
46568,670837,94
767552,257364,99
523366,221656,87
382963,465770,6
207650,974987,24
618400,463487,71
837935,184081,57
853701,153717,57
524453,498005,77
977355,415504,15
379271,412508,20
22212,321476,80
54113,491993,68
941010,559627,12
660749,210311,98
703306,469124,56
572652,575238,77
34503,901341,41
851907,11669,76
121777,718396,27
85022,979533,47
11802,365073,80
789225,505339,56
242796,683363,8
293528,328704,53
535729,9490,31
512205,644505,86
201679,625781,8
517247,381043,92
200021,763085,63
179990,95470,43
572110,457338,92
485947,322062,11
899263,926437,65
633644,658480,93
75982,42916,37
290094,624249,8
769189,764915,84
938873,648919,12
385188,859818,97
971735,957801,65
768125,882084,2
196007,290390,91
600850,491762,71
54771,550160,69
548775,276753,21
402198,752438,35
239159,548024,22
649110,601012,0
210815,176204,23
462408,694909,83
335910,640631,46
87093,776822,72
63933,524404,68
659777,885632,90
818681,574191,33
443079,836478,88
701945,606343,93
809039,527776,51
336622,609051,46
328846,926552,59
567626,92846,31
462755,535665,89
934899,847742,52
11346,703965,94
553016,545128,77
967058,358936,15
649378,106605,17
726222,626559,93
591455,596883,86
825724,943918,30
431406,641884,14
155968,369402,25
548679,649596,86
775279,116717,57
666181,509995,0
501558,695988,83
484125,698355,83
266491,928484,59
36242,128416,10
303309,728665,26
685837,869408,90
152977,87930,43
849605,317700,54
588770,469592,71
441636,586638,89
627677,383233,45
6927,430766,68
895927,853647,52
259789,278292,53
258104,959287,59
741646,861008,90
976443,94251,60
86001,431539,79
884702,202992,19
697794,834284,90
822356,347223,54
786475,285823,99
839609,314134,54
653339,672701,93
99521,665349,27
536162,280046,21
749710,387928,9
918533,799527,52
660081,982703,55
302427,896772,4
55847,622421,69
32266,306500,67
354329,218709,44
844268,623556,33
110067,896549,41
311477,998439,59
777968,323884,99
524934,575194,77
288533,377064,42
330622,774344,26
412543,623551,14
27428,989044,47
874880,111696,60
288709,333835,53
780831,442648,56
597783,954776,55
932186,256872,40
249454,576636,22
526023,884703,32
208533,826548,1
802852,546649,16
546427,809578,32
593412,475828,71
255989,415909,42
192172,846313,1
988814,13216,70
130884,777447,63
561692,368849,92
257808,984385,59
562773,537507,77
892235,804885,52
708579,97841,74
417643,328954,85
746253,287209,99
130704,746279,63
713269,916352,34
144414,167801,96
231990,63558,43
229663,948312,59
280595,976225,59
417908,788474,35
898702,489033,3
186425,247527,91
190353,267984,91
12138,14921,37
786947,231826,7
314382,819284,4
711179,790105,90
295972,405567,42
379092,410743,20
361258,678175,46
89265,281920,18
239890,832301,1
492917,470334,6
916532,164813,19
20227,971563,47
74371,958528,47
991254,21153,70
520947,562627,77
79033,321459,18
771840,318588,99
523854,425319,92
344797,9338,64
945133,855381,52
389183,6560,36
265074,111050,23
424769,99358,66
920986,21523,70
740187,329050,99
359526,566092,50
322584,673922,46
622218,630308,93
592288,588483,86
638014,114277,17
663402,803335,81
660286,429084,71
625125,478427,71
934690,339251,15
804762,638473,33
826726,787501,2
534460,680889,86
706589,641537,93
313208,96739,82
906605,310909,40
459723,574082,89
602035,413347,92
128374,583909,58
775179,444621,56
749282,188514,74
359523,508482,50
72925,663146,94
498597,930673,29
833717,293063,7
514833,813434,88
388995,844543,97
236371,693171,75
139819,947332,24
811567,8635,76
138413,315868,18
801015,673243,84
200525,223821,91
763551,7056,61
590476,143178,17
409123,139643,62
995757,702449,48
62265,496860,68
742088,285157,99
643041,592123,0
811695,162319,57
101568,55246,37
520268,159936,87
46296,102444,37
792933,829903,2
185660,395368,25
964638,676483,48
652849,435565,71
550568,397819,92
152064,754179,63
490488,635032,14
987000,521830,3
407496,798676,35
362071,334469,85
428098,53461,36
524284,646999,86
128815,997524,24
391913,897729,97
131898,814592,28
857323,38682,76
143491,655835,27
625899,492098,71
705739,357787,9
326824,935308,59
723834,481253,56
427939,385921,20
184573,128983,43
817850,612324,33
342845,210738,44
881800,427627,15
130671,190591,96
267235,427266,42
67747,628410,69
691842,801718,90
477036,544904,89
215598,561719,22
816658,586970,33
209710,606022,8
413297,298958,85
603735,989949,55
79590,675763,94
550824,712230,73
462383,277724,78
714113,98931,74
741811,619232,16
444505,811136,88
776045,990718,30
13863,995951,47
953366,228704,19
835594,833887,2
140233,909858,24
984806,637788,12
303375,836684,4
148193,692898,27
545404,609567,86
996409,659240,12
861061,858248,2
588379,893258,32
553,302109,67
553475,261748,21
200798,827698,1
130502,349047,18
447881,536121,89
588399,229221,21
523185,171775,87
27688,360948,80
461790,311938,11
756203,505861,56
9825,129801,10
575003,78633,31
600173,119382,17
467887,790558,88
921829,195578,19
92933,926286,47
102048,130149,96
422412,484742,6
71809,896248,41
247182,394950,25
930477,537869,3
968182,245945,40
611228,917209,55
533037,760546,73
504739,158097,87
140300,33192,49
866613,180893,57
274111,983804,59
798125,100753,57
355945,381289,20
337149,479427,50
731777,976307,34
792547,348660,54
928703,715504,48
489538,676932,14
200834,424584,13
991452,344550,15
858842,562249,33
729703,133921,74
819681,391462,54
316090,530390,50
270822,715025,75
432784,810919,88
124769,8727,49
684872,656654,93
390260,104710,38
875568,683202,48
591536,959650,55
843084,720645,84
885627,737099,48
424288,13200,36
867503,136263,57
175784,415960,25
41967,350887,80
370304,703190,46
530290,584858,77
713165,178672,74
940850,873719,52
601849,286603,21
940481,679218,48
626374,474533,71
488915,205711,87
401028,84201,38
175296,214159,91
386127,641387,46
791552,621400,33
871793,238403,7
855829,924247,30
826691,201572,7
826413,532837,51
405812,489540,6
714764,54502,61
20711,106190,10
741376,307548,99
975924,361745,15
852747,125140,57
240505,174832,23
416873,392404,20
148569,3519,49
147042,337802,18
439983,800248,88
783854,249551,7
217802,605584,8
53951,765247,72
517932,887348,88
661536,440960,71
227993,889612,1
710972,310963,99
356093,860033,97
590797,530256,77
25609,417438,80
889163,178373,19
925235,435272,15
619462,304408,45
195946,276109,91
566582,553216,77
914974,981726,65
876146,388581,54
892621,296835,40
909231,445786,3
326123,154086,82
734435,655225,93
376752,77031,38
666373,739124,81
466795,429505,6
693956,329443,9
950934,348955,15
902963,108279,60
853403,151829,57
803287,847353,2
467492,144703,62
30574,868973,41
829608,233431,7
281467,629755,8
301707,790169,26
382906,505122,50
601844,199714,98
607957,948931,55
692609,692664,93
604029,916382,55
644941,535503,0
214766,574095,22
825564,264114,7
971981,90327,60
140247,137941,96
390566,243692,44
744170,272283,99
275760,714148,75
699847,344722,9
751476,60285,61
212392,681330,8
123396,925688,24
53287,608609,69
901716,144058,60
184126,621452,8
747658,895350,34
158646,377811,25
873764,362032,54
683503,641032,93
825182,840911,2
199260,979533,24
14526,140223,10
739877,115585,74
645795,881160,32
665054,573625,0
930878,282618,40
970928,401402,15
377619,656876,46
121896,716710,27
760007,442054,56
608636,356569,45
857229,454242,51
449819,113962,66
365341,297652,39
637426,222279,98
843758,57242,76
81743,869167,41
102831,282566,18
95369,874429,41
543409,90667,31
852745,95658,76
737657,809584,90
681826,458221,71
329314,786449,26
863653,428241,51
451844,147923,62
142381,3093,49
984662,215605,19
673323,545517,0
518864,560591,77
866827,771295,48
155186,214598,91
756696,800286,90
415388,428290,20
278066,460679,42
640640,238870,98
689148,517946,0
126412,614812,27
161132,154923,96
797646,38277,76
335809,957734,59
648046,719996,81
984715,118110,60
84900,928852,47
217477,147341,23
364358,768258,35
118876,958933,24
802684,725854,84
433749,28142,36
995563,442586,3
548134,501244,77
413189,477128,6
105874,427443,79
43231,585471,69
12472,619423,69
654726,981077,55
967103,101831,60
479304,674999,14
714045,958269,34
635340,165944,98
22378,117352,10
350474,426084,42
196838,261986,91
202554,334918,25
977030,958552,65
393412,90396,38
300428,299656,53
323528,539249,50
159444,782065,63
169668,619777,27
599049,219616,98
99443,343280,18
515300,650995,86
276175,682348,8
237983,787733,1
437784,837347,88
304980,808332,26
645195,801329,81
938495,299800,40
749170,309003,99
428162,134752,62
785094,78314,76
231041,119045,23
793097,581905,16
81180,406022,79
27826,685708,94
709456,828054,90
108689,751596,72
84450,356691,80
908231,641616,33
647369,343484,45
945879,398898,15
290685,546575,22
297761,481631,42
786677,681881,84
374329,353567,85
411834,696195,83
964449,500440,3
908429,972949,65
364581,526903,50
667783,437339,71
363141,322690,85
458820,393258,20
491298,258674,78
550181,907967,32
203540,908460,24
500243,591520,89
679881,761771,81
97192,519361,95
