x,y,cluster_id
242578,13469,1
383138,414652,2
67768,993126,8
484308,765337,6
31833,30935,1
932640,887879,7
591329,478778,2
833354,186335,9
735652,115053,9
698658,355604,4
638300,908210,7
294000,264971,1
377493,541620,2
9281,999465,8
12901,842497,8
852470,467010,4
53607,976747,8
196754,856972,8
144213,800662,8
729397,985790,7
183405,499760,3
469862,970991,6
450770,95791,0
974081,390235,4
680670,26669,9
231241,468739,3
97960,415410,3
796294,316402,4
778534,828493,7
487140,369048,2
602845,24264,0
811111,355792,4
806109,274877,4
859817,951019,7
777276,680837,5
835185,961129,7
705424,73751,9
536857,957185,6
418065,418776,2
381617,836927,6
240062,726211,8
431612,116690,0
223913,309587,3
244801,377033,3
807539,314736,4
775229,283334,4
996348,632867,5
600910,509480,2
834128,199442,9
35980,730005,8
197911,293197,3
770346,214750,9
309220,60662,1
557590,416916,2
115944,685545,8
959950,893088,7
136133,997800,8
27973,148064,1
522975,641339,2
989146,578132,5
680530,674978,5
362046,914709,6
530369,917610,6
283108,208988,1
471815,806578,6
161689,514298,3
813117,64168,9
479624,43309,0
902915,294501,4
685730,66033,9
821219,242774,4
310257,492554,3
356179,307990,0
396981,70916,0
886516,684032,5
528226,902819,6
686503,63316,9
152140,23765,1
418942,174793,0
752751,490316,5
747743,329274,4
117577,118127,1
374985,376969,2
728744,14480,9
382012,490499,2
827576,79664,9
923967,118042,9
938251,195973,9
726117,857863,7
103637,838910,8
565110,810400,6
406969,934977,6
160874,816054,8
431739,248100,0
830522,596218,5
645779,608168,5
495466,304382,0
755627,828610,7
455550,438144,2
897430,118944,9
98993,780745,8
997533,539816,5
698849,561277,5
384785,92576,0
929386,192648,9
841254,969376,7
318446,127999,1
288386,909935,8
279052,41813,1
755507,809000,7
866244,973541,7
313587,467795,3
243042,823442,8
599615,743697,6
327666,83176,1
951140,823081,7
527120,310801,0
646964,528517,2
786098,952490,7
515310,819254,6
207082,441170,3
757169,750570,7
841330,249551,4
217528,1761,1
607765,712493,6
871078,223776,9
14974,680695,8
452619,175360,0
288399,131390,1
272306,650010,8
719640,990750,7
535380,148002,0
469616,838895,6
313226,398227,3
5279,739131,8
580105,833601,6
347811,666053,6
354997,440055,2
14917,711650,8
706767,635577,5
146365,957588,8
183773,679719,8
48126,868372,8
730391,687771,5
373259,371670,2
663645,885499,7
586741,364693,2
406085,74556,0
75646,387667,3
531298,530090,2
229012,19601,1
439383,726733,6
208291,749221,8
166750,575130,3
211249,463602,3
769233,500985,5
67848,329471,3
430095,618497,2
83209,503956,3
994746,709053,5
62870,660778,8
710643,782564,7
561766,616936,2
851959,876326,7
416611,994392,6
751597,103922,9
622708,854272,7
763144,172256,9
113940,992884,8
414314,380142,2
62500,450930,3
789565,228458,9
697292,386877,4
247648,231501,1
849283,902588,7
803927,613533,5
663457,738469,7
452902,931007,6
436138,171789,0
273068,465220,3
955457,369525,4
607397,533230,2
999677,575269,5
555215,505000,2
540809,380896,2
724384,729940,7
104473,885740,8
639572,287519,0
332946,834822,6
860169,869593,7
256492,871667,8
117700,192914,1
305697,859094,6
796018,674653,5
900226,112347,9
221747,915444,8
880066,285789,4
257319,771158,8
861762,644236,5
684291,882927,7
369671,66247,0
417820,301777,0
980466,702029,5
7364,783108,8
703318,672688,5
870522,869668,7
524434,177186,0
980344,642136,5
393063,217912,0
447246,868568,6
31640,773725,8
9819,42467,1
744825,278843,4
523351,969780,6
102327,819686,8
470454,926986,6
854907,426604,4
934752,387852,4
632230,906357,7
147351,540271,3
343122,859703,6
37949,811880,8
271485,855588,8
870383,540877,5
534808,524330,2
423039,21274,0
554457,763045,6
498689,467937,2
617602,46054,0
32396,486973,3
571333,395104,2
522923,772502,6
453133,808894,6
94785,52884,1
826935,303685,4
42690,506413,3
285958,109358,1
982686,19644,9
173411,524345,3
675854,86444,9
873180,538256,5
478759,506532,2
299840,413003,3
344194,871591,6
838942,102171,9
196498,555389,3
424329,714240,6
233338,727393,8
302701,508484,3
92123,325340,3
998452,999447,7
711751,399947,4
915277,68584,9
703078,646216,5
966967,821532,7
497813,752719,6
952957,363209,4
467852,199519,0
319607,637251,2
293620,877284,6
523256,367777,2
237859,699470,8
999000,202858,9
442180,722977,6
79262,168652,1
539282,715609,6
251904,750679,8
674102,637241,5
116274,231005,1
506655,355788,2
732259,84308,9
967997,128374,9
585623,581955,2
922186,193661,9
864539,311585,4
811253,744298,7
429059,196341,0
917628,585903,5
274474,86126,1
521532,393337,2
826258,922274,7
661199,778269,7
376760,214791,0
994520,904005,7
626417,198418,0
813554,408777,4
327680,324291,3
367317,511847,2
620384,803852,7
341576,879053,6
250295,716161,8
534048,751257,6
386673,821553,6
854750,796623,7
844887,19776,9
383249,271130,0
883418,620394,5
964801,416189,4
902504,390258,4
74399,429715,3
223790,239575,1
552139,814155,6
516846,642578,2
822119,358702,4
709654,167894,9
807477,278000,4
359047,513118,2
989323,555229,5
734375,650304,5
661679,842450,7
72134,360306,3
669352,806694,7
106581,312340,3
513709,915202,6
801957,495907,5
725267,570966,5
239062,924139,8
4986,808315,8
353592,834880,6
839796,454535,4
374671,108680,0
592807,314266,0
880309,355704,4
327136,184438,0
855266,459639,4
154120,306519,3
672925,858988,7
25724,353126,3
998767,287106,4
403714,223334,0
576057,802292,6
127505,976868,8
225842,738540,8
646862,809815,7
561670,1315,0
111739,2849,1
893928,255271,4
349886,542663,2
542610,659326,2
304556,687893,6
434005,323590,0
589821,134435,0
462490,70127,0
629891,585425,2
253674,504712,3
696317,16186,9
52367,132880,1
315584,25240,1
210313,743236,8
574919,671006,2
608211,212948,0
31110,873539,8
579454,892040,6
521551,712622,6
41863,596998,3
751981,550487,5
35726,446954,3
959509,480178,4
357800,549171,2
923869,471037,4
731501,345154,4
16405,722120,8
675589,628740,5
237498,636867,8
829868,607283,5
621287,975722,7
973083,621237,5
132736,906385,8
616378,468377,2
14476,303459,3
245720,816957,8
608290,539205,2
424689,751438,6
430810,628092,2
345266,893285,6
456783,165931,0
810127,812538,7
334136,834506,6
549359,88853,0
352562,523797,2
458504,87214,0
817071,518386,5
520241,704018,6
443985,70005,0
588148,7255,0
937220,858295,7
379421,943657,6
52889,905543,8
469229,342547,2
188338,400091,3
335425,498812,2
536861,26511,0
579792,570720,2
104485,89116,1
780534,447421,4
815274,324253,4
733585,370990,4
235025,68069,1
47294,877899,8
859542,324578,4
186882,928701,8
689450,600241,5
266814,354545,3
842451,76321,9
733023,918199,7
184514,137053,1
455505,682579,6
107825,225534,1
556607,898878,6
458725,805522,6
420218,606961,2
197918,418513,3
953410,967169,7
215132,729668,8
532081,695311,6
97791,579595,3
262600,528353,3
31083,414922,3
596607,175765,0
82470,85277,1
252503,829532,8
958437,460401,4
966716,608715,5
679522,741861,7
466695,750819,6
22240,788280,8
625487,571436,2
128128,461503,3
481417,186445,0
589343,103250,0
330431,556650,2
624015,829410,7
905440,730891,5
89809,423409,3
243339,806022,8
817059,316019,4
347653,17202,1
127524,307548,3
960467,574613,5
532236,291130,0
25211,730439,8
503756,634589,2
538167,985049,6
730439,490467,5
283424,520330,3
197125,91670,1
697768,401666,4
808041,751828,7
983132,511241,5
432666,828883,6
48384,205276,1
80313,821012,8
757363,8609,9
707157,189128,9
680946,675023,5
127441,915777,8
464064,524562,2
320625,760533,6
294147,739293,6
312291,675442,6
165789,427107,3
397577,92002,0
290437,384309,3
82044,925550,8
721616,213077,9
186101,803504,8
504920,205865,0
980372,124577,9
776937,996788,7
17328,239384,1
332762,745003,6
267561,910812,8
19009,497406,3
906774,166610,9
230936,355255,3
779472,588468,5
394199,317563,0
290800,475775,3
362539,193552,0
44196,805903,8
813759,851464,7
564542,260234,0
763298,762542,7
44144,930766,8
389826,819942,6
765440,760514,7
966042,280601,4
70368,685962,8
964895,1139,9
146132,46477,1
147215,254032,1
524450,432983,2
161411,846487,8
913975,182299,9
909292,474804,4
46046,897454,8
512430,424367,2
349529,550215,2
478212,309860,0
823446,666155,5
