x,y,cluster_id
242578,13469,24
383138,414652,36
67768,993126,6
484308,765337,94
31833,30935,71
932640,887879,63
591329,478778,16
833354,186335,4
735652,115053,83
698658,355604,3
638300,908210,59
294000,264971,0
377493,541620,22
9281,999465,37
12901,842497,32
852470,467010,72
53607,976747,37
196754,856972,14
144213,800662,32
729397,985790,38
183405,499760,18
469862,970991,1
450770,95791,2
974081,390235,35
680670,26669,10
231241,468739,82
97960,415410,28
796294,316402,54
778534,828493,20
487140,369048,5
602845,24264,73
811111,355792,54
806109,274877,70
859817,951019,80
777276,680837,51
835185,961129,80
705424,73751,10
536857,957185,98
418065,418776,36
381617,836927,90
240062,726211,81
431612,116690,2
223913,309587,97
244801,377033,65
807539,314736,54
775229,283334,79
996348,632867,12
600910,509480,21
834128,199442,4
35980,730005,48
197911,293197,29
770346,214750,4
309220,60662,78
557590,416916,17
115944,685545,26
959950,893088,63
136133,997800,6
27973,148064,56
522975,641339,88
989146,578132,15
680530,674978,69
362046,914709,95
530369,917610,98
283108,208988,68
471815,806578,58
161689,514298,18
813117,64168,45
479624,43309,2
902915,294501,47
685730,66033,10
821219,242774,70
310257,492554,82
356179,307990,0
396981,70916,2
886516,684032,51
528226,902819,98
686503,63316,10
152140,23765,85
418942,174793,30
752751,490316,77
747743,329274,54
117577,118127,67
374985,376969,36
728744,14480,10
382012,490499,84
827576,79664,41
923967,118042,96
938251,195973,43
726117,857863,20
103637,838910,32
565110,810400,25
406969,934977,1
160874,816054,14
431739,248100,8
830522,596218,62
645779,608168,21
495466,304382,5
755627,828610,20
455550,438144,36
897430,118944,96
98993,780745,32
997533,539816,15
698849,561277,52
384785,92576,2
929386,192648,43
841254,969376,80
318446,127999,68
288386,909935,75
279052,41813,78
755507,809000,20
866244,973541,80
313587,467795,82
243042,823442,14
599615,743697,25
327666,83176,78
951140,823081,63
527120,310801,5
646964,528517,21
786098,952490,80
515310,819254,58
207082,441170,13
757169,750570,42
841330,249551,70
217528,1761,24
607765,712493,39
871078,223776,70
14974,680695,48
452619,175360,31
288399,131390,87
272306,650010,66
719640,990750,38
535380,148002,31
469616,838895,58
313226,398227,65
5279,739131,48
580105,833601,25
347811,666053,33
354997,440055,84
14917,711650,48
706767,635577,69
146365,957588,6
183773,679719,26
48126,868372,37
730391,687771,69
373259,371670,36
663645,885499,46
586741,364693,19
406085,74556,2
75646,387667,28
531298,530090,9
229012,19601,24
439383,726733,50
208291,749221,81
166750,575130,53
211249,463602,18
769233,500985,77
67848,329471,89
430095,618497,86
83209,503956,27
994746,709053,92
62870,660778,23
710643,782564,42
561766,616936,88
851959,876326,80
416611,994392,1
751597,103922,41
622708,854272,46
763144,172256,4
113940,992884,6
414314,380142,36
62500,450930,27
789565,228458,4
697292,386877,3
247648,231501,29
849283,902588,80
803927,613533,51
663457,738469,42
452902,931007,1
436138,171789,30
273068,465220,82
955457,369525,35
607397,533230,21
999677,575269,15
555215,505000,9
540809,380896,17
724384,729940,42
104473,885740,57
639572,287519,19
332946,834822,40
860169,869593,63
256492,871667,40
117700,192914,67
305697,859094,40
796018,674653,51
900226,112347,96
221747,915444,99
880066,285789,70
257319,771158,81
861762,644236,51
684291,882927,46
369671,66247,78
417820,301777,8
980466,702029,92
7364,783108,48
703318,672688,69
870522,869668,63
524434,177186,31
980344,642136,12
393063,217912,30
447246,868568,58
31640,773725,48
9819,42467,71
744825,278843,79
523351,969780,98
102327,819686,32
470454,926986,98
854907,426604,72
934752,387852,35
632230,906357,59
147351,540271,53
343122,859703,90
37949,811880,32
271485,855588,40
870383,540877,62
534808,524330,9
423039,21274,2
554457,763045,25
498689,467937,9
617602,46054,73
32396,486973,27
571333,395104,17
522923,772502,94
453133,808894,58
94785,52884,85
826935,303685,54
42690,506413,27
285958,109358,87
982686,19644,60
173411,524345,18
675854,86444,83
873180,538256,62
478759,506532,9
299840,413003,65
344194,871591,95
838942,102171,41
196498,555389,53
424329,714240,50
233338,727393,81
302701,508484,82
92123,325340,34
998452,999447,93
711751,399947,3
915277,68584,96
703078,646216,69
966967,821532,63
497813,752719,94
952957,363209,35
467852,199519,31
319607,637251,33
293620,877284,40
523256,367777,5
237859,699470,81
999000,202858,43
442180,722977,50
79262,168652,56
539282,715609,94
251904,750679,81
674102,637241,69
116274,231005,34
506655,355788,5
732259,84308,10
967997,128374,43
585623,581955,21
922186,193661,91
864539,311585,44
811253,744298,76
429059,196341,30
917628,585903,62
274474,86126,87
521532,393337,17
826258,922274,80
661199,778269,46
376760,214791,30
994520,904005,93
626417,198418,74
813554,408777,64
327680,324291,0
367317,511847,84
620384,803852,25
341576,879053,95
250295,716161,81
534048,751257,94
386673,821553,90
854750,796623,76
844887,19776,45
383249,271130,0
883418,620394,62
964801,416189,35
902504,390258,44
74399,429715,28
223790,239575,29
552139,814155,25
516846,642578,88
822119,358702,54
709654,167894,83
807477,278000,70
359047,513118,84
989323,555229,15
734375,650304,69
661679,842450,46
72134,360306,89
669352,806694,46
106581,312340,34
513709,915202,98
801957,495907,77
725267,570966,52
239062,924139,99
4986,808315,48
353592,834880,90
839796,454535,72
374671,108680,2
592807,314266,19
880309,355704,44
327136,184438,68
855266,459639,72
154120,306519,34
672925,858988,46
25724,353126,89
998767,287106,47
403714,223334,30
576057,802292,25
127505,976868,6
225842,738540,81
646862,809815,46
561670,1315,73
111739,2849,85
893928,255271,70
349886,542663,22
542610,659326,39
304556,687893,33
434005,323590,8
589821,134435,73
462490,70127,2
629891,585425,21
253674,504712,82
696317,16186,10
52367,132880,71
315584,25240,78
210313,743236,81
574919,671006,39
608211,212948,74
31110,873539,37
579454,892040,59
521551,712622,94
41863,596998,23
751981,550487,52
35726,446954,27
959509,480178,49
357800,549171,22
923869,471037,72
731501,345154,3
16405,722120,48
675589,628740,69
237498,636867,66
829868,607283,62
621287,975722,59
973083,621237,12
132736,906385,57
616378,468377,16
14476,303459,89
245720,816957,14
608290,539205,21
424689,751438,50
430810,628092,86
345266,893285,95
456783,165931,31
810127,812538,20
334136,834506,40
549359,88853,73
352562,523797,22
458504,87214,2
817071,518386,77
520241,704018,94
443985,70005,2
588148,7255,73
937220,858295,63
379421,943657,95
52889,905543,37
469229,342547,5
188338,400091,13
335425,498812,84
536861,26511,73
579792,570720,21
104485,89116,85
780534,447421,64
815274,324253,54
733585,370990,3
235025,68069,24
47294,877899,37
859542,324578,44
186882,928701,99
689450,600241,69
266814,354545,65
842451,76321,96
733023,918199,38
184514,137053,67
455505,682579,86
107825,225534,34
556607,898878,59
458725,805522,58
420218,606961,86
197918,418513,13
953410,967169,93
215132,729668,81
532081,695311,94
97791,579595,53
262600,528353,55
31083,414922,89
596607,175765,74
82470,85277,71
252503,829532,14
958437,460401,49
966716,608715,12
679522,741861,42
466695,750819,50
22240,788280,48
625487,571436,21
128128,461503,18
481417,186445,31
589343,103250,73
330431,556650,22
624015,829410,46
905440,730891,92
89809,423409,28
243339,806022,14
817059,316019,54
347653,17202,78
127524,307548,34
960467,574613,15
532236,291130,11
25211,730439,48
503756,634589,88
538167,985049,98
730439,490467,52
283424,520330,55
197125,91670,24
697768,401666,3
808041,751828,76
983132,511241,49
432666,828883,58
48384,205276,56
80313,821012,32
757363,8609,10
707157,189128,83
680946,675023,69
127441,915777,57
464064,524562,9
320625,760533,7
294147,739293,7
312291,675442,33
165789,427107,13
397577,92002,2
290437,384309,65
82044,925550,37
721616,213077,79
186101,803504,14
504920,205865,31
980372,124577,43
776937,996788,80
17328,239384,56
332762,745003,7
267561,910812,75
19009,497406,27
906774,166610,91
230936,355255,97
779472,588468,77
394199,317563,0
290800,475775,82
362539,193552,30
44196,805903,32
813759,851464,20
564542,260234,11
763298,762542,42
44144,930766,37
389826,819942,90
765440,760514,42
966042,280601,47
70368,685962,23
964895,1139,60
146132,46477,85
147215,254032,34
524450,432983,17
161411,846487,57
913975,182299,91
909292,474804,72
46046,897454,37
512430,424367,17
349529,550215,22
478212,309860,5
823446,666155,51
77972,484115,27
526598,538193,9
414083,500447,84
18624,25006,71
287518,320761,97
30486,382682,89
751338,737903,42
952214,869233,63
200549,641193,66
542255,683283,94
943362,87182,60
283571,981982,75
172243,900475,57
299713,279151,0
697794,836100,46
339123,647658,33
193305,887822,57
638140,228485,74
149953,269467,34
948273,637831,12
40760,64007,71
770440,791028,20
808978,506184,77
446060,935134,1
809826,753518,76
387116,265002,0
893533,617219,62
601806,554563,21
553467,135407,31
786284,90982,41
141422,887534,57
789736,94881,41
675275,347341,3
775765,297738,54
89194,87366,71
364210,280764,0
805982,141354,41
738005,650951,69
540762,602548,88
28278,269437,56
431553,118445,2
710573,606347,69
879124,448669,72
782282,820982,20
259457,706066,81
852164,326385,44
562070,710548,94
196002,221354,29
306021,297215,0
301958,10359,78
109793,296194,34
136531,678842,26
313124,676199,33
877292,655694,51
250228,591121,66
977002,486192,49
430209,531175,22
471716,133042,31
41837,161437,56
279457,847490,40
779934,351890,54
223913,306152,97
499712,666297,86
460131,429919,36
652146,630747,69
974738,421745,35
270729,152068,87
810341,405655,64
858824,260347,70
659526,658617,69
390842,895279,95
965477,784319,92
64369,856170,32
654323,218280,74
638217,520501,21
65709,374082,89
205302,517220,18
918035,424475,72
152224,438185,13
585705,946647,59
297843,849297,40
146692,467539,18
943533,961072,93
748604,789923,20
252586,226657,29
426687,344493,36
895017,552102,62
178670,911525,57
1627,348707,89
724558,661643,69
239147,350197,97
768439,165283,4
911430,418744,72
831055,548144,62
672461,65380,10
854762,994810,80
776296,213350,4
780540,535883,77
586894,931210,59
856026,239074,70
130708,813366,32
255189,965174,75
693344,48560,10
150135,330008,34
458016,877102,58
468099,356033,5
855049,823421,76
250833,762169,81
776482,340047,54
179205,906942,57
983798,704694,92
802638,939609,80
16014,161869,56
544660,113148,73
689317,352054,3
984868,680902,12
922855,425236,72
955076,975835,93
863676,810105,76
443603,642803,86
599618,782140,25
441281,616519,86
840588,775751,76
54643,393956,89
230453,232462,29
997603,714695,92
888529,521034,62
25289,44722,71
644519,436345,16
654821,587228,21
546599,692868,94
35328,765762,48
175141,595542,53
289130,412239,65
502562,564201,88
536599,627309,88
189077,819114,14
865331,624967,51
821899,668647,51
957923,814533,63
856777,853233,63
292285,447019,82
63966,92841,71
380868,255788,0
36412,991412,37
667741,733999,42
325196,583595,55
488764,667166,86
67141,453105,27
335806,898567,95
222368,343760,97
589718,397795,17
753452,271553,79
218,666513,23
86064,492552,27
331103,860917,40
437529,555893,22
900287,138799,91
797276,820266,20
220819,307277,97
411484,813708,90
5974,405751,89
461672,330896,5
385117,664285,33
653832,955598,38
749923,957199,38
647581,895951,59
263295,210696,68
172066,923309,57
62027,503377,27
270310,113454,87
826725,781561,76
697279,176449,83
591138,271203,11
123186,389876,28
648284,724937,42
27815,496005,27
365009,710649,33
888142,6528,96
732732,42238,10
906359,176035,91
626265,636628,39
812437,629874,51
297298,690003,33
894775,491711,72
190341,69922,24
185334,911032,57
728059,491349,52
114253,261181,34
681789,835962,46
22854,118492,71
508964,170729,31
444857,724577,50
966472,504457,49
421891,732427,50
916412,152779,91
759500,932912,80
463855,26065,2
87796,603038,23
264076,325429,97
490573,73370,2
133243,423548,28
587391,294335,19
900293,241081,70
864629,826222,76
319393,42303,78
989090,639798,12
88958,130479,67
963129,319547,47
637683,550394,21
476744,645707,86
401749,208499,30
255176,755091,81
824497,334896,54
604644,259054,11
936577,58469,60
702505,2611,10
893644,477155,72
557158,159383,31
757319,269378,79
436915,244025,8
341386,678381,33
556456,363597,17
976096,261845,47
837832,455306,72
340140,738492,7
838163,10166,45
863728,683183,51
273097,950126,75
773734,164077,4
652271,725725,42
272943,365600,65
655343,351713,3
243255,402613,65
723965,680854,69
123297,261724,34
804150,361057,54
297167,501711,82
271521,465598,82
320205,686505,33
102040,1116,85
758899,819795,20
307084,162805,68
267077,770362,7
487890,978026,98
686407,447194,16
993502,791547,92
542651,338569,5
337652,918201,95
220304,659358,66
838643,89632,41
452402,525893,9
691637,347229,3
881189,156135,91
175218,898030,57
202446,516774,18
433467,286153,8
381265,933473,95
891852,364863,44
261152,191209,68
652788,414443,16
552273,60222,73
152052,547179,53
447529,629865,86
149661,361168,13
155977,515622,18
69174,623831,23
735693,807013,20
480659,444560,9
731063,990739,38
351500,667669,33
522571,854045,58
946983,952144,93
692021,812608,46
511050,224011,11
966500,978391,93
824190,168318,4
933801,405607,35
51988,766692,48
795650,499217,77
350803,954842,95
41902,262928,56
39298,496141,27
658151,545651,21
758756,412482,64
598829,521751,21
72999,895807,37
831767,524524,77
688145,665722,69
805639,387532,64
260766,707758,81
302174,653878,33
737836,820310,20
953547,269616,47
448563,15009,2
273042,21652,78
919776,682284,12
152520,417282,13
268832,274600,97
218522,701903,81
886238,17152,96
282081,937983,75
695537,894112,38
351414,225027,68
30544,369400,89
509515,434505,17
726246,31457,10
698925,838227,46
90299,656945,23
284910,495104,82
222096,768958,81
885650,129575,91
781288,108898,41
254319,347684,97
541060,609374,88
749789,707047,42
349649,565372,22
222516,835035,14
435364,172746,30
346145,673032,33
650491,814657,46
945008,765865,92
904353,475219,72
18253,782937,48
825366,939543,80
903418,749907,92
692057,410394,3
498846,114126,31
122227,272752,34
145801,483149,18
299740,744382,7
830073,38872,45
337565,463319,84
3177,407989,89
72370,324033,34
34459,166962,56
135095,541866,53
145298,37440,85
268732,595015,55
419959,266128,8
816027,971400,80
326940,881076,95
254108,809641,14
647788,378185,3
160600,220332,29
127164,246854,34
886556,346737,44
621975,539081,21
345074,661911,33
740201,573687,52
967708,277254,47
808407,912229,80
848464,150921,91
545608,35536,73
268556,622215,66
580360,118124,73
315317,532872,55
993768,265875,47
564594,145663,73
159422,415063,13
968169,19403,60
118412,165552,67
446318,280092,8
512132,404636,17
722206,119429,83
246048,329758,97
247805,860895,14
73814,600265,23
654149,291218,19
505451,130000,31
916369,427290,72
469615,830755,58
513926,568692,88
9142,661204,23
862551,907201,80
328505,197791,68
274385,597895,55
821890,507690,77
751772,35476,10
258163,962228,75
177659,927442,99
532199,682958,94
486770,152062,31
719304,358104,3
657716,242012,74
511020,725362,94
167867,340893,13
389685,436554,84
168204,4930,85
865417,75490,96
772478,47852,45
256073,828780,14
314452,8313,78
721180,884284,20
175914,600878,53
972434,711106,92
562233,463928,17
242174,218545,29
91632,73475,71
895381,682700,51
148105,206138,67
574866,777720,25
148148,932684,6
622352,886595,59
15845,313634,89
260497,179452,68
64106,436877,28
606106,827812,25
44174,442853,27
38842,831778,32
702222,253625,79
684563,456885,16
867658,729092,76
855769,925571,80
78773,940038,37
234979,302275,97
337800,408333,65
861433,115931,96
468418,707094,50
134634,805523,32
436332,443267,36
989277,779134,92
921152,804133,63
79997,512120,27
203381,227984,29
728568,57905,10
220248,712328,81
108589,67620,85
493188,26330,2
535295,713444,94
856125,894547,80
661345,229144,74
224344,555068,55
35232,161004,56
9371,502253,27
372830,154043,30
16201,300869,89
720729,295774,79
84228,635636,23
135320,335573,34
983496,627689,12
581780,989074,59
382185,391124,36
625693,35387,73
753161,377106,54
29806,965724,37
925212,50386,60
854117,145873,91
699758,848907,46
591717,993080,59
705928,543080,52
548909,523414,9
34276,83044,71
721979,309497,79
730015,369676,3
153033,40352,85
209195,951779,99
557925,45782,73
460857,634163,86
390532,680045,33
524206,332584,5
751909,350477,54
478207,238507,8
593432,812433,25
564719,245211,11
275696,632427,66
204459,355115,13
423492,636566,86
768454,409700,64
836554,972956,80
474675,868969,58
767850,268745,79
799870,421564,64
235436,983230,99
153839,583642,53
273905,538073,55
393064,234339,30
545063,884139,59
738266,52157,10
605151,789116,25
681866,121999,83
443740,940641,1
357292,15947,78
37314,142958,56
695613,169161,83
93245,177303,67
934087,209417,43
683274,802244,46
329324,964006,75
61453,846185,32
847387,38238,45
669441,304301,3
388493,413164,36
51053,57149,71
518097,671399,94
204299,655409,66
463472,580675,88
405447,351155,36
865230,932593,80
90591,573776,53
453396,227115,8
122325,925423,6
585910,392221,17
72148,603604,23
784572,309345,54
163232,447450,18
297934,391186,65
669410,783276,46
523323,500049,9
335821,143853,68
748186,770163,42
143503,855783,57
153310,696870,26
299309,495168,82
296116,831163,40
359620,145829,30
962045,96997,60
234047,631645,66
66130,450176,27
123385,735202,61
555062,930672,59
816155,122266,41
936490,602538,12
859314,500129,72
668252,320747,3
798684,496473,77
232905,438296,82
452176,736052,50
833106,26009,45
141307,949091,6
378831,13075,78
751950,25212,10
745536,240149,79
197255,274272,29
693050,102709,83
239531,813463,14
883097,219721,91
867177,651950,51
333819,497642,84
879322,774805,76
158403,282467,34
437674,987061,1
535721,864875,58
956956,569361,15
264541,152769,87
589402,90625,73
137783,724098,61
924659,744082,92
796387,879672,20
662489,457969,16
99091,428118,28
386559,904085,95
965117,737080,92
103915,513843,27
163639,293112,34
348921,321667,0
270602,23702,78
371931,49495,78
872748,275667,70
146722,969327,6
488819,596305,88
101812,161350,67
820818,492225,77
838009,433553,64
730040,787800,42
559365,254691,11
592493,41438,73
452454,404403,36
808356,44645,45
358498,278535,0
343883,656200,33
766914,538329,77
711036,394351,3
869030,793574,76
611259,433397,16
107854,709571,61
774190,821240,20
593434,860854,25
389015,175340,30
944062,863325,63
904945,420155,72
559495,443429,17
713401,137053,83
465648,155552,31
372323,636105,33
22946,669984,23
428548,614195,86
788360,968954,80
216611,582131,66
884498,772624,76
501411,221118,11
341683,672160,33
4474,207135,56
324423,585788,55
344812,260619,0
228897,75460,24
268969,564252,55
387670,572543,22
734233,269060,79
105796,122725,67
641645,133418,83
366279,58809,78
406691,267197,8
787883,956607,80
696008,810665,46
849490,387349,44
187938,683689,26
762548,145832,41
1247,969778,37
61106,10156,71
697222,216741,79
769867,168569,4
150759,807388,32
778061,878874,20
241909,774239,81
648644,768397,42
455517,880961,58
327679,309241,0
420151,482812,84
636180,292454,19
283061,412256,65
793444,429173,64
119609,276762,34
548990,875193,59
372582,989898,1
231415,399510,65
579637,962833,59
345796,794865,7
300875,814105,40
673124,211328,74
790360,581230,77
737625,272812,79
162626,267198,29
810016,945471,80
547859,873238,59
515237,603928,88
230113,513108,82
812783,457341,64
545122,879278,59
31104,780084,48
886726,208887,91
780325,939040,80
450219,837236,58
428397,72104,2
867855,48646,96
608610,922980,59
532228,163787,31
773860,276242,79
807459,978869,80
853246,522099,62
922630,658647,12
895314,558027,62
773335,454523,64
174958,527402,18
56195,480200,27
725944,955187,38
842620,914593,80
569582,966320,59
948107,839537,63
99223,647872,23
791721,463593,64
608784,844791,25
403138,543117,22
168961,736218,61
621532,98395,73
739130,569993,52
886779,105735,96
90082,19726,85
544786,233272,11
618436,55810,73
12355,661680,23
871635,576546,62
12552,975694,37
495722,605387,88
741714,238,10
11499,271766,56
575154,628918,39
240742,158462,87
282576,257007,97
524368,60129,73
591842,94499,73
259734,350116,97
402581,190496,30
670601,797720,46
292782,790946,7
446040,594992,86
46015,390610,89
993732,668097,12
708336,11153,10
462346,653469,86
865517,751617,76
431338,506075,9
602926,391413,17
489633,271500,8
104404,719744,61
745281,939802,38
260342,573491,55
663712,21535,10
954379,255236,47
765984,902903,80
96337,148934,67
139275,799879,32
576323,263659,11
322871,501548,84
522994,972856,98
798314,263975,70
641468,162387,74
254220,677608,66
560911,234065,11
939487,973489,93
429920,667674,86
601719,95697,73
383606,280928,0
567093,146859,73
273254,582893,55
691052,527648,52
180700,26089,24
486346,33361,2
709503,624747,69
129371,350974,34
833279,930390,80
77562,595368,23
360088,413,78
943914,376378,35
799696,494948,77
600324,662232,39
147557,4582,85
18892,533151,27
684244,98451,83
679476,966777,38
621846,377735,19
606424,184923,74
2469,507869,27
760893,341951,54
170468,58201,24
188936,450198,18
481465,983623,98
765368,550158,77
515568,161918,31
368816,699929,33
707770,504196,52
38803,178018,56
956165,274246,47
263093,811242,14
549946,951166,98
249375,258902,97
377096,861000,90
827171,274018,70
425691,597573,86
415183,994431,1
415829,847539,90
602008,949619,59
251351,457359,82
837562,920270,80
979574,700914,92
267319,837844,40
649455,398050,3
39719,571985,23
367024,584263,22
718978,870128,20
256065,700404,81
700113,814213,46
483066,903289,58
588381,928039,59
554483,212161,11
794661,879351,20
255422,893973,99
5303,142275,56
223110,819353,14
874756,39219,96
161644,755281,61
15347,948811,37
672529,211090,74
803106,813531,20
27758,542002,27
434785,444295,36
271661,811357,40
483756,491700,9
12831,661349,23
301021,267390,0
34347,278044,89
95313,930538,6
560008,66389,73
812235,235757,70
383949,40690,2
881513,594492,62
627292,901896,59
171516,683638,26
917026,460890,72
180264,702775,26
552612,754461,94
232109,67054,24
982663,621556,12
503817,659632,86
436894,880913,58
514167,613852,88
24935,94850,71
145688,579831,53
230428,819261,14
328540,776104,7
996164,541967,15
856088,277164,70
302927,303302,0
608687,211545,74
439819,46454,2
766181,205278,4
123733,592661,53
855691,599541,62
499790,974694,98
684477,16473,10
863901,591963,62
133589,246594,34
516366,566603,88
899298,515966,62
849073,384979,44
355820,267841,0
609764,307010,19
932852,445981,72
615953,326408,19
942830,155479,43
150533,8922,85
964888,880589,63
69581,457699,27
559233,40274,73
896103,804760,63
608177,643948,39
839299,99800,41
338913,115578,78
531827,427889,17
540352,710404,94
774367,798947,20
907227,773395,92
463358,658925,86
564644,975500,98
242637,2980,24
100307,862353,32
579898,353254,19
151113,757299,61
934581,513414,49
959552,206042,43
961499,920383,93
889004,501238,72
320196,545130,55
3435,746576,48
702916,912419,38
28342,348857,89
254831,960087,75
195418,396498,13
949062,889182,63
482897,60572,2
38358,696095,48
277616,897886,75
782126,192715,4
976367,815555,63
47561,367183,89
250198,93442,87
489054,543753,9
868320,862548,63
857057,565897,62
34491,702990,48
158204,950383,6
92834,265531,34
783404,680779,51
864418,276963,70
932470,28687,60
154262,697631,26
97959,397025,28
814029,399500,64
409374,358252,36
152011,861245,57
949625,357007,35
217499,509412,18
697051,337279,3
649929,369638,3
511522,150934,31
752145,317765,54
693008,399197,3
307755,451051,82
822738,772750,76
625918,811399,46
184419,543721,53
334906,773060,7
820718,807505,76
750658,320686,54
785342,246740,79
966998,336515,35
815811,338525,54
590288,980198,59
201272,782310,14
296841,20052,78
20866,697485,48
639954,718517,39
117304,528517,53
801422,503480,77
990531,856212,63
365333,163257,30
870528,967686,80
903693,378242,44
114596,19018,85
637913,404685,16
548960,376755,17
125468,753744,61
180463,52461,24
725937,832360,20
488572,444666,9
514411,717296,94
602637,521330,21
996356,770079,92
721412,781988,42
888241,674649,51
828435,516216,77
54127,717784,48
806198,773172,76
717055,545110,52
675831,706302,42
819734,276546,70
924551,936277,93
14241,361904,89
527166,86567,73
935600,639263,12
104474,906597,57
187777,975702,99
635548,659510,39
386401,243495,30
430963,196589,30
74268,225950,56
550329,381741,17
930692,149910,43
551242,725455,94
737414,718154,42
14629,885911,37
506598,393911,17
475021,678999,86
949483,969361,93
63705,704533,48
90754,306791,34
238242,139257,87
500294,441330,17
447531,654471,86
704467,984301,38
151992,535817,53
476856,532104,9
86363,514913,27
155124,175092,67
776137,545787,77
46215,751050,48
899979,947709,93
150080,410950,13
844016,388512,44
724458,966576,38
258840,327095,97
488267,305935,5
855019,307585,44
595217,815383,25
146287,651429,26
579234,196287,74
10309,278585,89
193866,317682,97
282931,235907,68
896855,456782,72
149574,896150,57
597415,755360,25
350980,924660,95
765605,525304,77
794308,950352,80
567872,236853,11
800813,264530,70
969201,370581,35
367793,498939,84
668545,236943,74
312609,24453,78
982474,440615,49
416742,188084,30
135925,497706,18
961435,847083,63
928276,542958,15
499754,378958,5
159582,94952,67
874509,882619,63
179285,257453,29
12982,203487,56
10752,721330,48
394248,133799,30
761338,821643,20
360747,87044,78
954615,230061,47
651675,711518,42
490738,842402,58
254990,631384,66
673267,605070,69
412090,2655,2
632375,328978,19
143520,145335,67
656858,826975,46
978240,284650,47
129133,340829,34
317550,74956,78
795116,523358,77
81564,856555,32
130503,370288,28
441438,248965,8
364857,159503,30
778416,850863,20
466530,971393,1
218310,136577,87
452236,745810,50
838533,224679,70
181327,578062,53
493051,709459,94
877720,847493,63
822971,678187,51
297579,423227,65
186750,722863,81
158476,506997,18
103082,506982,27
852662,692375,51
749167,264103,79
795872,227019,4
509287,592673,88
62189,224082,56
146216,458424,18
748036,254604,79
136100,437518,28
369257,118654,30
218680,367580,13
919956,701102,92
434314,524580,9
632318,384484,3
31709,939447,37
300288,943997,75
764675,893321,20
56236,171276,56
644175,660743,39
107918,794424,32
884694,52976,96
381471,391468,36
416627,264816,8
776791,534620,77
360716,560627,22
459909,704880,50
926502,721595,92
857947,527426,62
456404,796534,58
359700,488333,84
428072,611545,86
243076,392482,65
449116,295463,8
861457,523474,62
35660,343037,89
422954,593877,86
298042,197567,68
511678,780876,94
184322,907815,57
648739,370588,3
476892,135705,31
806736,819782,20
87898,315510,34
784424,814768,20
808639,807053,20
154885,161933,67
618360,782304,25
183469,563653,53
322168,691674,33
973753,875743,63
628993,494229,16
513687,542189,9
579436,590646,21
1329,351664,89
425282,730685,50
633715,862316,46
955479,742365,92
936087,815174,63
633311,73692,73
551892,663472,39
977056,382373,35
559254,385409,17
581022,243863,11
620345,146350,74
720456,720330,42
594062,407779,17
553845,486004,9
282944,451203,82
369869,403591,36
156053,790084,61
945671,905708,93
240476,689488,81
232479,283954,97
419288,976058,1
612061,912972,59
323431,912937,95
738606,751718,42
130905,120610,67
99089,395412,28
690142,229444,79
266216,302794,97
73476,914392,37
187987,513432,18
267309,666485,66
629584,419521,16
895081,633322,51
255640,542391,55
976002,675323,12
155109,922417,57
78647,827960,32
526706,360790,5
802648,112274,41
2696,326488,89
283871,23940,78
366885,250377,0
98251,318207,34
117525,248070,34
319077,733301,7
593578,280697,19
689268,540515,52
437002,698227,50
114725,192087,67
420168,778446,50
344590,527895,22
333144,161882,68
757749,492506,77
555424,19196,73
638441,282668,19
806620,874882,20
158318,859313,57
474740,959667,98
137082,937656,6
199555,929304,99
825561,215035,4
98511,689352,61
945270,154596,43
297508,226904,68
583530,404522,17
816610,772620,76
439778,361037,36
949771,802371,63
462480,903543,58
848070,526143,62
885616,554063,62
150036,671530,26
416868,308881,8
377294,183520,30
432834,645844,86
707546,740104,42
939596,798308,63
175216,871413,57
842428,703073,51
564368,344779,19
701073,934733,38
72950,77787,71
370613,900643,95
117706,301301,34
972525,237201,47
641695,968124,38
265998,633237,66
819211,491369,77
441982,406060,36
654656,810236,46
650921,34420,10
502268,630748,88
981852,989594,93
115967,65038,85
95760,439556,28
622380,348375,19
139959,294460,34
994231,44761,60
312977,210368,68
660995,353646,3
729113,215931,79
163043,280095,34
560459,650478,39
585070,283993,19
83739,402733,28
748310,850522,20
729120,328897,3
779478,687315,51
716464,612782,69
41966,325984,89
817062,367055,54
105570,319508,34
985034,482703,49
793321,352556,54
409054,982992,1
157585,547487,53
617918,359611,19
982900,608371,12
905399,55600,96
483297,773789,94
75356,517709,27
142626,118354,67
184423,606121,53
85691,214293,56
638219,560689,21
512251,407412,17
373729,276984,0
273457,998579,75
122545,625229,26
233725,229815,29
500913,856350,58
674480,993035,38
954025,313159,47
278790,629290,66
487476,17135,2
4565,739554,48
686417,619084,69
957943,151239,43
875498,505404,72
338261,159107,68
126081,46319,85
498717,945760,98
394182,17790,2
998900,525119,15
686535,610058,69
250482,855968,14
258509,761231,81
22548,980160,37
557999,296889,11
828594,189759,4
283321,785083,7
901814,790843,63
707819,315321,3
615167,113610,73
455838,270732,8
193164,515266,18
89202,230667,56
821111,414213,64
689897,109471,83
880706,37874,96
553728,519739,9
255202,192476,68
945325,93932,60
725917,488884,52
689664,193891,74
736071,161548,83
140826,874258,57
660527,488716,16
854288,26314,45
261920,98504,87
562220,245439,11
101742,984765,6
955899,810508,63
211777,338149,97
281804,288377,97
753290,550223,52
601289,873116,59
472743,398130,36
375548,836279,90
350232,364730,36
29361,480928,27
972295,366873,35
48551,1771,71
768158,447923,64
246552,799580,14
546738,30260,73
584984,828868,25
788940,727599,76
763882,569139,77
523443,511583,9
178129,823764,14
5093,605523,23
33573,263042,56
962840,459098,49
67424,199124,56
692065,544420,52
83468,855268,32
505736,911692,98
821867,122202,41
858017,695332,51
445916,511949,9
342937,744871,7
50570,938489,37
188180,757236,81
865898,159981,91
808412,989178,80
127998,262449,34
993705,203015,43
75276,164882,56
178256,960386,99
215869,125298,87
895538,317158,44
477585,780458,58
171723,155807,67
656736,762081,42
311292,887653,95
795626,98444,41
563748,917503,59
485947,318235,5
577285,435434,17
353729,135301,30
4940,38098,71
325248,448307,84
704363,232399,79
944267,306864,47
479426,717079,94
948340,765752,92
3712,391831,89
510152,139749,31
768994,482184,77
71325,774551,32
880603,305922,44
635826,328753,19
356958,401138,36
934269,261498,47
668,232162,56
955871,334649,35
451182,23349,2
436483,974807,1
596843,143468,74
268774,293049,97
275284,704814,81
821293,481305,77
296768,790396,7
198206,256078,29
907177,928476,93
906825,19552,96
613702,490084,16
846799,160303,91
223203,380972,13
4238,235973,56
998417,400464,35
598673,902218,59
586080,260836,11
880712,133559,91
734726,550408,52
711715,804720,46
940338,261410,47
525945,566742,88
245010,890290,99
120636,543869,53
819450,496208,77
775091,961085,80
972313,666060,12
475116,282028,8
45402,73875,71
618326,221168,74
187134,173262,67
25010,346286,89
38012,870850,37
386523,300523,0
902434,210237,91
464392,37261,2
250149,259355,97
980821,662146,12
689160,726988,42
500733,832968,58
706156,367834,3
197512,599976,66
812397,964734,80
295297,60486,78
596013,202505,74
505973,889124,58
509641,547389,9
982911,800290,63
475040,9311,2
501832,291985,5
392523,145788,30
263213,824818,40
723617,844065,20
213967,146511,87
415514,546904,22
820392,332608,54
148652,395572,13
378805,589644,22
162998,510465,18
397449,934304,1
848397,19401,45
75273,129264,67
549782,200565,11
899119,501601,72
412281,217109,30
964259,302515,47
384354,837852,90
792826,38791,45
973617,583752,15
130046,697597,26
529302,992877,98
286924,339565,97
74671,2733,85
937242,229782,47
952073,505880,49
340050,235234,68
585967,362300,19
180989,883290,57
468424,808422,58
154377,627630,26
579590,180689,74
853862,865781,80
182641,654700,26
548920,713517,94
87150,736320,61
333683,225694,68
248651,83404,87
777006,150050,4
899638,217241,91
181602,194039,29
217422,217279,29
808228,898584,80
513149,498741,9
349859,84797,78
187391,481162,18
895888,206203,91
664727,72408,10
967290,256805,47
123998,48087,85
213876,619782,66
681492,838677,46
645907,763770,42
685379,167063,83
844162,843276,20
946322,842699,63
248668,369411,65
693936,990944,38
810059,663165,51
826107,392494,64
649635,425133,16
225417,598504,66
65050,296349,34
753066,786788,20
551256,964254,98
218405,747744,81
347455,679858,33
389291,819241,90
995262,370934,35
299124,384750,65
496050,119173,31
954990,528199,15
450541,249264,8
387351,219666,30
937882,986524,93
513466,839628,58
630319,779980,25
127718,564851,53
461741,487289,9
882542,884272,63
962724,511529,49
283458,81512,78
982686,15692,60
746828,943657,38
57537,38989,71
298791,780725,7
652077,461848,16
279927,744454,7
38926,234091,56
380026,104045,2
697901,624950,69
536745,89336,73
478008,896976,58
482482,75279,2
221694,11060,24
899420,557177,62
482675,320272,5
814027,356565,54
793068,107455,41
997388,100180,60
739529,270242,79
965662,889330,63
971823,444881,49
131712,693749,26
848923,860404,20
816885,392244,64
460759,980937,1
611240,122995,73
187638,646888,26
251308,739837,81
453145,24331,2
935479,600588,12
89116,787429,32
332212,503563,84
395020,101521,2
274033,681332,81
147885,507427,18
342340,724872,7
930402,267352,47
386731,789151,90
266112,549422,55
136647,631639,26
964332,538166,15
964959,72936,60
851605,928536,80
906832,128894,91
328140,52040,78
647792,451377,16
301995,641305,33
423197,686058,50
592866,307988,19
364807,319069,0
593037,173339,74
322113,761604,7
286086,250464,68
564616,501269,21
841902,854087,20
654213,364370,3
966962,731779,92
22459,470884,27
153244,588531,53
443903,691860,50
99034,466069,27
235489,875460,14
856301,857188,63
764895,601439,69
397183,461721,84
159380,712294,61
532482,439497,17
629816,331469,19
6182,908779,37
854880,983874,80
973615,550380,15
252918,796504,14
845140,273376,70
644953,741321,42
395518,482858,84
406733,976923,1
160663,269645,29
924571,274822,47
944343,581326,15
355923,998955,1
453123,648227,86
755532,231224,79
198377,125068,87
29554,727486,48
872186,833442,63
672226,105496,83
74709,636755,23
944997,572538,15
657911,512550,52
442694,366638,36
95546,843433,32
587182,770090,25
908141,142076,91
875623,608146,62
121952,663443,26
491625,751064,94
139145,610977,53
693121,300331,79
678024,562287,52
360884,393459,36
877706,607302,62
928253,150849,43
325031,796711,7
329322,923591,95
800315,900302,80
378106,828224,90
964203,365902,35
731095,526524,52
296938,652421,33
251952,566351,55
673920,579525,52
91674,765255,61
652013,392734,3
691916,35020,10
596305,98392,73
679337,621292,69
62118,18727,71
748388,171543,4
123919,706836,61
793895,2085,45
56483,320598,89
296391,445621,82
565661,66217,73
914427,791244,63
446143,325544,8
418654,328243,8
793603,94099,41
525698,422601,17
670810,316135,3
289282,963987,75
740697,901476,38
118862,721231,61
736983,481008,52
311942,821608,40
767156,603502,69
68954,910806,37
920554,752031,92
391821,347951,36
19090,848691,32
958200,470330,49
845414,880932,80
834665,217815,70
818484,276402,70
496827,177470,31
754507,8282,10
195655,384886,13
789740,161820,4
717977,39662,10
610344,55919,73
847114,459968,72
694133,302923,79
234321,234622,29
306235,897556,95
236024,859912,14
554031,610119,88
274140,472506,82
412230,363886,36
846133,965895,80
805621,86397,41
81292,281776,34
821048,368884,54
845224,684612,51
275836,981809,75
270006,5574,78
689294,968030,38
688679,638952,69
878181,602431,62
65722,590606,23
329749,94063,78
932585,962865,93
877073,974537,93
56962,361010,89
511502,817773,58
320042,954805,75
415542,30667,2
434152,808783,58
230606,804050,14
684031,511462,52
148877,179903,67
634733,964717,59
13187,649375,23
46569,699849,48
378133,286293,0
739405,189805,4
64667,860162,32
759155,126764,41
524966,105688,31
314426,572619,55
12514,335998,89
123070,448772,28
514531,737321,94
163445,33015,85
888656,657891,51
182199,232656,29
265988,473477,82
738342,319927,79
16839,28442,71
40785,488486,27
985455,556887,15
616183,202840,74
135449,493984,18
395475,752681,50
325713,267179,0
479305,684696,86
689364,153263,83
902853,264551,47
312810,405632,65
463858,74331,2
281336,421060,65
759439,900982,20
811875,197518,4
691952,644483,69
838481,351647,44
141060,804371,32
70835,524125,27
980485,20554,60
463804,164116,31
305037,766483,7
290446,538504,55
639546,861608,46
46515,793188,32
119990,676533,26
497572,703653,94
299808,882508,40
318300,676037,33
157050,540517,53
485971,730168,94
937226,965963,93
944773,806075,63
702753,184428,83
690755,535332,52
330248,480746,84
905595,336892,44
147891,616778,26
188316,42434,24
190045,91193,24
684482,96529,83
363936,678804,33
665789,922666,38
249883,785982,14
6487,38901,71
822706,227730,70
465889,212366,31
247882,166075,87
236129,633031,66
360700,285099,0
672078,619512,69
148607,651002,26
399793,321712,8
24047,166567,56
496299,297695,5
374693,476535,84
131925,275620,34
353809,481397,84
846812,375489,44
854688,749306,76
589615,671165,39
281245,892186,40
984063,156896,43
967254,650457,12
233862,525750,55
294905,478063,82
818531,57035,45
601967,274727,19
353266,343610,0
60736,803086,32
472059,902524,58
726189,70879,10
276959,863402,40
207707,937294,99
110217,427088,28
82206,645291,23
418374,618593,86
693445,746177,42
11761,680446,48
258131,418569,65
905206,803736,63
400785,6811,2
486892,197797,31
381747,33272,2
215700,270200,29
252735,717594,81
616209,628414,39
765755,44589,45
413698,36750,2
669388,412275,16
106014,785356,32
484967,845731,58
206917,667176,66
240464,488961,82
971271,164388,43
885608,413901,72
439789,535815,9
451655,980427,1
37226,661488,23
644619,126512,83
292473,601398,55
711789,39925,10
23289,426991,89
441666,88754,2
697551,753889,42
623441,178417,74
660444,95090,83
183429,897801,57
350229,302072,0
937829,104719,60
19339,32371,71
61305,362573,89
777235,898,45
95227,481947,27
99263,321699,34
800667,815018,20
9192,505630,27
132203,943439,6
384489,118871,30
875794,476761,72
930516,193398,43
441779,992127,1
687628,968247,38
335525,170555,68
534559,345753,5
82571,783700,32
662522,7318,10
999516,876893,63
956619,902013,93
148324,892781,57
976122,687161,12
127391,70936,85
222909,441242,82
956185,602789,12
87901,367062,28
223834,987025,99
937058,144846,43
439045,44820,2
300250,307729,97
5574,691837,48
717811,260409,79
700245,27534,10
764167,355222,54
221639,101081,87
869255,570760,62
773186,940810,80
210473,431993,13
513573,635052,88
319684,930129,95
678532,98484,83
231799,851561,14
200644,234845,29
55903,572620,23
35125,348668,89
66846,489003,27
679080,310410,3
75342,273182,34
375973,985667,1
119701,826555,32
924873,352304,35
189005,623785,66
967410,268502,47
728600,595710,69
102436,643253,23
169705,233873,29
711595,791222,42
82044,924564,37
147855,6806,85
396184,674832,33
916063,278243,47
443418,533230,9
5633,675526,48
570865,537750,21
976676,8837,60
525337,345989,5
49038,187034,56
484653,563378,88
697575,144198,83
544473,971440,98
1173,729987,48
897010,59856,96
12524,493128,27
7243,736825,48
833230,105147,41
207029,547775,53
455577,891831,58
11471,803866,48
588490,764731,25
842605,669174,51
807621,694627,51
597270,324506,19
977058,422797,35
951929,86898,60
508953,986645,98
544542,131793,31
56719,286266,34
282869,196009,68
339407,422017,84
847895,580548,62
271368,890159,40
917185,131920,91
185828,220766,29
421535,753848,50
936974,735943,92
6424,974719,37
103501,549650,53
972851,720026,92
491481,321430,5
285118,983544,75
428867,973615,1
550302,937540,98
240450,258639,29
945704,455362,49
270875,606871,66
689894,59804,10
141903,966499,6
959991,578850,15
740206,647341,69
869832,278941,70
164799,784701,61
473367,887805,58
341458,894012,95
663399,760267,42
807837,332996,54
673449,660320,69
2287,452728,27
12225,470352,27
211719,375568,13
186165,878589,57
456264,442159,36
373044,761679,7
543486,374583,17
626890,148764,74
291799,274881,97
936343,127511,43
86116,361827,28
233232,944053,99
707682,12952,10
697113,384322,3
301378,272062,0
560771,883024,59
987929,134701,43
930290,389555,35
262146,892986,99
422659,640615,86
821153,122781,41
595084,592921,21
229050,652480,66
242622,751112,81
951209,971874,93
301352,838020,40
606578,767460,25
710263,396481,3
672775,342185,3
103813,793615,32
289343,998899,75
508574,615651,88
260407,664103,66
586028,378789,17
308913,902537,95
947558,617217,12
573498,782384,25
529017,197879,11
767187,115605,41
981045,433853,49
774636,310676,54
548260,618324,88
174109,250414,29
718460,161766,83
816887,436424,64
991573,372980,35
691235,594050,69
212245,213746,29
442635,368048,36
794543,893558,80
40899,399967,89
248680,578359,55
489804,141836,31
851281,482870,72
598464,389657,17
979846,280576,47
656353,336969,3
443351,409160,36
759273,105520,41
487017,310510,5
744581,178788,4
901512,720405,92
847165,317652,44
788798,334577,54
243628,663403,66
824505,470003,64
341481,273732,0
613804,219289,74
594938,133821,73
135251,171009,67
160620,555747,53
442150,224147,8
255259,152231,87
555823,730198,94
450245,267976,8
873643,322222,44
595166,959092,59
465348,117523,31
209650,600075,66
466774,80081,2
926329,818623,63
598494,890107,59
32171,707299,48
580389,605198,21
569562,630099,39
84728,34895,85
489555,967353,98
305076,426880,65
580548,271196,11
996328,293868,47
41617,464949,27
403664,386554,36
818825,992453,80
172700,569378,53
547558,822263,25
789063,796695,20
66622,726194,48
152070,849973,57
513015,244175,11
864615,592816,62
467937,624779,86
666205,922476,38
69144,118889,71
180678,662836,26
291448,367937,65
922280,766190,92
357697,822157,90
6310,67010,71
241490,729943,81
168594,574838,53
313976,8049,78
294922,767435,7
296710,808218,40
731945,810564,20
150221,771250,61
404778,108395,2
807193,508337,77
627130,183586,74
546174,553896,88
342655,14621,78
742954,837359,20
507096,771711,94
152641,440986,13
652402,920787,38
676384,990317,38
257843,578790,55
726245,6123,10
911105,943799,93
439822,89398,2
514024,211681,11
737007,886492,20
284746,733351,7
430491,274072,8
344397,292372,0
901535,98817,96
830760,590586,62
981327,163273,43
139246,317642,34
612431,130521,73
677692,982680,38
914810,224739,47
191054,57337,24
669299,914879,38
375622,85876,2
331176,88498,78
402675,761890,50
90780,745521,61
983570,862409,63
509389,307125,5
861598,881567,80
502765,982219,98
166353,895276,57
919842,787477,63
129735,467251,18
88562,467264,27
321060,60337,78
88366,179806,56
4688,800354,48
559102,834498,25
417430,756358,50
113646,58523,85
601183,92210,73
785975,895854,80
620728,585871,21
749465,268221,79
5308,225187,56
734438,702136,42
814254,175332,4
815264,145945,41
908158,414934,72
809069,32099,45
500152,60408,2
284697,914564,75
78633,600870,23
826246,716761,76
610420,338114,19
682946,279903,79
345246,559428,22
317817,554097,55
712799,27724,10
973166,5267,60
538267,662772,39
223007,92175,87
194904,767480,81
39980,951958,37
569394,813592,25
54758,325175,89
231980,890556,99
586856,292664,19
819429,156442,4
325094,867233,40
594135,641982,39
799960,934104,80
491448,779008,94
795635,245478,70
764174,474691,64
145975,416324,13
163518,262639,29
185165,76877,24
80376,891628,37
600630,794264,25
210603,616137,66
421799,190343,30
105250,946909,6
713457,74754,10
402659,496020,84
620579,77121,73
179938,226586,29
246870,154468,87
148301,503364,18
50397,33145,71
72777,171504,56
470675,642273,86
684467,851524,46
573478,454193,17
623409,644298,39
732555,54271,10
146526,664917,26
261599,695194,81
136362,842206,57
967962,549590,15
971577,301562,47
368980,458152,84
175832,221082,29
728847,737197,42
85325,67205,71
518665,205662,11
563184,437829,17
603134,882937,59
522293,184653,31
477208,438000,9
474363,625121,86
424425,323952,8
662528,118851,83
544535,8340,73
179649,367914,13
535689,325607,5
477202,340241,5
435851,359042,36
425627,528389,22
643332,484550,16
845357,916935,80
930686,43464,60
505785,737468,94
636969,550957,21
950736,32085,60
267583,283495,97
716943,667243,69
367407,9689,78
848430,572835,62
638424,4018,10
535211,302991,5
379021,214592,30
651870,983152,38
837702,268423,70
393688,721337,50
525050,524852,9
193088,241298,29
499586,551925,9
211286,96074,87
732506,233888,79
960959,848228,63
178820,435067,13
177573,484401,18
331746,662441,33
658146,463294,16
586611,177677,74
223490,212111,29
965481,845310,63
138352,288446,34
914801,73361,96
987156,139195,43
458447,130973,31
267040,148909,87
729823,137417,83
572681,64707,73
539311,213797,11
289808,807464,40
48249,935738,37
963280,856050,63
640207,968501,38
608550,909050,59
417161,227481,30
273319,682334,81
987993,207704,43
892582,634833,51
653883,814002,46
946064,504542,49
852700,339318,44
925811,111247,96
733077,832398,20
113547,394738,28
377415,223581,30
730380,507154,52
744184,512044,52
935900,683194,12
446639,669040,86
566149,272102,11
232993,926723,99
440263,511832,9
373846,231987,30
18322,941247,37
549549,282833,11
581593,833811,25
870593,60638,96
155807,661486,26
605519,963722,59
288283,185339,68
6671,119830,71
988386,818865,63
676822,363046,3
721172,749694,42
120572,456153,28
566116,712924,94
121106,437663,28
805638,358254,54
177901,988248,6
492031,571643,88
611520,826400,25
320641,21762,78
762440,333738,54
136394,380293,13
585510,682307,39
544097,647436,88
469918,916651,98
161711,886872,57
669521,655531,69
519154,427646,17
454980,853456,58
40576,971433,37
876531,859173,63
126649,597855,53
161501,349126,13
774685,137345,41
358671,186086,30
552943,322633,19
501475,296399,5
581471,798587,25
863399,163417,91
564951,139699,73
925992,152410,43
555256,192891,11
923160,555085,15
319079,773505,7
303196,825237,40
774996,365813,54
230342,366421,65
442776,737724,50
937575,828618,63
586493,196878,74
930076,794301,63
827642,186892,4
101007,625394,23
7015,908119,37
758044,447897,64
810591,618629,51
307870,383311,65
318791,926353,95
215639,247411,29
236891,436063,82
923718,941993,93
84489,18919,85
978174,185953,43
328282,443278,84
177430,79099,24
428703,211955,30
337151,509918,84
202999,814642,14
693461,9816,10
993693,1329,60
346475,215729,68
764357,548678,77
637638,785538,46
551784,848779,25
441657,931921,1
811815,178838,4
733447,55746,10
937309,368026,35
413368,477124,84
39287,303941,89
353149,390148,36
228816,714666,81
399131,200066,30
513282,734672,94
643629,480505,16
860880,818753,76
783749,476699,77
883418,621184,62
250117,732327,81
226167,199749,29
189277,181221,29
789126,848512,20
956122,547865,15
977900,570078,15
313902,758327,7
209374,953982,99
584994,2981,73
110113,679202,26
353367,41869,78
708461,113160,83
881485,130904,91
117949,376241,28
489602,749097,94
88583,820093,32
307625,259472,0
953614,392403,35
122726,665742,26
138268,875066,57
242565,797015,14
442532,638256,86
181070,249641,29
730091,652387,69
670359,730239,42
131217,370922,28
92727,470201,27
672493,597894,69
817405,136537,41
789922,228951,4
982536,498614,49
221094,937960,99
295359,103929,87
740080,526481,52
576161,548284,21
24199,723802,48
942423,314301,47
470699,40290,2
170221,915790,57
684587,864818,46
11789,145301,56
76596,352287,89
888442,46569,96
700616,268836,79
335615,687118,33
400994,522667,22
470535,287897,8
697811,124869,83
688892,217231,74
7223,400581,89
575238,33689,73
221411,268954,29
312055,713985,7
946640,192382,43
377602,364976,36
157012,905008,57
486036,822400,58
87864,733518,61
239884,736193,81
208879,636978,66
692912,783138,42
201419,263676,29
615648,198664,74
962492,615641,12
87898,308177,34
533516,812581,25
53466,604152,23
990127,81128,60
522120,281571,11
376225,222206,30
629028,77145,73
579685,782191,25
299912,627256,33
300486,281724,0
948260,406288,35
495298,480550,9
606287,872309,59
901451,691213,92
233411,950968,99
920500,844556,63
453748,155237,31
77643,954746,37
421586,600035,86
802628,783379,76
258687,768428,81
970727,13555,60
826039,247425,70
487390,566048,88
583266,956765,59
365457,245596,0
735206,608946,69
568344,158798,74
928424,38920,60
136536,761497,61
483704,624006,86
681335,210488,74
678195,429313,16
467277,535534,9
721883,696616,42
28021,958062,37
157896,769765,61
443199,856136,58
80478,604578,23
144783,375528,13
506327,848622,58
799952,798449,20
546966,871958,59
12898,790952,48
544597,50359,73
383838,171721,30
131553,21130,85
141188,954533,6
841984,241108,70
307179,761990,7
777942,872662,20
845296,905948,80
273827,214759,68
457694,464041,9
146157,468569,18
243205,560269,55
443365,635632,86
68248,56729,71
445885,996059,1
766556,508848,77
209824,520500,18
55495,717269,48
140356,978797,6
656790,682736,39
759000,519730,77
103895,172417,67
827631,10932,45
736916,350935,3
176099,702320,26
898657,743790,92
895162,997537,93
607491,106103,73
280498,332476,97
930878,269470,47
987444,984461,93
845398,607917,62
270463,681755,81
267282,224092,68
324571,73078,78
237724,432460,82
368673,298415,0
469016,766686,50
704473,83985,10
548799,680805,39
303587,388407,65
969519,722190,92
855023,373413,44
959553,211748,43
852546,756663,76
244950,888554,99
941443,840655,63
895814,953655,93
94037,485433,27
682877,122595,83
457900,933619,1
346859,664399,33
561039,399191,17
210888,407847,13
695666,60068,10
565821,753549,25
913204,235121,47
683291,79087,10
215504,991068,99
892569,421674,72
90685,147447,67
151071,56064,85
280301,32151,78
366382,794337,90
437363,769815,50
289237,222572,68
771413,142489,41
815914,82529,41
76385,803380,32
420719,35193,2
505045,301195,5
197778,70672,24
800807,170958,4
303406,353349,65
746815,733848,42
792513,771512,76
806054,356624,54
794210,289776,54
274597,166406,68
791771,310398,54
865924,585047,62
888762,425437,72
333963,916648,95
105033,290210,34
575778,111276,73
218821,725219,81
757869,515176,77
576005,925480,59
554485,245806,11
275612,226631,68
992340,260326,47
310845,387080,65
662528,114602,83
119516,714650,61
132627,75304,85
640850,780380,46
853661,482292,72
897609,117414,96
382537,314206,0
870676,454882,72
218152,482819,18
750571,848766,20
210450,42584,24
719386,736640,42
723720,563464,52
145257,346560,13
638946,779593,46
620914,705478,39
974895,60859,60
865193,311554,44
304026,780249,7
648127,81291,83
272972,841037,40
312897,863825,40
321470,946751,75
56616,547200,27
797117,159786,4
528193,345261,5
802938,984557,80
458092,153004,31
547549,669289,39
751456,735068,42
291144,257772,68
375814,315905,0
423259,716627,50
357271,661209,33
955529,576124,15
919733,961358,93
549166,833028,25
711930,420526,3
793073,187080,4
262844,628728,66
45971,644115,23
656424,521255,52
741453,606514,69
697235,443885,16
391093,101835,2
553537,310919,19
630526,254770,74
932587,993826,93
240563,149192,87
476883,988202,98
714043,926275,38
908862,251386,47
60639,164886,56
245320,107693,87
997875,298279,47
177995,578425,53
602901,972217,59
62625,539232,27
886038,640974,51
853343,136068,91
908377,99401,96
642820,883261,46
974658,89368,60
14600,390807,89
294582,45624,78
809025,290793,54
372397,879895,95
402852,734603,50
483464,581867,88
439128,440497,36
434009,404836,36
83600,73285,71
709509,726818,42
645204,955586,38
548300,280701,11
743270,151253,83
113725,384138,28
208663,10473,24
28020,944992,37
489790,908877,98
497479,134849,31
418637,40069,2
440706,950530,1
569191,400153,17
374610,86321,2
811542,591028,62
413575,971481,1
688626,746222,42
757301,970144,38
221123,430136,13
312242,855826,40
870926,659740,51
262512,43064,24
789649,636875,51
974570,609448,12
8089,958011,37
306536,957633,75
940645,436135,49
127625,5330,85
584387,792762,25
964004,20709,60
60460,166079,56
305651,83203,78
402777,474221,84
243448,633964,66
45933,6282,71
589766,198707,74
673001,142200,83
961468,401753,35
274397,803352,40
951904,658608,12
235035,240993,29
374723,977493,1
734206,816688,20
90104,379496,28
205370,654328,66
306350,832947,40
347191,255643,0
603805,153026,74
910286,182694,91
546929,251382,11
987063,578140,15
799686,337802,54
453076,862968,58
911558,571222,62
537390,924302,98
759594,505919,77
980819,628563,12
260511,424551,65
433017,728753,50
152287,499386,18
189012,739099,81
45181,357320,89
479644,388186,5
247087,798629,14
562443,987117,98
476724,310832,5
162870,367973,13
533331,710537,94
998833,389857,35
341139,524442,22
296946,771578,7
914777,657382,12
622178,960715,59
745285,19537,10
367327,680513,33
391256,854150,90
710569,545786,52
39720,574685,23
747561,268099,79
953273,674825,12
796985,930797,80
908441,171473,91
952115,211506,43
787029,611083,51
481862,656425,86
541228,425888,17
911297,172372,91
65875,174936,56
159696,16295,85
875347,966796,93
952072,483168,49
617389,468589,16
583285,271777,11
761430,359814,54
403016,490252,84
675593,704601,42
233278,719255,81
525597,720116,94
992680,979187,93
208784,41298,24
110977,192022,67
319272,15477,78
121943,507088,18
629694,267937,19
226809,987108,99
326497,442989,84
318711,578691,55
66209,788955,32
977424,581617,15
246629,94304,87
974568,574316,15
534958,45720,73
426094,365504,36
32858,252853,56
703911,643764,69
747977,251936,79
303910,817270,40
866256,176800,91
481483,293618,5
845619,321365,44
188643,539425,53
123227,90132,85
860341,755535,76
289719,311805,97
519246,980640,98
629819,373144,3
444904,507120,9
166833,969413,6
931282,62962,60
207535,49865,24
84811,421939,28
537135,631789,88
492007,166065,31
60263,847394,32
153504,957985,6
859486,387636,44
9036,881949,37
930257,837647,63
348864,361270,36
874006,427800,72
38292,583491,23
734116,289678,79
620721,469478,16
519480,905870,98
960546,910833,93
373419,54604,78
738185,679185,69
62515,703049,48
147872,298307,34
652641,950663,38
798877,726768,76
797272,757006,76
877,749458,48
142467,456128,18
158870,144118,67
198166,578048,53
262439,816993,14
211296,262706,29
303553,826803,40
80918,995480,6
38856,61991,71
886260,384177,44
878193,805173,76
552123,546478,21
661416,429349,16
70307,653648,23
867563,147931,91
276431,982328,75
992620,975064,93
910565,878461,63
299051,155462,68
855666,191216,91
778769,778219,76
531144,951395,98
106273,133201,67
724716,315212,79
783906,112714,41
388918,560963,22
118351,131094,67
307633,391025,65
972295,362264,35
572794,950236,59
623231,648020,39
279591,90301,87
695420,924677,38
50868,946144,37
852697,289010,70
400909,80236,2
530029,204595,11
643897,991945,38
635015,706284,39
524445,355800,5
935745,66799,60
706374,31804,10
533796,520799,9
82208,676299,23
571091,326879,19
865268,569972,62
528058,71215,73
920139,790929,63
158460,238967,29
328451,291513,0
461594,12795,2
53913,127132,71
715913,363008,3
81680,797025,32
609695,153873,74
155147,557809,53
105515,401647,28
496317,601726,88
223149,476486,82
313600,684492,33
261321,23603,24
704468,2967,10
869617,654510,51
357421,181966,30
304023,716323,7
247474,297020,97
18694,198242,56
854263,603400,62
354462,453708,84
485042,102231,31
204190,834839,14
143194,670626,26
211759,36388,24
579307,413969,17
580153,643850,39
191942,973849,99
485855,766610,94
421559,146677,30
213175,833880,14
32496,160666,56
321940,860071,40
229585,644525,66
532006,441206,17
351081,627161,33
706811,373462,3
792106,938575,80
635511,40397,73
958132,328878,35
453627,111506,31
88874,714540,61
278036,960261,75
114466,834568,32
599713,380786,17
876038,582052,62
551135,942734,98
533879,915443,98
852979,33504,45
107299,383051,28
954353,826492,63
862874,332142,44
324810,94134,78
117129,601714,53
9403,47954,71
976646,490739,49
855300,29265,45
868955,528684,62
605477,256829,11
532183,401428,17
809455,517412,77
156759,655040,26
257865,953078,75
389425,75051,2
395014,4161,2
943949,951123,93
540244,882994,59
490063,489846,9
853324,820063,76
807105,23307,45
726443,340516,3
59592,568899,23
493927,439828,17
199522,382241,13
334170,403013,65
454290,259457,8
698145,735922,42
653799,408136,16
550104,609306,88
612202,294927,19
849252,392747,44
906256,460424,72
359263,149555,30
575668,256528,11
473022,86728,2
639055,605884,21
95315,963017,6
441829,828476,58
210282,219793,29
64572,275847,34
170088,674576,26
602810,435517,16
749460,189825,4
391284,326675,0
436066,972719,1
500085,929411,98
627395,633848,39
89419,874624,32
815270,252227,70
191321,535210,18
277861,11183,78
965902,926296,93
267552,759755,81
208160,559082,53
500578,226161,11
99681,347117,34
11571,488539,27
886615,343965,44
35402,13630,71
86233,330534,34
300764,951641,75
231067,545989,55
442515,363441,36
363177,924358,95
689359,63612,10
137490,805585,32
475549,556927,9
286379,178252,68
886004,80731,96
852316,884684,80
897333,489478,72
668426,241454,74
122766,335452,34
958337,778092,92
393004,222288,30
999065,293110,47
313757,322385,0
335890,308660,0
648733,265871,19
501287,136494,31
67971,394146,28
413985,858545,90
574512,828858,25
617691,549257,21
363827,845602,90
43521,465627,27
794882,584894,77
320437,590267,55
624615,913405,59
610102,986747,59
273387,829194,40
272392,100408,87
565614,280269,11
495129,637973,86
423944,241261,8
880285,966749,93
162141,111135,67
861009,993474,80
320478,283182,0
454226,186211,31
658182,66879,10
43908,971335,37
238965,286995,97
535849,20202,73
543046,985857,98
300322,520581,55
416603,848618,90
728755,199191,4
805350,531708,77
429340,919234,1
579723,418029,17
824434,270447,70
413154,890393,90
849434,452043,72
501490,558449,88
861232,731590,76
845767,808828,76
975387,334584,35
353307,33966,78
877491,992951,93
541546,767769,94
897056,829431,63
254770,920065,99
533365,272047,11
308981,49304,78
653504,442657,16
742728,34613,10
742753,457315,64
98691,700767,61
792316,459259,64
777969,338981,54
261327,137860,87
24637,85065,71
702893,523409,52
942582,986318,93
50024,764552,48
829061,43849,45
978310,461329,49
572504,89810,73
447585,563567,9
870862,587316,62
34016,712580,48
338022,140635,68
654145,226822,74
212531,9409,24
143084,818460,32
873430,747653,76
815036,317864,54
355994,206110,30
104642,724333,61
869180,315457,44
901194,380762,44
481214,763715,94
773841,960878,80
492286,862411,58
546181,666267,39
962217,995837,93
41548,309354,89
323093,238310,68
292246,778781,7
973001,243616,47
456654,990756,1
644206,180946,74
161621,368979,13
441662,25713,2
160668,353019,13
196628,738319,81
944198,150706,43
928135,165252,43
398952,192838,30
38952,678856,23
540988,398900,17
326248,254285,0
768345,587831,77
681003,632423,69
145065,114841,67
134702,940715,6
597889,728435,39
814962,68619,45
294251,484582,82
370584,417897,36
603858,53817,73
515088,88463,73
801163,162107,4
532532,272332,11
92004,316225,34
801320,801581,20
177734,189664,29
683596,198111,74
662746,786578,46
18957,619718,23
601523,807753,25
911892,173415,91
601521,769983,25
110526,622131,23
155984,635295,26
413493,584813,22
954861,350841,35
585577,803787,25
251449,112080,87
740572,797936,20
918316,145153,91
589125,434005,17
337678,357840,0
224015,32727,24
51154,756426,48
265735,210164,68
238242,143530,87
319926,1836,78
870503,545383,62
256183,670661,66
812127,431654,64
819177,924239,80
687702,221992,74
31496,365145,89
992443,993350,93
249425,95995,87
395840,895051,95
127981,992197,6
862342,395634,44
427570,179407,30
298593,462743,82
338331,341108,0
15148,606920,23
510841,716092,94
362174,72087,78
579359,302700,19
485224,161817,31
666322,890260,46
615217,965049,59
583347,329338,19
199666,795792,14
878042,261509,70
192523,749501,81
864739,683983,51
707240,588843,69
688205,664477,69
868935,205119,91
438702,265993,8
559778,205532,11
379815,551844,22
852769,503733,77
249469,826688,14
158355,474747,18
80248,739783,61
548855,622138,88
274131,329745,97
31437,367204,89
609077,758717,25
771104,945553,80
909992,236037,47
87934,907489,37
171181,45733,24
645968,788124,46
8780,569659,23
266679,83145,87
419425,277292,8
457135,79489,2
973621,660357,12
621917,562491,21
796794,718596,76
459440,812268,58
802520,955953,80
711307,948116,38
999523,994688,93
731868,517718,52
291460,572471,55
530835,755680,94
720245,161140,83
285686,531010,55
692001,462214,16
432737,18131,2
741444,456405,64
802459,933806,80
481562,626222,86
916344,995180,93
5256,349706,89
522843,423980,17
834547,233853,70
383804,594042,22
64335,281088,34
257650,339205,97
26523,783896,48
944697,535683,15
225906,817319,14
684041,691821,42
437205,104553,2
227023,585704,66
927636,792555,63
483970,85522,2
375920,91669,2
689699,786206,42
778954,883542,20
700110,764320,42
929667,919360,93
693790,536900,52
689671,302732,79
32091,364763,89
588211,68229,73
725931,738193,42
825905,1430,45
36024,461895,27
85707,480507,27
896083,475724,72
496488,484992,9
270452,499604,82
856801,265823,70
701401,448395,16
181621,516063,18
471253,353866,5
426556,139335,30
807829,196520,4
917499,414711,72
61287,57642,71
801934,106334,41
168787,804843,14
11445,369362,89
873568,68453,96
504581,497687,9
631514,871624,46
385919,146647,30
696861,154459,83
993785,552813,15
134521,903590,57
649209,260288,74
668817,816167,46
335527,209680,68
91962,616759,23
874581,87120,96
239494,183354,87
644236,679626,39
486406,28899,2
710768,888546,38
802102,941875,80
98658,146707,67
706142,136080,83
100530,615176,23
264690,661300,66
475871,975311,98
54017,877335,37
379938,625605,33
552031,1560,73
233574,694353,81
992915,933750,93
543142,587734,88
60186,551112,27
549654,48470,73
638135,150104,74
799005,882166,20
567202,973949,98
164509,912175,57
940300,637523,12
859625,732878,76
491094,817193,58
570139,335243,19
439680,703920,50
796198,709476,51
176797,432529,13
524753,534328,9
464790,729573,50
949714,859153,63
791328,861322,20
251471,484224,82
362398,831006,90
732089,227292,79
98435,405506,28
354965,901937,95
871217,556512,62
299646,158634,68
169590,310911,34
482435,296743,5
368680,416030,36
218897,3468,24
298655,510029,82
67452,667298,23
282552,854794,40
534360,991410,98
644262,120634,83
509230,633199,88
187052,789607,14
933293,858954,63
446588,819879,58
716135,94644,83
693680,681464,69
368547,170973,30
552065,571954,88
839112,965840,80
873180,542780,62
507600,246409,11
399616,352466,36
902603,63379,96
222748,735494,81
448992,219589,8
646993,12210,10
216018,628218,66
469413,432828,36
541675,939586,98
633266,306340,19
666378,828446,46
707571,153047,83
267912,801923,40
932127,269160,47
785977,918159,80
503424,61040,2
902341,654848,12
38989,302344,89
498881,696893,94
689007,156253,83
151924,397182,13
438673,780594,50
454620,807844,58
439983,795013,58
785074,749591,76
380864,184302,30
570255,292399,19
357436,438052,84
351988,878070,95
738440,973795,38
582230,545129,21
986663,861096,63
440710,25186,2
308152,119321,87
438219,152999,31
463220,349622,5
104110,779896,32
724160,972539,38
470074,548581,9
4486,400673,89
122386,949800,6
303924,61633,78
870615,441775,72
914552,885072,63
408293,195417,30
381698,211104,30
39517,175498,56
597726,986537,59
734726,544436,52
348383,277859,0
990287,760008,92
460086,671700,86
271231,587133,55
949957,931784,93
504758,469649,9
396571,169858,30
811065,579080,62
601400,735886,39
44774,532076,27
610747,831990,25
264089,547925,55
978352,177074,43
97843,463341,27
378099,725730,50
345329,958603,95
248968,406783,65
807434,556127,77
839620,500620,77
935755,236319,47
814865,443082,64
895654,259162,70
738184,662687,69
780858,887030,20
313394,224970,68
86677,780612,32
752053,769944,42
464647,334626,5
71165,74508,71
264458,759002,81
550863,361216,17
970389,337856,35
359002,756559,7
494418,699943,94
943422,106997,60
315055,133490,68
577684,135346,73
776487,427867,64
164726,554262,53
496929,885865,58
743667,827247,20
557002,546839,21
733646,389960,3
60428,614203,23
918520,573909,62
688724,392475,3
336424,282852,0
900423,420224,72
720208,549713,52
27525,620819,23
109094,554558,53
465264,704534,50
114303,103995,67
854656,217504,70
596911,289522,19
4781,358404,89
707352,475225,52
109743,459680,28
851583,559585,62
952423,382795,35
643621,338934,19
473830,674079,86
261513,250141,97
130697,631121,26
266254,939642,75
566372,30669,73
466522,849075,58
414219,780996,50
209325,126657,87
725409,964372,38
204667,854535,14
177780,955489,99
919241,690099,92
495455,126293,31
613258,29503,73
871798,319657,44
481145,618702,86
532360,391031,17
60686,950043,37
379302,944826,95
696410,573070,52
601486,188413,74
669027,346244,3
323331,234650,68
775316,746426,76
196615,514219,18
491173,147911,31
940257,908176,93
721611,117297,83
426649,705571,50
544606,200413,11
357850,392564,36
830532,767373,76
245667,940960,99
715201,391097,3
174073,647322,26
548043,971243,98
696372,925877,38
215634,161900,87
55018,692313,48
712377,927157,38
736419,9442,10
702278,193423,83
873701,299579,70
34149,951728,37
693823,90131,83
832839,531748,77
92617,615242,23
375174,558060,22
315037,842529,40
397334,996283,1
540533,740281,94
919056,576565,62
343349,683385,33
665875,370513,3
214538,748167,81
446293,846754,58
396340,293551,8
723051,330260,3
694860,516403,52
187296,898200,57
62859,473736,27
89044,570969,53
282264,12729,78
946365,557043,15
228743,489589,82
526077,787772,25
90832,613466,23
524275,492640,9
809019,193754,4
435362,129505,31
599866,953626,59
608512,275670,19
195504,844361,14
176793,362577,13
840003,933959,80
49911,856005,32
892507,374373,44
98489,310047,34
966367,742655,92
818864,662743,51
726565,387198,3
638107,672312,39
548576,932851,98
435298,66872,2
925143,885400,63
928200,271243,47
793021,314549,54
640995,213778,74
977363,555885,15
772577,705172,51
829628,567413,62
525039,331274,5
737436,99259,83
247223,87075,87
474772,494537,9
692599,516586,52
266871,307844,97
934273,338196,35
70992,164320,56
727164,453575,64
251208,60588,24
310708,79585,78
587223,463827,16
549220,753440,94
81967,628838,23
883188,745269,76
738993,263774,79
252134,618627,66
279758,899576,75
184474,455079,18
515722,746013,94
252630,954000,75
891029,525111,62
545027,275310,11
150651,2932,85
294089,760183,7
408843,427214,36
199685,114638,87
727531,622335,69
598898,686753,39
261990,281647,97
655805,124417,83
76785,539114,27
891933,733319,92
906484,293005,47
545655,831439,25
3921,905456,37
5526,882332,37
369770,735118,7
141150,313866,34
158647,389433,13
207380,435936,13
778949,800379,20
979574,702166,92
313365,734695,7
33476,640808,23
73189,99124,71
985379,271688,47
269841,230461,68
362685,654859,33
231651,368074,65
235097,287191,97
820091,274543,70
249241,9917,24
678295,115614,83
125262,280675,34
313908,856657,40
850144,379250,44
65252,690552,48
113330,747760,61
609669,721912,39
190006,433261,13
828784,379513,44
481946,68224,2
642831,69959,73
808594,54329,45
113497,553255,53
565972,294944,19
126846,906555,57
471429,321953,5
80407,412935,28
201160,909171,99
437240,709054,50
74241,785185,32
605176,201206,74
672562,764634,42
207786,266759,29
434289,103170,2
980116,815910,63
15355,87549,71
442900,826637,58
293995,178349,68
517254,501914,9
669621,331681,3
572627,152685,74
177783,14391,24
872634,375753,44
296348,732522,7
500094,87285,31
7657,704407,48
979880,855337,63
659977,236226,74
250389,302308,97
902957,15090,96
632960,159258,74
656166,187857,74
320460,984458,75
788390,486668,77
441296,874194,58
590725,325379,19
651586,222481,74
242704,129406,87
939541,869561,63
717435,943433,38
289923,747777,7
896686,607217,62
503987,509549,9
1682,269753,56
749156,73985,10
479922,62532,2
980282,610942,12
105635,416264,28
164514,990134,6
188208,222138,29
473590,627330,86
543549,428615,17
741584,806742,20
915616,768114,92
702680,955289,38
549590,963876,98
868379,853343,63
146423,932871,6
765242,436944,64
734316,657662,69
329395,152620,68
99952,893283,57
418872,996885,1
657946,111299,83
609638,196207,74
665238,668164,69
840772,871409,80
774441,34308,45
620934,51083,73
552081,836282,25
396369,779991,90
322735,223456,68
635159,131277,83
376563,909277,95
220471,462544,82
991298,759093,92
87453,832851,32
741322,411507,64
214559,108407,87
999143,604129,12
603262,36722,73
195439,746900,81
158912,850667,57
166604,115325,67
279049,977652,75
408719,356568,36
852463,347729,44
286178,796032,40
910094,951507,93
987254,793666,92
152247,829269,57
528978,544597,9
44935,228151,56
537233,287012,11
813435,402472,64
352614,388736,36
488699,565002,88
995051,822396,63
13678,886824,37
857035,191593,91
108236,122851,67
756995,824486,20
150788,309716,34
399455,650874,86
241976,906605,99
325059,280044,0
708504,841474,46
656512,6583,10
640576,162587,74
612522,674038,39
560270,464324,17
893828,579301,62
321782,196547,68
368760,752038,7
508559,365599,5
628076,74059,73
714313,465553,52
562909,827049,25
219854,97050,87
135472,891008,57
175929,855071,57
188255,16365,24
59868,211032,56
817586,180635,4
938772,941440,93
785949,446675,64
272453,129615,87
442444,158165,31
280727,193529,68
651742,843516,46
984877,840599,63
951422,551836,15
711018,91314,83
725873,755499,42
678151,685964,69
8159,142032,56
132353,464406,18
284504,660414,33
587088,197138,74
311943,828816,40
913459,516004,49
485725,589431,88
581964,80122,73
626225,979941,59
871247,54104,96
340678,789414,7
686328,119098,83
688543,346397,3
908514,402216,72
58528,682053,23
272175,455770,82
127667,704592,61
91144,861484,32
977341,175070,43
406881,461404,84
831509,179175,4
408950,234339,30
538043,894743,59
960292,642988,12
712940,382726,3
482845,180348,31
114864,521113,53
355929,99462,78
661398,131774,83
740526,28087,10
72247,272030,34
10248,251930,56
198355,767121,81
17276,362470,89
49752,191072,56
354880,472929,84
518018,336337,5
830708,721522,76
630718,481481,16
252647,245298,29
727503,155203,83
502937,871887,58
811566,3548,45
638851,172409,74
678430,374539,3
877053,644820,51
501485,464392,9
40094,866828,37
788481,12168,45
523886,952386,98
757139,249761,79
738267,64984,10
195586,226239,29
409432,327501,8
317846,46767,78
16563,382757,89
998970,702863,92
19046,121363,71
756934,800922,20
112704,223258,34
300602,220496,68
883752,223518,70
681928,178903,83
832802,905771,80
305708,34757,78
161672,236110,29
302437,72991,78
760684,831855,20
998637,93618,60
439369,475287,9
162233,661430,26
655312,829326,46
490510,14172,2
203609,66059,24
254487,174726,87
620893,363857,19
350442,888545,95
786935,21641,45
735543,282751,79
203236,793177,14
928064,975354,93
788256,226468,4
248845,346382,97
643177,876585,46
771289,66630,41
864525,82475,96
174043,154096,67
905097,968233,93
106408,401808,28
188752,363141,13
321696,753521,7
431382,242732,8
597235,742365,25
933300,987721,93
637817,794245,46
886756,714001,92
229172,706534,81
729733,634738,69
54282,331635,89
796682,838679,20
688114,147061,83
664881,667225,69
57874,690168,48
657937,960117,38
694185,168199,83
920640,203439,91
206170,110557,87
144705,65636,85
158263,941452,6
986022,78691,60
566910,61587,73
104101,630804,23
929296,691151,92
185061,332708,13
831986,200734,4
749530,353269,54
404256,347057,36
988728,551931,15
315847,440924,82
619610,799650,25
731251,142957,83
694893,67684,10
577555,981491,59
919501,65172,96
355170,346690,0
834055,972260,80
779262,59879,45
398575,857604,90
750971,571883,52
642750,704931,39
776813,907664,80
109388,488309,27
18447,55251,71
616118,103227,73
944677,190610,43
593289,423058,17
341075,451556,84
307720,860379,40
402792,727874,50
383161,802457,90
896709,992447,93
56994,914718,37
678475,138713,83
358225,704085,33
559016,390220,17
434006,350200,36
818301,192531,4
872938,478734,72
91124,537121,27
393711,112491,2
652164,923250,38
68032,415056,28
860760,794799,76
190971,651142,26
748752,284219,79
871819,665261,51
58332,394125,28
63536,859468,32
79395,393250,28
366335,994811,1
800002,641310,51
509060,787132,94
338856,158585,68
354169,520302,22
719521,998148,38
882981,277365,70
687378,767482,42
85428,791894,32
369500,194908,30
834106,821170,76
420066,57967,2
261084,54311,24
815993,407314,64
740859,627479,69
45850,611005,23
164433,637471,26
986132,931881,93
136689,334619,34
951539,519416,15
837109,291735,70
203639,570053,53
893430,890659,63
313439,975644,75
665164,420696,16
638107,672288,39
153963,666035,26
59348,468570,27
268265,744266,81
891606,233354,70
988942,164043,43
82746,720882,61
873647,395500,44
183476,691724,26
806534,417166,64
324512,78816,78
677118,332329,3
455914,548574,9
893985,218642,91
730842,268588,79
163299,576881,53
647679,550837,21
928598,956074,93
742461,555660,52
981977,87476,60
214692,338468,97
639572,295846,19
289153,798885,40
863909,733934,76
229066,927139,99
429759,964289,1
818938,905304,80
455037,821781,58
684952,995527,38
822753,18389,45
70937,240041,56
377460,976235,1
587928,315384,19
668721,204499,74
21890,916891,37
187595,925093,99
47259,283392,34
986079,33093,60
205561,863813,14
111738,997105,6
345191,640965,33
700689,491511,52
826568,128578,41
17854,84332,71
369419,833065,90
338204,205871,68
86560,829287,32
829949,961778,80
603205,77624,73
634115,581481,21
961196,824024,63
375197,938742,95
444591,241006,8
598401,327478,19
934315,37459,60
577749,233042,11
740501,607937,69
597629,355913,19
836566,175557,4
593397,223945,74
843815,14220,45
996326,265544,47
6362,929288,37
548836,301922,11
405529,737987,50
361289,195685,30
893968,928245,93
21213,533108,27
950154,248537,47
167070,960353,6
653279,662935,39
962557,711074,92
37491,118308,71
416531,644500,86
113898,297950,34
647953,161163,74
682686,916851,38
527574,948806,98
583622,941817,59
126646,548033,53
791941,165645,4
7945,541111,27
464490,700059,50
900155,921713,93
246499,922173,99
976847,873194,63
777344,826649,20
493520,602720,88
919338,328377,44
37572,477177,27
928073,129776,43
160354,75080,85
874598,376743,44
926882,113907,96
451018,264014,8
290055,961966,75
778481,931340,80
47409,819754,32
620922,850305,46
81664,537346,27
185885,169283,67
143769,340872,34
39713,461281,27
765011,546981,77
112862,877555,57
78375,254308,34
158693,166552,67
252053,266403,97
443798,923218,1
531980,997333,98
185426,471313,18
364579,479593,84
521854,803166,25
823094,744740,76
850538,8553,45
754085,911901,80
331625,637908,33
331571,722943,7
511835,415936,17
642212,663744,39
561657,771752,25
845337,587539,62
768258,126663,41
839033,629980,51
82735,537150,27
892533,804957,63
912979,448058,72
520675,997756,98
296419,916393,75
826693,237557,70
637163,806109,46
279119,153298,87
489103,365647,5
440680,511064,9
459311,650101,86
252403,140406,87
815311,941738,80
801994,119700,41
813133,337567,54
489177,604029,88
927973,452405,72
586986,475611,16
602374,104119,73
937191,370627,35
128304,420426,28
104518,646213,23
903370,945466,93
448965,761747,50
686386,100861,83
183301,744829,81
357013,322779,0
955738,99845,60
98853,434807,28
808612,355699,54
239105,647397,66
806602,562955,77
588234,453591,16
515082,988653,98
299751,927433,75
367399,891753,95
705501,356234,3
239586,734517,81
39232,387669,89
566603,897052,59
764621,990346,80
752391,451622,64
426554,107959,2
472837,974783,1
189120,550857,53
253909,455776,82
233284,807043,14
984967,345015,35
671210,29289,10
273977,740758,81
936506,859806,63
769486,758280,76
415389,445375,36
425057,947097,1
873878,269749,70
677052,216343,74
88089,518866,27
595724,339958,19
683586,35628,10
806727,664484,51
983568,839102,63
789856,114476,41
1505,300734,89
442308,883352,58
507226,950580,98
404398,718290,50
307779,852450,40
132817,258515,34
873884,377471,44
163168,367998,13
948505,527122,15
349965,862056,90
577549,871358,59
919746,187078,91
230513,246126,29
640385,960420,38
794966,856,45
400143,216369,30
523783,227532,11
144010,392802,13
835693,493531,77
780511,63272,41
414481,192619,30
350510,23909,78
842323,930127,80
651531,293115,19
393437,508606,84
153675,825653,57
751977,489347,77
462525,658177,86
984679,502519,49
848636,36629,45
632701,807515,46
910598,426925,72
335706,220836,68
598261,986447,59
219588,617878,66
691638,364220,3
449727,575290,86
904654,535703,62
562839,650636,39
248767,38650,24
599542,516483,21
544796,390629,17
317204,256418,0
631908,479756,16
265035,455599,82
266550,909230,75
431088,298157,8
127291,389487,28
118353,171400,67
727242,758435,42
20474,113536,71
212603,230009,29
776523,24510,45
948005,126000,43
689736,396209,3
97237,273565,34
808693,708338,51
46568,670837,23
767552,257364,79
523366,221656,11
382963,465770,84
207650,974987,99
618400,463487,16
837935,184081,4
853701,153717,91
524453,498005,9
977355,415504,35
379271,412508,36
22212,321476,89
54113,491993,27
941010,559627,15
660749,210311,74
703306,469124,52
572652,575238,21
34503,901341,37
851907,11669,45
121777,718396,61
85022,979533,6
11802,365073,89
789225,505339,77
242796,683363,81
293528,328704,97
535729,9490,73
512205,644505,88
201679,625781,66
517247,381043,17
200021,763085,81
179990,95470,24
572110,457338,17
485947,322062,5
899263,926437,93
633644,658480,39
75982,42916,71
290094,624249,66
769189,764915,76
938873,648919,12
385188,859818,90
971735,957801,93
768125,882084,20
196007,290390,29
600850,491762,16
54771,550160,27
548775,276753,11
402198,752438,50
239159,548024,55
649110,601012,21
210815,176204,87
462408,694909,50
335910,640631,33
87093,776822,32
63933,524404,27
659777,885632,46
818681,574191,62
443079,836478,58
701945,606343,69
809039,527776,77
336622,609051,33
328846,926552,95
567626,92846,73
462755,535665,9
934899,847742,63
11346,703965,48
553016,545128,21
967058,358936,35
649378,106605,83
726222,626559,69
591455,596883,21
825724,943918,80
431406,641884,86
155968,369402,13
548679,649596,39
775279,116717,41
666181,509995,52
501558,695988,94
484125,698355,94
266491,928484,75
36242,128416,71
303309,728665,7
685837,869408,46
152977,87930,85
849605,317700,44
588770,469592,16
441636,586638,86
627677,383233,3
6927,430766,89
895927,853647,63
259789,278292,97
258104,959287,75
741646,861008,20
976443,94251,60
86001,431539,28
884702,202992,91
697794,834284,46
822356,347223,54
786475,285823,54
839609,314134,44
653339,672701,39
99521,665349,23
536162,280046,11
749710,387928,64
918533,799527,63
660081,982703,38
302427,896772,95
55847,622421,23
32266,306500,89
354329,218709,30
844268,623556,51
110067,896549,57
311477,998439,75
777968,323884,54
524934,575194,88
288533,377064,65
330622,774344,7
412543,623551,86
27428,989044,37
874880,111696,96
288709,333835,97
780831,442648,64
597783,954776,59
932186,256872,47
249454,576636,55
526023,884703,58
208533,826548,14
802852,546649,77
546427,809578,25
593412,475828,16
255989,415909,65
192172,846313,14
988814,13216,60
130884,777447,61
561692,368849,17
257808,984385,75
562773,537507,21
892235,804885,63
708579,97841,83
417643,328954,8
746253,287209,79
130704,746279,61
713269,916352,38
144414,167801,67
231990,63558,24
229663,948312,99
280595,976225,75
417908,788474,50
898702,489033,72
186425,247527,29
190353,267984,29
12138,14921,71
786947,231826,4
314382,819284,40
711179,790105,42
295972,405567,65
379092,410743,36
361258,678175,33
89265,281920,34
239890,832301,14
492917,470334,9
916532,164813,91
20227,971563,37
74371,958528,37
991254,21153,60
520947,562627,88
79033,321459,34
771840,318588,54
523854,425319,17
344797,9338,78
945133,855381,63
389183,6560,2
265074,111050,87
424769,99358,2
920986,21523,60
740187,329050,54
359526,566092,22
322584,673922,33
622218,630308,39
592288,588483,21
638014,114277,83
663402,803335,46
660286,429084,16
625125,478427,16
934690,339251,35
804762,638473,51
826726,787501,76
534460,680889,94
706589,641537,69
313208,96739,78
906605,310909,44
459723,574082,88
602035,413347,17
128374,583909,53
775179,444621,64
749282,188514,4
359523,508482,84
72925,663146,23
498597,930673,98
833717,293063,70
514833,813434,58
388995,844543,90
236371,693171,81
139819,947332,6
811567,8635,45
138413,315868,34
801015,673243,51
200525,223821,29
763551,7056,45
590476,143178,74
409123,139643,30
995757,702449,92
62265,496860,27
742088,285157,79
643041,592123,21
811695,162319,4
101568,55246,85
520268,159936,31
46296,102444,71
792933,829903,20
185660,395368,13
964638,676483,12
652849,435565,16
550568,397819,17
152064,754179,61
490488,635032,86
987000,521830,15
407496,798676,90
362071,334469,0
428098,53461,2
524284,646999,88
128815,997524,6
391913,897729,95
131898,814592,32
857323,38682,45
143491,655835,26
625899,492098,16
705739,357787,3
326824,935308,95
723834,481253,52
427939,385921,36
184573,128983,67
817850,612324,51
342845,210738,68
881800,427627,72
130671,190591,67
267235,427266,65
67747,628410,23
691842,801718,46
477036,544904,9
215598,561719,55
816658,586970,62
209710,606022,66
413297,298958,8
603735,989949,59
79590,675763,23
550824,712230,94
462383,277724,8
714113,98931,83
741811,619232,69
444505,811136,58
776045,990718,80
13863,995951,37
953366,228704,47
835594,833887,20
140233,909858,57
984806,637788,12
303375,836684,40
148193,692898,26
545404,609567,88
996409,659240,12
861061,858248,63
588379,893258,59
553,302109,89
553475,261748,11
200798,827698,14
130502,349047,34
447881,536121,9
588399,229221,11
523185,171775,31
27688,360948,89
461790,311938,5
756203,505861,77
9825,129801,71
575003,78633,73
600173,119382,73
467887,790558,58
921829,195578,91
92933,926286,6
102048,130149,67
422412,484742,84
71809,896248,37
247182,394950,65
930477,537869,15
968182,245945,47
611228,917209,59
533037,760546,94
504739,158097,31
140300,33192,85
866613,180893,91
274111,983804,75
798125,100753,41
355945,381289,36
337149,479427,84
731777,976307,38
792547,348660,54
928703,715504,92
489538,676932,86
200834,424584,13
991452,344550,35
858842,562249,62
729703,133921,83
819681,391462,64
316090,530390,55
270822,715025,81
432784,810919,58
124769,8727,85
684872,656654,69
390260,104710,2
875568,683202,51
591536,959650,59
843084,720645,76
885627,737099,76
424288,13200,2
867503,136263,91
175784,415960,13
41967,350887,89
370304,703190,33
530290,584858,88
713165,178672,83
940850,873719,63
601849,286603,19
940481,679218,12
626374,474533,16
488915,205711,31
401028,84201,2
175296,214159,29
386127,641387,33
791552,621400,51
871793,238403,70
855829,924247,80
826691,201572,4
826413,532837,77
405812,489540,84
714764,54502,10
20711,106190,71
741376,307548,79
975924,361745,35
852747,125140,91
240505,174832,87
416873,392404,36
148569,3519,85
147042,337802,34
439983,800248,58
783854,249551,79
217802,605584,66
53951,765247,48
517932,887348,58
661536,440960,16
227993,889612,99
710972,310963,79
356093,860033,90
590797,530256,21
25609,417438,89
889163,178373,91
925235,435272,72
619462,304408,19
195946,276109,29
566582,553216,21
914974,981726,93
876146,388581,44
892621,296835,70
909231,445786,72
326123,154086,68
734435,655225,69
376752,77031,2
666373,739124,42
466795,429505,36
693956,329443,3
950934,348955,35
902963,108279,96
853403,151829,91
803287,847353,20
467492,144703,31
30574,868973,37
829608,233431,70
281467,629755,66
301707,790169,7
382906,505122,84
601844,199714,74
607957,948931,59
692609,692664,42
604029,916382,59
644941,535503,21
214766,574095,66
825564,264114,70
971981,90327,60
140247,137941,67
390566,243692,30
744170,272283,79
275760,714148,81
699847,344722,3
751476,60285,10
212392,681330,81
123396,925688,6
53287,608609,23
901716,144058,91
184126,621452,66
747658,895350,20
158646,377811,13
873764,362032,44
683503,641032,69
825182,840911,20
199260,979533,99
14526,140223,56
739877,115585,83
645795,881160,46
665054,573625,21
930878,282618,47
970928,401402,35
377619,656876,33
121896,716710,61
760007,442054,64
608636,356569,19
857229,454242,72
449819,113962,31
365341,297652,0
637426,222279,74
843758,57242,45
81743,869167,32
102831,282566,34
95369,874429,32
543409,90667,73
852745,95658,96
737657,809584,20
681826,458221,16
329314,786449,7
863653,428241,72
451844,147923,31
142381,3093,85
984662,215605,43
673323,545517,52
518864,560591,88
866827,771295,76
155186,214598,29
756696,800286,20
415388,428290,36
278066,460679,82
640640,238870,74
689148,517946,52
126412,614812,53
161132,154923,67
797646,38277,45
335809,957734,95
648046,719996,42
984715,118110,43
84900,928852,37
217477,147341,87
364358,768258,7
118876,958933,6
802684,725854,76
433749,28142,2
995563,442586,49
548134,501244,9
413189,477128,84
105874,427443,28
43231,585471,23
12472,619423,23
654726,981077,38
967103,101831,60
479304,674999,86
714045,958269,38
635340,165944,74
22378,117352,71
350474,426084,84
196838,261986,29
202554,334918,97
977030,958552,93
393412,90396,2
300428,299656,0
323528,539249,55
159444,782065,61
169668,619777,26
599049,219616,74
99443,343280,34
515300,650995,88
276175,682348,81
237983,787733,14
437784,837347,58
304980,808332,40
645195,801329,46
938495,299800,47
749170,309003,79
428162,134752,31
785094,78314,41
231041,119045,87
793097,581905,77
81180,406022,28
27826,685708,48
709456,828054,46
108689,751596,61
84450,356691,28
908231,641616,12
647369,343484,3
945879,398898,35
290685,546575,55
297761,481631,82
786677,681881,51
374329,353567,36
411834,696195,50
964449,500440,49
908429,972949,93
364581,526903,22
667783,437339,16
363141,322690,0
458820,393258,36
491298,258674,8
550181,907967,59
203540,908460,99
500243,591520,88
679881,761771,42
97192,519361,27
