x,y,cluster_id
242578,13469,19
383138,414652,31
67768,993126,60
484308,765337,20
31833,30935,55
932640,887879,30
591329,478778,89
833354,186335,38
735652,115053,18
698658,355604,2
638300,908210,48
294000,264971,10
377493,541620,76
9281,999465,60
12901,842497,8
852470,467010,13
53607,976747,60
196754,856972,39
144213,800662,37
729397,985790,48
183405,499760,12
469862,970991,46
450770,95791,83
974081,390235,50
680670,26669,74
231241,468739,62
97960,415410,75
796294,316402,70
778534,828493,72
487140,369048,11
602845,24264,59
811111,355792,97
806109,274877,35
859817,951019,92
777276,680837,65
835185,961129,92
705424,73751,74
536857,957185,41
418065,418776,31
381617,836927,57
240062,726211,45
431612,116690,23
223913,309587,77
244801,377033,84
807539,314736,35
775229,283334,70
996348,632867,28
600910,509480,89
834128,199442,38
35980,730005,67
197911,293197,77
770346,214750,38
309220,60662,19
557590,416916,87
115944,685545,0
959950,893088,30
136133,997800,16
27973,148064,73
522975,641339,5
989146,578132,85
680530,674978,14
362046,914709,94
530369,917610,41
283108,208988,22
471815,806578,69
161689,514298,12
813117,64168,51
479624,43309,83
902915,294501,35
685730,66033,74
821219,242774,38
310257,492554,62
356179,307990,7
396981,70916,23
886516,684032,17
528226,902819,41
686503,63316,74
152140,23765,61
418942,174793,91
752751,490316,42
747743,329274,70
117577,118127,6
374985,376969,31
728744,14480,74
382012,490499,76
827576,79664,54
923967,118042,32
938251,195973,53
726117,857863,72
103637,838910,8
565110,810400,86
406969,934977,46
160874,816054,37
431739,248100,82
830522,596218,47
645779,608168,14
495466,304382,82
755627,828610,72
455550,438144,68
897430,118944,32
98993,780745,37
997533,539816,85
698849,561277,3
384785,92576,23
929386,192648,25
841254,969376,92
318446,127999,22
288386,909935,99
279052,41813,19
755507,809000,72
866244,973541,92
313587,467795,62
243042,823442,26
599615,743697,86
327666,83176,19
951140,823081,30
527120,310801,44
646964,528517,89
786098,952490,92
515310,819254,69
207082,441170,93
757169,750570,72
841330,249551,35
217528,1761,61
607765,712493,14
871078,223776,25
14974,680695,90
452619,175360,66
288399,131390,22
272306,650010,15
719640,990750,48
535380,148002,66
469616,838895,69
313226,398227,84
5279,739131,67
580105,833601,86
347811,666053,21
354997,440055,31
14917,711650,90
706767,635577,14
146365,957588,16
183773,679719,0
48126,868372,8
730391,687771,14
373259,371670,31
663645,885499,48
586741,364693,44
406085,74556,23
75646,387667,63
531298,530090,58
229012,19601,61
439383,726733,81
208291,749221,45
166750,575130,12
211249,463602,93
769233,500985,42
67848,329471,63
430095,618497,56
83209,503956,33
994746,709053,28
62870,660778,90
710643,782564,80
561766,616936,5
851959,876326,29
416611,994392,46
751597,103922,54
622708,854272,86
763144,172256,38
113940,992884,16
414314,380142,11
62500,450930,75
789565,228458,38
697292,386877,95
247648,231501,77
849283,902588,29
803927,613533,17
663457,738469,80
452902,931007,46
436138,171789,66
273068,465220,62
955457,369525,50
607397,533230,89
999677,575269,85
555215,505000,58
540809,380896,44
724384,729940,72
104473,885740,8
639572,287519,2
332946,834822,57
860169,869593,29
256492,871667,99
117700,192914,96
305697,859094,99
796018,674653,65
900226,112347,32
221747,915444,40
880066,285789,35
257319,771158,4
861762,644236,17
684291,882927,48
369671,66247,49
417820,301777,7
980466,702029,28
7364,783108,67
703318,672688,14
870522,869668,29
524434,177186,66
980344,642136,28
393063,217912,91
447246,868568,69
31640,773725,67
9819,42467,55
744825,278843,70
523351,969780,41
102327,819686,37
470454,926986,46
854907,426604,13
934752,387852,50
632230,906357,48
147351,540271,12
343122,859703,57
37949,811880,67
271485,855588,99
870383,540877,47
534808,524330,58
423039,21274,49
554457,763045,20
498689,467937,68
617602,46054,59
32396,486973,33
571333,395104,87
522923,772502,20
453133,808894,69
94785,52884,55
826935,303685,35
42690,506413,33
285958,109358,34
982686,19644,1
173411,524345,12
675854,86444,18
873180,538256,47
478759,506532,68
299840,413003,84
344194,871591,57
838942,102171,54
196498,555389,12
424329,714240,81
233338,727393,45
302701,508484,62
92123,325340,63
998452,999447,78
711751,399947,95
915277,68584,52
703078,646216,14
966967,821532,30
497813,752719,20
952957,363209,50
467852,199519,66
319607,637251,21
293620,877284,99
523256,367777,44
237859,699470,45
999000,202858,53
442180,722977,81
79262,168652,73
539282,715609,20
251904,750679,45
674102,637241,14
116274,231005,79
506655,355788,44
732259,84308,74
967997,128374,53
585623,581955,5
922186,193661,25
864539,311585,35
811253,744298,65
429059,196341,91
917628,585903,85
274474,86126,19
521532,393337,44
826258,922274,92
661199,778269,80
376760,214791,91
994520,904005,30
626417,198418,98
813554,408777,97
327680,324291,7
367317,511847,76
620384,803852,86
341576,879053,57
250295,716161,45
534048,751257,20
386673,821553,57
854750,796623,24
844887,19776,51
383249,271130,7
883418,620394,17
964801,416189,50
902504,390258,50
74399,429715,75
223790,239575,77
552139,814155,86
516846,642578,5
822119,358702,97
709654,167894,18
807477,278000,35
359047,513118,76
989323,555229,85
734375,650304,14
661679,842450,80
72134,360306,63
669352,806694,80
106581,312340,79
513709,915202,41
801957,495907,42
725267,570966,3
239062,924139,40
4986,808315,67
353592,834880,57
839796,454535,13
374671,108680,23
592807,314266,43
880309,355704,97
327136,184438,22
855266,459639,13
154120,306519,79
672925,858988,80
25724,353126,88
998767,287106,64
403714,223334,91
576057,802292,86
127505,976868,16
225842,738540,45
646862,809815,80
561670,1315,59
111739,2849,61
893928,255271,25
349886,542663,76
542610,659326,5
304556,687893,21
434005,323590,11
589821,134435,98
462490,70127,83
629891,585425,89
253674,504712,62
696317,16186,74
52367,132880,73
315584,25240,19
210313,743236,45
574919,671006,5
608211,212948,98
31110,873539,8
579454,892040,41
521551,712622,20
41863,596998,36
751981,550487,3
35726,446954,75
959509,480178,13
357800,549171,76
923869,471037,13
731501,345154,70
16405,722120,67
675589,628740,14
237498,636867,15
829868,607283,17
621287,975722,41
973083,621237,28
132736,906385,39
616378,468377,89
14476,303459,27
245720,816957,26
608290,539205,89
424689,751438,81
430810,628092,56
345266,893285,57
456783,165931,66
810127,812538,72
334136,834506,57
549359,88853,59
352562,523797,76
458504,87214,83
817071,518386,47
520241,704018,20
443985,70005,83
588148,7255,59
937220,858295,30
379421,943657,94
52889,905543,8
469229,342547,11
188338,400091,71
335425,498812,76
536861,26511,59
579792,570720,58
104485,89116,6
780534,447421,42
815274,324253,35
733585,370990,70
235025,68069,34
47294,877899,8
859542,324578,35
186882,928701,39
689450,600241,3
266814,354545,84
842451,76321,51
733023,918199,48
184514,137053,34
455505,682579,56
107825,225534,79
556607,898878,41
458725,805522,69
420218,606961,56
197918,418513,93
953410,967169,78
215132,729668,45
532081,695311,20
97791,579595,36
262600,528353,62
31083,414922,88
596607,175765,98
82470,85277,6
252503,829532,26
958437,460401,13
966716,608715,85
679522,741861,80
466695,750819,20
22240,788280,67
625487,571436,89
128128,461503,93
481417,186445,66
589343,103250,59
330431,556650,76
624015,829410,86
905440,730891,24
89809,423409,75
243339,806022,26
817059,316019,35
347653,17202,49
127524,307548,79
960467,574613,85
532236,291130,43
25211,730439,67
503756,634589,56
538167,985049,41
730439,490467,42
283424,520330,62
197125,91670,34
697768,401666,95
808041,751828,72
983132,511241,85
432666,828883,69
48384,205276,73
80313,821012,8
757363,8609,74
707157,189128,9
680946,675023,14
127441,915777,16
464064,524562,68
320625,760533,4
294147,739293,4
312291,675442,21
165789,427107,93
397577,92002,23
290437,384309,84
82044,925550,60
721616,213077,9
186101,803504,26
504920,205865,66
980372,124577,53
776937,996788,92
17328,239384,27
332762,745003,4
267561,910812,99
19009,497406,33
906774,166610,32
230936,355255,84
779472,588468,3
394199,317563,7
290800,475775,62
362539,193552,91
44196,805903,67
813759,851464,29
564542,260234,43
763298,762542,72
44144,930766,60
389826,819942,57
765440,760514,72
966042,280601,64
70368,685962,90
964895,1139,1
146132,46477,61
147215,254032,79
524450,432983,87
161411,846487,39
913975,182299,25
909292,474804,13
46046,897454,8
512430,424367,87
349529,550215,76
478212,309860,82
823446,666155,65
77972,484115,75
526598,538193,58
414083,500447,68
18624,25006,55
287518,320761,84
30486,382682,88
751338,737903,72
952214,869233,30
200549,641193,15
542255,683283,5
943362,87182,1
283571,981982,40
172243,900475,39
299713,279151,10
697794,836100,80
339123,647658,21
193305,887822,39
638140,228485,9
149953,269467,79
948273,637831,28
40760,64007,55
770440,791028,72
808978,506184,42
446060,935134,46
809826,753518,72
387116,265002,7
893533,617219,17
601806,554563,89
553467,135407,98
786284,90982,54
141422,887534,39
789736,94881,54
675275,347341,2
775765,297738,70
89194,87366,6
364210,280764,7
805982,141354,54
738005,650951,14
540762,602548,5
28278,269437,27
431553,118445,23
710573,606347,3
879124,448669,13
782282,820982,72
259457,706066,45
852164,326385,35
562070,710548,20
196002,221354,96
306021,297215,10
301958,10359,19
109793,296194,79
136531,678842,0
313124,676199,21
877292,655694,17
250228,591121,15
977002,486192,85
430209,531175,68
471716,133042,66
41837,161437,73
279457,847490,99
779934,351890,70
223913,306152,77
499712,666297,56
460131,429919,68
652146,630747,14
974738,421745,50
270729,152068,22
810341,405655,97
858824,260347,35
659526,658617,14
390842,895279,57
965477,784319,30
64369,856170,8
654323,218280,9
638217,520501,89
65709,374082,88
205302,517220,12
918035,424475,13
152224,438185,93
585705,946647,41
297843,849297,99
146692,467539,93
943533,961072,78
748604,789923,72
252586,226657,77
426687,344493,11
895017,552102,47
178670,911525,39
1627,348707,88
724558,661643,14
239147,350197,84
768439,165283,38
911430,418744,13
831055,548144,47
672461,65380,74
854762,994810,92
776296,213350,38
780540,535883,42
586894,931210,41
856026,239074,25
130708,813366,37
255189,965174,40
693344,48560,74
150135,330008,71
458016,877102,69
468099,356033,11
855049,823421,29
250833,762169,45
776482,340047,70
179205,906942,39
983798,704694,28
802638,939609,92
16014,161869,73
544660,113148,59
689317,352054,2
984868,680902,28
922855,425236,13
955076,975835,78
863676,810105,24
443603,642803,56
599618,782140,86
441281,616519,56
840588,775751,24
54643,393956,88
230453,232462,77
997603,714695,28
888529,521034,47
25289,44722,55
644519,436345,95
654821,587228,3
546599,692868,5
35328,765762,67
175141,595542,12
289130,412239,84
502562,564201,58
536599,627309,5
189077,819114,26
865331,624967,17
821899,668647,65
957923,814533,30
856777,853233,29
292285,447019,62
63966,92841,55
380868,255788,91
36412,991412,60
667741,733999,80
325196,583595,76
488764,667166,56
67141,453105,75
335806,898567,94
222368,343760,71
589718,397795,87
753452,271553,70
218,666513,90
86064,492552,75
331103,860917,57
437529,555893,68
900287,138799,32
797276,820266,72
220819,307277,77
411484,813708,57
5974,405751,88
461672,330896,11
385117,664285,21
653832,955598,48
749923,957199,92
647581,895951,48
263295,210696,22
172066,923309,39
62027,503377,33
270310,113454,34
826725,781561,72
697279,176449,9
591138,271203,43
123186,389876,63
648284,724937,14
27815,496005,33
365009,710649,21
888142,6528,52
732732,42238,74
906359,176035,25
626265,636628,14
812437,629874,65
297298,690003,21
894775,491711,13
190341,69922,61
185334,911032,39
728059,491349,42
114253,261181,79
681789,835962,80
22854,118492,73
508964,170729,66
444857,724577,81
966472,504457,85
421891,732427,81
916412,152779,32
759500,932912,92
463855,26065,83
87796,603038,36
264076,325429,84
490573,73370,83
133243,423548,93
587391,294335,43
900293,241081,25
864629,826222,29
319393,42303,19
989090,639798,28
88958,130479,6
963129,319547,64
637683,550394,89
476744,645707,56
401749,208499,91
255176,755091,45
824497,334896,97
604644,259054,43
936577,58469,1
702505,2611,74
893644,477155,13
557158,159383,98
757319,269378,70
436915,244025,82
341386,678381,21
556456,363597,44
976096,261845,64
837832,455306,13
340140,738492,4
838163,10166,51
863728,683183,65
273097,950126,40
773734,164077,38
652271,725725,14
272943,365600,84
655343,351713,2
243255,402613,84
723965,680854,14
123297,261724,79
804150,361057,97
297167,501711,62
271521,465598,62
320205,686505,21
102040,1116,55
758899,819795,72
307084,162805,22
267077,770362,4
487890,978026,46
686407,447194,95
993502,791547,30
542651,338569,44
337652,918201,94
220304,659358,15
838643,89632,54
452402,525893,68
691637,347229,2
881189,156135,32
175218,898030,39
202446,516774,12
433467,286153,82
381265,933473,94
891852,364863,97
261152,191209,22
652788,414443,95
552273,60222,59
152052,547179,12
447529,629865,56
149661,361168,71
155977,515622,12
69174,623831,36
735693,807013,72
480659,444560,68
731063,990739,48
351500,667669,21
522571,854045,69
946983,952144,78
692021,812608,80
511050,224011,66
966500,978391,78
824190,168318,38
933801,405607,50
51988,766692,67
795650,499217,42
350803,954842,94
41902,262928,27
39298,496141,33
658151,545651,89
758756,412482,42
598829,521751,89
72999,895807,8
831767,524524,47
688145,665722,14
805639,387532,97
260766,707758,45
302174,653878,21
737836,820310,72
953547,269616,64
448563,15009,83
273042,21652,19
919776,682284,28
152520,417282,93
268832,274600,77
218522,701903,45
886238,17152,52
282081,937983,40
695537,894112,48
351414,225027,91
30544,369400,88
509515,434505,87
726246,31457,74
698925,838227,80
90299,656945,36
284910,495104,62
222096,768958,26
885650,129575,32
781288,108898,54
254319,347684,84
541060,609374,5
749789,707047,65
349649,565372,76
222516,835035,26
435364,172746,66
346145,673032,21
650491,814657,80
945008,765865,24
904353,475219,13
18253,782937,67
825366,939543,92
903418,749907,24
692057,410394,95
498846,114126,66
122227,272752,79
145801,483149,93
299740,744382,4
830073,38872,51
337565,463319,31
3177,407989,88
72370,324033,63
34459,166962,73
135095,541866,12
145298,37440,61
268732,595015,15
419959,266128,82
816027,971400,92
326940,881076,99
254108,809641,26
647788,378185,2
160600,220332,96
127164,246854,79
886556,346737,97
621975,539081,89
345074,661911,21
740201,573687,3
967708,277254,64
808407,912229,92
848464,150921,32
545608,35536,59
268556,622215,15
580360,118124,59
315317,532872,76
993768,265875,64
564594,145663,98
159422,415063,93
968169,19403,1
118412,165552,6
446318,280092,82
512132,404636,87
722206,119429,18
246048,329758,84
247805,860895,99
73814,600265,36
654149,291218,2
505451,130000,66
916369,427290,13
469615,830755,69
513926,568692,58
9142,661204,90
862551,907201,29
328505,197791,22
274385,597895,15
821890,507690,47
751772,35476,74
258163,962228,40
177659,927442,39
532199,682958,5
486770,152062,66
719304,358104,2
657716,242012,9
511020,725362,20
167867,340893,71
389685,436554,31
168204,4930,61
865417,75490,52
772478,47852,51
256073,828780,26
314452,8313,19
721180,884284,48
175914,600878,12
972434,711106,28
562233,463928,87
242174,218545,77
91632,73475,55
895381,682700,17
148105,206138,96
574866,777720,86
148148,932684,16
622352,886595,41
15845,313634,27
260497,179452,22
64106,436877,75
606106,827812,86
44174,442853,75
38842,831778,8
702222,253625,9
684563,456885,95
867658,729092,24
855769,925571,92
78773,940038,60
234979,302275,77
337800,408333,31
861433,115931,32
468418,707094,20
134634,805523,37
436332,443267,68
989277,779134,30
921152,804133,24
79997,512120,33
203381,227984,96
728568,57905,74
220248,712328,45
108589,67620,6
493188,26330,83
535295,713444,20
856125,894547,29
661345,229144,9
224344,555068,15
35232,161004,73
9371,502253,33
372830,154043,23
16201,300869,27
720729,295774,70
84228,635636,36
135320,335573,63
983496,627689,28
581780,989074,41
382185,391124,31
625693,35387,59
753161,377106,70
29806,965724,60
925212,50386,52
854117,145873,32
699758,848907,80
591717,993080,41
705928,543080,3
548909,523414,58
34276,83044,55
721979,309497,70
730015,369676,70
153033,40352,61
209195,951779,40
557925,45782,59
460857,634163,56
390532,680045,21
524206,332584,44
751909,350477,70
478207,238507,82
593432,812433,86
564719,245211,43
275696,632427,15
204459,355115,71
423492,636566,56
768454,409700,42
836554,972956,92
474675,868969,69
767850,268745,70
799870,421564,42
235436,983230,40
153839,583642,12
273905,538073,62
393064,234339,91
545063,884139,41
738266,52157,74
605151,789116,86
681866,121999,18
443740,940641,46
357292,15947,49
37314,142958,73
695613,169161,18
93245,177303,73
934087,209417,25
683274,802244,80
329324,964006,94
61453,846185,8
847387,38238,51
669441,304301,2
388493,413164,31
51053,57149,55
518097,671399,5
204299,655409,15
463472,580675,56
405447,351155,11
865230,932593,92
90591,573776,36
453396,227115,82
122325,925423,16
585910,392221,87
72148,603604,36
784572,309345,70
163232,447450,93
297934,391186,84
669410,783276,80
523323,500049,58
335821,143853,22
748186,770163,72
143503,855783,39
153310,696870,0
299309,495168,62
296116,831163,99
359620,145829,23
962045,96997,1
234047,631645,15
66130,450176,75
123385,735202,37
555062,930672,41
816155,122266,54
936490,602538,85
859314,500129,47
668252,320747,2
798684,496473,42
232905,438296,62
452176,736052,81
833106,26009,51
141307,949091,16
378831,13075,49
751950,25212,74
745536,240149,70
197255,274272,77
693050,102709,18
239531,813463,26
883097,219721,25
867177,651950,17
333819,497642,76
879322,774805,24
158403,282467,79
437674,987061,46
535721,864875,69
956956,569361,85
264541,152769,22
589402,90625,59
137783,724098,0
924659,744082,24
796387,879672,29
662489,457969,95
99091,428118,75
386559,904085,57
965117,737080,28
103915,513843,33
163639,293112,79
348921,321667,7
270602,23702,19
371931,49495,49
872748,275667,35
146722,969327,16
488819,596305,56
101812,161350,6
820818,492225,42
838009,433553,97
730040,787800,72
559365,254691,43
592493,41438,59
452454,404403,11
808356,44645,51
358498,278535,7
343883,656200,21
766914,538329,3
711036,394351,95
869030,793574,24
611259,433397,87
107854,709571,0
774190,821240,72
593434,860854,86
389015,175340,91
944062,863325,30
904945,420155,13
559495,443429,87
713401,137053,18
465648,155552,66
372323,636105,21
22946,669984,90
428548,614195,56
788360,968954,92
216611,582131,15
884498,772624,24
501411,221118,66
341683,672160,21
4474,207135,73
324423,585788,76
344812,260619,10
228897,75460,34
268969,564252,15
387670,572543,76
734233,269060,70
105796,122725,6
641645,133418,18
366279,58809,49
406691,267197,7
787883,956607,92
696008,810665,80
849490,387349,97
187938,683689,0
762548,145832,54
1247,969778,60
61106,10156,55
697222,216741,9
769867,168569,38
150759,807388,37
778061,878874,29
241909,774239,26
648644,768397,80
455517,880961,69
327679,309241,7
420151,482812,68
636180,292454,2
283061,412256,84
793444,429173,42
119609,276762,79
548990,875193,41
372582,989898,94
231415,399510,84
579637,962833,41
345796,794865,4
300875,814105,4
673124,211328,9
790360,581230,47
737625,272812,70
162626,267198,79
810016,945471,92
547859,873238,41
515237,603928,5
230113,513108,62
812783,457341,42
545122,879278,41
31104,780084,67
886726,208887,25
780325,939040,92
450219,837236,69
428397,72104,83
867855,48646,52
608610,922980,41
532228,163787,66
773860,276242,70
807459,978869,92
853246,522099,47
922630,658647,28
895314,558027,47
773335,454523,42
174958,527402,12
56195,480200,75
725944,955187,48
842620,914593,92
569582,966320,41
948107,839537,30
99223,647872,36
791721,463593,42
608784,844791,86
403138,543117,76
168961,736218,0
621532,98395,59
739130,569993,3
886779,105735,32
90082,19726,55
544786,233272,43
618436,55810,59
12355,661680,90
871635,576546,47
12552,975694,60
495722,605387,56
741714,238,74
11499,271766,27
575154,628918,5
240742,158462,34
282576,257007,10
524368,60129,59
591842,94499,59
259734,350116,84
402581,190496,91
670601,797720,80
292782,790946,4
446040,594992,56
46015,390610,88
993732,668097,28
708336,11153,74
462346,653469,56
865517,751617,24
431338,506075,68
602926,391413,87
489633,271500,82
104404,719744,0
745281,939802,48
260342,573491,15
663712,21535,74
954379,255236,64
765984,902903,92
96337,148934,6
139275,799879,37
576323,263659,43
322871,501548,76
522994,972856,41
798314,263975,35
641468,162387,98
254220,677608,45
560911,234065,43
939487,973489,78
429920,667674,56
601719,95697,59
383606,280928,7
567093,146859,98
273254,582893,15
691052,527648,3
180700,26089,61
486346,33361,83
709503,624747,14
129371,350974,63
833279,930390,92
77562,595368,36
360088,413,49
943914,376378,50
799696,494948,42
600324,662232,5
147557,4582,61
18892,533151,33
684244,98451,18
679476,966777,48
621846,377735,2
606424,184923,98
2469,507869,33
760893,341951,70
170468,58201,61
188936,450198,93
481465,983623,46
765368,550158,3
515568,161918,66
368816,699929,21
707770,504196,3
38803,178018,73
956165,274246,64
263093,811242,26
549946,951166,41
249375,258902,77
377096,861000,57
827171,274018,35
425691,597573,56
415183,994431,46
415829,847539,57
602008,949619,41
251351,457359,62
837562,920270,92
979574,700914,28
267319,837844,99
649455,398050,95
39719,571985,33
367024,584263,76
718978,870128,48
256065,700404,45
700113,814213,80
483066,903289,46
588381,928039,41
554483,212161,98
794661,879351,29
255422,893973,99
5303,142275,73
223110,819353,26
874756,39219,52
161644,755281,37
15347,948811,60
672529,211090,9
803106,813531,72
27758,542002,33
434785,444295,68
271661,811357,26
483756,491700,68
12831,661349,90
301021,267390,10
34347,278044,27
95313,930538,16
560008,66389,59
812235,235757,38
383949,40690,49
881513,594492,17
627292,901896,41
171516,683638,0
917026,460890,13
180264,702775,0
552612,754461,20
232109,67054,34
982663,621556,28
503817,659632,5
436894,880913,69
514167,613852,5
24935,94850,55
145688,579831,12
230428,819261,26
328540,776104,4
996164,541967,85
856088,277164,35
302927,303302,10
608687,211545,98
439819,46454,83
766181,205278,38
123733,592661,36
855691,599541,17
499790,974694,46
684477,16473,74
863901,591963,17
133589,246594,79
516366,566603,58
899298,515966,13
849073,384979,97
355820,267841,10
609764,307010,43
932852,445981,13
615953,326408,2
942830,155479,53
150533,8922,61
964888,880589,30
69581,457699,75
559233,40274,59
896103,804760,24
608177,643948,5
839299,99800,54
338913,115578,23
531827,427889,87
540352,710404,20
774367,798947,72
907227,773395,24
463358,658925,56
564644,975500,41
242637,2980,19
100307,862353,8
579898,353254,44
151113,757299,37
934581,513414,85
959552,206042,53
961499,920383,78
889004,501238,13
320196,545130,76
3435,746576,67
702916,912419,48
28342,348857,88
254831,960087,40
195418,396498,71
949062,889182,30
482897,60572,83
38358,696095,90
277616,897886,99
782126,192715,38
976367,815555,30
47561,367183,88
250198,93442,34
489054,543753,58
868320,862548,29
857057,565897,47
34491,702990,90
158204,950383,16
92834,265531,79
783404,680779,65
864418,276963,35
932470,28687,52
154262,697631,0
97959,397025,63
814029,399500,97
409374,358252,11
152011,861245,39
949625,357007,50
217499,509412,62
697051,337279,2
649929,369638,2
511522,150934,66
752145,317765,70
693008,399197,95
307755,451051,62
822738,772750,72
625918,811399,86
184419,543721,12
334906,773060,4
820718,807505,72
750658,320686,70
785342,246740,38
966998,336515,50
815811,338525,97
590288,980198,41
201272,782310,26
296841,20052,19
20866,697485,90
639954,718517,14
117304,528517,12
801422,503480,42
990531,856212,30
365333,163257,91
870528,967686,92
903693,378242,50
114596,19018,61
637913,404685,95
548960,376755,44
125468,753744,37
180463,52461,61
725937,832360,72
488572,444666,68
514411,717296,20
602637,521330,89
996356,770079,30
721412,781988,72
888241,674649,17
828435,516216,47
54127,717784,67
806198,773172,72
717055,545110,3
675831,706302,14
819734,276546,35
924551,936277,78
14241,361904,88
527166,86567,59
935600,639263,28
104474,906597,8
187777,975702,16
635548,659510,14
386401,243495,91
430963,196589,91
74268,225950,27
550329,381741,44
930692,149910,53
551242,725455,20
737414,718154,72
14629,885911,8
506598,393911,44
475021,678999,56
949483,969361,78
63705,704533,90
90754,306791,79
238242,139257,34
500294,441330,87
447531,654471,56
704467,984301,48
151992,535817,12
476856,532104,58
86363,514913,33
155124,175092,96
776137,545787,3
46215,751050,67
899979,947709,78
150080,410950,93
844016,388512,97
724458,966576,48
258840,327095,84
488267,305935,82
855019,307585,35
595217,815383,86
146287,651429,0
579234,196287,98
10309,278585,27
193866,317682,71
282931,235907,10
896855,456782,13
149574,896150,39
597415,755360,86
350980,924660,94
765605,525304,42
794308,950352,92
567872,236853,43
800813,264530,35
969201,370581,50
367793,498939,76
668545,236943,9
312609,24453,19
982474,440615,50
416742,188084,91
135925,497706,12
961435,847083,30
928276,542958,85
499754,378958,44
159582,94952,6
874509,882619,29
179285,257453,96
12982,203487,73
10752,721330,67
394248,133799,23
761338,821643,72
360747,87044,23
954615,230061,64
651675,711518,14
490738,842402,69
254990,631384,15
673267,605070,14
412090,2655,49
632375,328978,2
143520,145335,6
656858,826975,80
978240,284650,64
129133,340829,63
317550,74956,19
795116,523358,42
81564,856555,8
130503,370288,63
441438,248965,82
364857,159503,91
778416,850863,29
466530,971393,46
218310,136577,34
452236,745810,81
838533,224679,38
181327,578062,12
493051,709459,20
877720,847493,29
822971,678187,65
297579,423227,84
186750,722863,45
158476,506997,12
103082,506982,33
852662,692375,65
749167,264103,70
795872,227019,38
509287,592673,58
62189,224082,27
146216,458424,93
748036,254604,70
136100,437518,93
369257,118654,23
218680,367580,71
919956,701102,28
434314,524580,68
632318,384484,2
31709,939447,60
300288,943997,94
764675,893321,29
56236,171276,73
644175,660743,14
107918,794424,37
884694,52976,52
381471,391468,31
416627,264816,82
776791,534620,42
360716,560627,76
459909,704880,81
926502,721595,28
857947,527426,47
456404,796534,69
359700,488333,76
428072,611545,56
243076,392482,84
449116,295463,82
861457,523474,47
35660,343037,88
422954,593877,56
298042,197567,22
511678,780876,20
184322,907815,39
648739,370588,2
476892,135705,66
806736,819782,72
87898,315510,63
784424,814768,72
808639,807053,72
154885,161933,96
618360,782304,86
183469,563653,12
322168,691674,21
973753,875743,30
628993,494229,89
513687,542189,58
579436,590646,5
1329,351664,88
425282,730685,81
633715,862316,86
955479,742365,28
936087,815174,30
633311,73692,59
551892,663472,5
977056,382373,50
559254,385409,44
581022,243863,43
620345,146350,98
720456,720330,14
594062,407779,87
553845,486004,87
282944,451203,62
369869,403591,31
156053,790084,37
945671,905708,78
240476,689488,45
232479,283954,77
419288,976058,46
612061,912972,41
323431,912937,94
738606,751718,72
130905,120610,6
99089,395412,63
690142,229444,9
266216,302794,77
73476,914392,8
187987,513432,12
267309,666485,45
629584,419521,95
895081,633322,17
255640,542391,62
976002,675323,28
155109,922417,39
78647,827960,8
526706,360790,44
802648,112274,54
2696,326488,88
283871,23940,19
366885,250377,91
98251,318207,63
117525,248070,79
319077,733301,4
593578,280697,43
689268,540515,3
437002,698227,81
114725,192087,96
420168,778446,81
344590,527895,76
333144,161882,22
757749,492506,42
555424,19196,59
638441,282668,2
806620,874882,29
158318,859313,39
474740,959667,46
137082,937656,16
199555,929304,39
825561,215035,38
98511,689352,0
945270,154596,53
297508,226904,10
583530,404522,87
816610,772620,72
439778,361037,11
949771,802371,30
462480,903543,46
848070,526143,47
885616,554063,47
150036,671530,0
416868,308881,7
377294,183520,91
432834,645844,56
707546,740104,80
939596,798308,30
175216,871413,39
842428,703073,65
564368,344779,44
701073,934733,48
72950,77787,55
370613,900643,57
117706,301301,79
972525,237201,64
641695,968124,48
265998,633237,15
819211,491369,42
441982,406060,11
654656,810236,80
650921,34420,74
502268,630748,56
981852,989594,78
115967,65038,6
95760,439556,75
622380,348375,2
139959,294460,79
994231,44761,1
312977,210368,22
660995,353646,2
729113,215931,9
163043,280095,79
560459,650478,5
585070,283993,43
83739,402733,63
748310,850522,72
729120,328897,70
779478,687315,65
716464,612782,3
41966,325984,88
817062,367055,97
105570,319508,63
985034,482703,85
793321,352556,97
409054,982992,46
157585,547487,12
617918,359611,2
982900,608371,85
905399,55600,52
483297,773789,20
75356,517709,33
142626,118354,6
184423,606121,15
85691,214293,27
638219,560689,89
512251,407412,87
373729,276984,7
273457,998579,40
122545,625229,36
233725,229815,77
500913,856350,69
674480,993035,48
954025,313159,64
278790,629290,15
487476,17135,83
4565,739554,67
686417,619084,14
957943,151239,53
875498,505404,47
338261,159107,22
126081,46319,61
498717,945760,46
394182,17790,49
998900,525119,85
686535,610058,14
250482,855968,99
258509,761231,45
22548,980160,60
557999,296889,43
828594,189759,38
283321,785083,4
901814,790843,24
707819,315321,70
615167,113610,98
455838,270732,82
193164,515266,12
89202,230667,27
821111,414213,97
689897,109471,18
880706,37874,52
553728,519739,58
255202,192476,22
945325,93932,1
725917,488884,42
689664,193891,9
736071,161548,18
140826,874258,39
660527,488716,89
854288,26314,51
261920,98504,34
562220,245439,43
101742,984765,16
955899,810508,30
211777,338149,71
281804,288377,10
753290,550223,3
601289,873116,86
472743,398130,11
375548,836279,57
350232,364730,7
29361,480928,33
972295,366873,50
48551,1771,55
768158,447923,42
246552,799580,26
546738,30260,59
584984,828868,86
788940,727599,65
763882,569139,3
523443,511583,58
178129,823764,26
5093,605523,90
33573,263042,27
962840,459098,13
67424,199124,73
692065,544420,3
83468,855268,8
505736,911692,46
821867,122202,54
858017,695332,65
445916,511949,68
342937,744871,4
50570,938489,60
188180,757236,45
865898,159981,32
808412,989178,92
127998,262449,79
993705,203015,53
75276,164882,73
178256,960386,16
215869,125298,34
895538,317158,35
477585,780458,20
171723,155807,96
656736,762081,80
311292,887653,99
795626,98444,54
563748,917503,41
485947,318235,82
577285,435434,87
353729,135301,23
4940,38098,55
325248,448307,31
704363,232399,9
944267,306864,64
479426,717079,20
948340,765752,24
3712,391831,88
510152,139749,66
768994,482184,42
71325,774551,67
880603,305922,35
635826,328753,2
356958,401138,31
934269,261498,64
668,232162,27
955871,334649,50
451182,23349,83
436483,974807,46
596843,143468,98
268774,293049,77
275284,704814,45
821293,481305,42
296768,790396,4
198206,256078,77
907177,928476,78
906825,19552,52
613702,490084,89
846799,160303,32
223203,380972,71
4238,235973,27
998417,400464,50
598673,902218,41
586080,260836,43
880712,133559,32
734726,550408,3
711715,804720,80
940338,261410,64
525945,566742,58
245010,890290,99
120636,543869,12
819450,496208,42
775091,961085,92
972313,666060,28
475116,282028,82
45402,73875,55
618326,221168,98
187134,173262,96
25010,346286,88
38012,870850,8
386523,300523,7
902434,210237,25
464392,37261,83
250149,259355,77
980821,662146,28
689160,726988,14
500733,832968,69
706156,367834,2
197512,599976,15
812397,964734,92
295297,60486,19
596013,202505,98
505973,889124,69
509641,547389,58
982911,800290,30
475040,9311,83
501832,291985,82
392523,145788,23
263213,824818,26
723617,844065,72
213967,146511,34
415514,546904,76
820392,332608,97
148652,395572,71
378805,589644,76
162998,510465,12
397449,934304,94
848397,19401,51
75273,129264,6
549782,200565,98
899119,501601,13
412281,217109,91
964259,302515,64
384354,837852,57
792826,38791,51
973617,583752,85
130046,697597,0
529302,992877,41
286924,339565,84
74671,2733,55
937242,229782,25
952073,505880,85
340050,235234,10
585967,362300,44
180989,883290,39
468424,808422,69
154377,627630,0
579590,180689,98
853862,865781,29
182641,654700,0
548920,713517,20
87150,736320,67
333683,225694,10
248651,83404,34
777006,150050,54
899638,217241,25
181602,194039,96
217422,217279,96
808228,898584,29
513149,498741,58
349859,84797,23
187391,481162,93
895888,206203,25
664727,72408,74
967290,256805,64
123998,48087,61
213876,619782,15
681492,838677,80
645907,763770,80
685379,167063,18
844162,843276,29
946322,842699,30
248668,369411,84
693936,990944,48
810059,663165,65
826107,392494,97
649635,425133,95
225417,598504,15
65050,296349,27
753066,786788,72
551256,964254,41
218405,747744,45
347455,679858,21
389291,819241,57
995262,370934,50
299124,384750,84
496050,119173,66
954990,528199,85
450541,249264,82
387351,219666,91
937882,986524,78
513466,839628,69
630319,779980,80
127718,564851,12
461741,487289,68
882542,884272,29
962724,511529,85
283458,81512,19
982686,15692,1
746828,943657,48
57537,38989,55
298791,780725,4
652077,461848,95
279927,744454,4
38926,234091,27
380026,104045,23
697901,624950,14
536745,89336,59
478008,896976,69
482482,75279,83
221694,11060,61
899420,557177,47
482675,320272,82
814027,356565,97
793068,107455,54
997388,100180,1
739529,270242,70
965662,889330,30
971823,444881,50
131712,693749,0
848923,860404,29
816885,392244,97
460759,980937,46
611240,122995,98
187638,646888,0
251308,739837,45
453145,24331,83
935479,600588,85
89116,787429,37
332212,503563,76
395020,101521,23
274033,681332,45
147885,507427,12
342340,724872,4
930402,267352,64
386731,789151,81
266112,549422,15
136647,631639,0
964332,538166,85
964959,72936,1
851605,928536,92
906832,128894,32
328140,52040,19
647792,451377,95
301995,641305,21
423197,686058,81
592866,307988,43
364807,319069,7
593037,173339,98
322113,761604,4
286086,250464,10
564616,501269,58
841902,854087,29
654213,364370,2
966962,731779,28
22459,470884,75
153244,588531,12
443903,691860,81
99034,466069,75
235489,875460,99
856301,857188,29
764895,601439,3
397183,461721,31
159380,712294,0
532482,439497,87
629816,331469,2
6182,908779,60
854880,983874,92
973615,550380,85
252918,796504,26
845140,273376,35
644953,741321,80
395518,482858,68
406733,976923,46
160663,269645,79
924571,274822,64
944343,581326,85
355923,998955,94
453123,648227,56
755532,231224,38
198377,125068,34
29554,727486,67
872186,833442,29
672226,105496,18
74709,636755,36
944997,572538,85
657911,512550,89
442694,366638,11
95546,843433,8
587182,770090,86
908141,142076,32
875623,608146,17
121952,663443,0
491625,751064,20
139145,610977,36
693121,300331,2
678024,562287,3
360884,393459,31
877706,607302,17
928253,150849,53
325031,796711,4
329322,923591,94
800315,900302,29
378106,828224,57
964203,365902,50
731095,526524,3
296938,652421,21
251952,566351,15
673920,579525,3
91674,765255,37
652013,392734,95
691916,35020,74
596305,98392,59
679337,621292,14
62118,18727,55
748388,171543,38
123919,706836,0
793895,2085,51
56483,320598,27
296391,445621,62
565661,66217,59
914427,791244,24
446143,325544,11
418654,328243,11
793603,94099,54
525698,422601,87
670810,316135,2
289282,963987,40
740697,901476,48
118862,721231,0
736983,481008,42
311942,821608,99
767156,603502,3
68954,910806,8
920554,752031,24
391821,347951,7
19090,848691,8
958200,470330,13
845414,880932,29
834665,217815,38
818484,276402,35
496827,177470,66
754507,8282,74
195655,384886,71
789740,161820,38
717977,39662,74
610344,55919,59
847114,459968,13
694133,302923,2
234321,234622,77
306235,897556,99
236024,859912,26
554031,610119,5
274140,472506,62
412230,363886,11
846133,965895,92
805621,86397,54
81292,281776,27
821048,368884,97
845224,684612,65
275836,981809,40
270006,5574,19
689294,968030,48
688679,638952,14
878181,602431,17
65722,590606,36
329749,94063,19
932585,962865,78
877073,974537,78
56962,361010,88
511502,817773,69
320042,954805,94
415542,30667,49
434152,808783,69
230606,804050,26
684031,511462,89
148877,179903,96
634733,964717,48
13187,649375,90
46569,699849,90
378133,286293,7
739405,189805,38
64667,860162,8
759155,126764,54
524966,105688,59
314426,572619,76
12514,335998,88
123070,448772,93
514531,737321,20
163445,33015,61
888656,657891,17
182199,232656,96
265988,473477,62
738342,319927,70
16839,28442,55
40785,488486,33
985455,556887,85
616183,202840,98
135449,493984,12
395475,752681,81
325713,267179,10
479305,684696,20
689364,153263,18
902853,264551,25
312810,405632,84
463858,74331,83
281336,421060,84
759439,900982,92
811875,197518,38
691952,644483,14
838481,351647,97
141060,804371,37
70835,524125,33
980485,20554,1
463804,164116,66
305037,766483,4
290446,538504,76
639546,861608,80
46515,793188,67
119990,676533,0
497572,703653,20
299808,882508,99
318300,676037,21
157050,540517,12
485971,730168,20
937226,965963,78
944773,806075,30
702753,184428,9
690755,535332,3
330248,480746,76
905595,336892,50
147891,616778,36
188316,42434,61
190045,91193,34
684482,96529,18
363936,678804,21
665789,922666,48
249883,785982,26
6487,38901,55
822706,227730,38
465889,212366,66
247882,166075,22
236129,633031,15
360700,285099,7
672078,619512,14
148607,651002,0
399793,321712,7
24047,166567,73
496299,297695,82
374693,476535,31
131925,275620,79
353809,481397,76
846812,375489,97
854688,749306,24
589615,671165,5
281245,892186,99
984063,156896,53
967254,650457,28
233862,525750,62
294905,478063,62
818531,57035,51
601967,274727,43
353266,343610,7
60736,803086,67
472059,902524,46
726189,70879,74
276959,863402,99
207707,937294,40
110217,427088,75
82206,645291,36
418374,618593,56
693445,746177,80
11761,680446,90
258131,418569,84
905206,803736,24
400785,6811,49
486892,197797,66
381747,33272,49
215700,270200,77
252735,717594,45
616209,628414,5
765755,44589,51
413698,36750,49
669388,412275,95
106014,785356,37
484967,845731,69
206917,667176,45
240464,488961,62
971271,164388,53
885608,413901,13
439789,535815,68
451655,980427,46
37226,661488,90
644619,126512,18
292473,601398,15
711789,39925,74
23289,426991,75
441666,88754,83
697551,753889,80
623441,178417,98
660444,95090,18
183429,897801,39
350229,302072,7
937829,104719,1
19339,32371,55
61305,362573,88
777235,898,51
95227,481947,75
99263,321699,63
800667,815018,72
9192,505630,33
132203,943439,16
384489,118871,23
875794,476761,13
930516,193398,25
441779,992127,46
687628,968247,48
335525,170555,22
534559,345753,44
82571,783700,37
662522,7318,74
999516,876893,30
956619,902013,30
148324,892781,39
976122,687161,28
127391,70936,6
222909,441242,62
956185,602789,85
87901,367062,63
223834,987025,40
937058,144846,53
439045,44820,83
300250,307729,10
5574,691837,90
717811,260409,9
700245,27534,74
764167,355222,70
221639,101081,34
869255,570760,47
773186,940810,92
210473,431993,93
513573,635052,5
319684,930129,94
678532,98484,18
231799,851561,26
200644,234845,96
55903,572620,33
35125,348668,88
66846,489003,75
679080,310410,2
75342,273182,27
375973,985667,94
119701,826555,37
924873,352304,50
189005,623785,15
967410,268502,64
728600,595710,3
102436,643253,36
169705,233873,96
711595,791222,80
82044,924564,60
147855,6806,61
396184,674832,21
916063,278243,64
443418,533230,68
5633,675526,90
570865,537750,58
976676,8837,1
525337,345989,44
49038,187034,73
484653,563378,58
697575,144198,18
544473,971440,41
1173,729987,67
897010,59856,52
12524,493128,33
7243,736825,67
833230,105147,54
207029,547775,12
455577,891831,69
11471,803866,67
588490,764731,86
842605,669174,65
807621,694627,65
597270,324506,43
977058,422797,50
951929,86898,1
508953,986645,46
544542,131793,66
56719,286266,27
282869,196009,22
339407,422017,31
847895,580548,47
271368,890159,99
917185,131920,32
185828,220766,96
421535,753848,81
936974,735943,24
6424,974719,60
103501,549650,33
972851,720026,28
491481,321430,82
285118,983544,40
428867,973615,46
550302,937540,41
240450,258639,77
945704,455362,13
270875,606871,15
689894,59804,74
141903,966499,16
959991,578850,85
740206,647341,14
869832,278941,35
164799,784701,37
473367,887805,69
341458,894012,57
663399,760267,80
807837,332996,97
673449,660320,14
2287,452728,75
12225,470352,75
211719,375568,71
186165,878589,39
456264,442159,68
373044,761679,81
543486,374583,44
626890,148764,98
291799,274881,10
936343,127511,53
86116,361827,63
233232,944053,40
707682,12952,74
697113,384322,95
301378,272062,10
560771,883024,41
987929,134701,53
930290,389555,50
262146,892986,99
422659,640615,56
821153,122781,54
595084,592921,5
229050,652480,15
242622,751112,45
951209,971874,78
301352,838020,99
606578,767460,86
710263,396481,95
672775,342185,2
103813,793615,37
289343,998899,40
508574,615651,5
260407,664103,15
586028,378789,44
308913,902537,99
947558,617217,85
573498,782384,86
529017,197879,66
767187,115605,54
981045,433853,50
774636,310676,70
548260,618324,5
174109,250414,96
718460,161766,18
816887,436424,42
991573,372980,50
691235,594050,3
212245,213746,96
442635,368048,11
794543,893558,29
40899,399967,88
248680,578359,15
489804,141836,66
851281,482870,13
598464,389657,87
979846,280576,64
656353,336969,2
443351,409160,11
759273,105520,54
487017,310510,82
744581,178788,38
901512,720405,24
847165,317652,35
788798,334577,70
243628,663403,15
824505,470003,42
341481,273732,10
613804,219289,98
594938,133821,98
135251,171009,96
160620,555747,12
442150,224147,91
255259,152231,22
555823,730198,20
450245,267976,82
873643,322222,35
595166,959092,41
465348,117523,66
209650,600075,15
466774,80081,83
926329,818623,30
598494,890107,41
32171,707299,90
580389,605198,5
569562,630099,5
84728,34895,55
489555,967353,46
305076,426880,31
580548,271196,43
996328,293868,64
41617,464949,75
403664,386554,11
818825,992453,92
172700,569378,12
547558,822263,86
789063,796695,72
66622,726194,67
152070,849973,39
513015,244175,82
864615,592816,17
467937,624779,56
666205,922476,48
69144,118889,6
180678,662836,0
291448,367937,84
922280,766190,24
357697,822157,57
6310,67010,55
241490,729943,45
168594,574838,12
313976,8049,19
294922,767435,4
296710,808218,4
731945,810564,72
150221,771250,37
404778,108395,23
807193,508337,42
627130,183586,98
546174,553896,58
342655,14621,49
742954,837359,72
507096,771711,20
152641,440986,93
652402,920787,48
676384,990317,48
257843,578790,15
726245,6123,74
911105,943799,78
439822,89398,83
514024,211681,66
737007,886492,48
284746,733351,4
430491,274072,82
344397,292372,7
901535,98817,32
830760,590586,47
981327,163273,53
139246,317642,79
612431,130521,98
677692,982680,48
914810,224739,25
191054,57337,61
669299,914879,48
375622,85876,23
331176,88498,19
402675,761890,81
90780,745521,67
983570,862409,30
509389,307125,82
861598,881567,29
502765,982219,46
166353,895276,39
919842,787477,24
129735,467251,93
88562,467264,75
321060,60337,19
88366,179806,73
4688,800354,67
559102,834498,86
417430,756358,81
113646,58523,6
601183,92210,59
785975,895854,29
620728,585871,89
749465,268221,70
5308,225187,27
734438,702136,14
814254,175332,38
815264,145945,54
908158,414934,13
809069,32099,51
500152,60408,83
284697,914564,99
78633,600870,36
826246,716761,65
610420,338114,2
682946,279903,9
345246,559428,76
317817,554097,76
712799,27724,74
973166,5267,1
538267,662772,5
223007,92175,34
194904,767480,26
39980,951958,60
569394,813592,86
54758,325175,88
231980,890556,99
586856,292664,43
819429,156442,38
325094,867233,99
594135,641982,5
799960,934104,92
491448,779008,20
795635,245478,38
764174,474691,42
145975,416324,93
163518,262639,79
185165,76877,61
80376,891628,8
600630,794264,86
210603,616137,15
421799,190343,91
105250,946909,16
713457,74754,74
402659,496020,68
620579,77121,59
179938,226586,96
246870,154468,34
148301,503364,12
50397,33145,55
72777,171504,73
470675,642273,56
684467,851524,80
573478,454193,87
623409,644298,14
732555,54271,74
146526,664917,0
261599,695194,45
136362,842206,37
967962,549590,85
971577,301562,64
368980,458152,31
175832,221082,96
728847,737197,72
85325,67205,55
518665,205662,66
563184,437829,87
603134,882937,41
522293,184653,66
477208,438000,68
474363,625121,56
424425,323952,11
662528,118851,18
544535,8340,59
179649,367914,71
535689,325607,44
477202,340241,11
435851,359042,11
425627,528389,68
643332,484550,89
845357,916935,92
930686,43464,52
505785,737468,20
636969,550957,89
950736,32085,1
267583,283495,77
716943,667243,14
367407,9689,49
848430,572835,47
638424,4018,74
535211,302991,43
379021,214592,91
651870,983152,48
837702,268423,35
393688,721337,81
525050,524852,58
193088,241298,96
499586,551925,58
211286,96074,34
732506,233888,9
960959,848228,30
178820,435067,93
177573,484401,93
331746,662441,21
658146,463294,95
586611,177677,98
223490,212111,96
965481,845310,30
138352,288446,79
914801,73361,52
987156,139195,53
458447,130973,66
267040,148909,22
729823,137417,18
572681,64707,59
539311,213797,66
289808,807464,4
48249,935738,60
963280,856050,30
640207,968501,48
608550,909050,41
417161,227481,91
273319,682334,45
987993,207704,53
892582,634833,17
653883,814002,80
946064,504542,85
852700,339318,97
925811,111247,32
733077,832398,72
113547,394738,63
377415,223581,91
730380,507154,42
744184,512044,42
935900,683194,28
446639,669040,56
566149,272102,43
232993,926723,40
440263,511832,68
373846,231987,91
18322,941247,60
549549,282833,43
581593,833811,86
870593,60638,52
155807,661486,0
605519,963722,41
288283,185339,22
6671,119830,73
988386,818865,30
676822,363046,2
721172,749694,72
120572,456153,93
566116,712924,20
121106,437663,93
805638,358254,97
177901,988248,16
492031,571643,58
611520,826400,86
320641,21762,19
762440,333738,70
136394,380293,63
585510,682307,5
544097,647436,5
469918,916651,46
161711,886872,39
669521,655531,14
519154,427646,87
454980,853456,69
40576,971433,60
876531,859173,29
126649,597855,36
161501,349126,71
774685,137345,54
358671,186086,91
552943,322633,44
501475,296399,82
581471,798587,86
863399,163417,32
564951,139699,98
925992,152410,53
555256,192891,98
923160,555085,85
319079,773505,4
303196,825237,99
774996,365813,97
230342,366421,84
442776,737724,81
937575,828618,30
586493,196878,98
930076,794301,24
827642,186892,38
101007,625394,36
7015,908119,60
758044,447897,42
810591,618629,17
307870,383311,84
318791,926353,94
215639,247411,77
236891,436063,62
923718,941993,78
84489,18919,55
978174,185953,53
328282,443278,31
177430,79099,61
428703,211955,91
337151,509918,76
202999,814642,26
693461,9816,74
993693,1329,1
346475,215729,91
764357,548678,3
637638,785538,80
551784,848779,86
441657,931921,46
811815,178838,38
733447,55746,74
937309,368026,50
413368,477124,68
39287,303941,27
353149,390148,31
228816,714666,45
399131,200066,91
513282,734672,20
643629,480505,89
860880,818753,29
783749,476699,42
883418,621184,17
250117,732327,45
226167,199749,96
189277,181221,96
789126,848512,29
956122,547865,85
977900,570078,85
313902,758327,4
209374,953982,40
584994,2981,59
110113,679202,0
353367,41869,49
708461,113160,18
881485,130904,32
117949,376241,63
489602,749097,20
88583,820093,37
307625,259472,10
953614,392403,50
122726,665742,0
138268,875066,39
242565,797015,26
442532,638256,56
181070,249641,96
730091,652387,14
670359,730239,14
131217,370922,63
92727,470201,75
672493,597894,3
817405,136537,54
789922,228951,38
982536,498614,85
221094,937960,40
295359,103929,19
740080,526481,3
576161,548284,58
24199,723802,67
942423,314301,64
470699,40290,83
170221,915790,39
684587,864818,80
11789,145301,73
76596,352287,63
888442,46569,52
700616,268836,9
335615,687118,21
400994,522667,76
470535,287897,82
697811,124869,18
688892,217231,9
7223,400581,88
575238,33689,59
221411,268954,77
312055,713985,4
946640,192382,53
377602,364976,7
157012,905008,39
486036,822400,69
87864,733518,67
239884,736193,45
208879,636978,15
692912,783138,80
201419,263676,77
615648,198664,98
962492,615641,85
87898,308177,79
533516,812581,86
53466,604152,36
990127,81128,1
522120,281571,43
376225,222206,91
629028,77145,59
579685,782191,86
299912,627256,21
300486,281724,10
948260,406288,50
495298,480550,68
606287,872309,86
901451,691213,28
233411,950968,40
920500,844556,30
453748,155237,66
77643,954746,60
421586,600035,56
802628,783379,72
258687,768428,4
970727,13555,1
826039,247425,35
487390,566048,58
583266,956765,41
365457,245596,91
735206,608946,3
568344,158798,98
928424,38920,52
136536,761497,37
483704,624006,56
681335,210488,9
678195,429313,95
467277,535534,68
721883,696616,14
28021,958062,60
157896,769765,37
443199,856136,69
80478,604578,36
144783,375528,71
506327,848622,69
799952,798449,72
546966,871958,41
12898,790952,67
544597,50359,59
383838,171721,91
131553,21130,61
141188,954533,16
841984,241108,35
307179,761990,4
777942,872662,29
845296,905948,29
273827,214759,22
457694,464041,68
146157,468569,93
243205,560269,15
443365,635632,56
68248,56729,55
445885,996059,46
766556,508848,42
209824,520500,12
55495,717269,67
140356,978797,16
656790,682736,14
759000,519730,42
103895,172417,6
827631,10932,51
736916,350935,70
176099,702320,0
898657,743790,24
895162,997537,78
607491,106103,59
280498,332476,84
930878,269470,64
987444,984461,78
845398,607917,17
270463,681755,45
267282,224092,77
324571,73078,19
237724,432460,62
368673,298415,7
469016,766686,20
704473,83985,18
548799,680805,5
303587,388407,84
969519,722190,28
855023,373413,97
959553,211748,53
852546,756663,24
244950,888554,99
941443,840655,30
895814,953655,78
94037,485433,75
682877,122595,18
457900,933619,46
346859,664399,21
561039,399191,87
210888,407847,71
695666,60068,74
565821,753549,20
913204,235121,25
683291,79087,18
215504,991068,40
892569,421674,13
90685,147447,6
151071,56064,61
280301,32151,19
366382,794337,57
437363,769815,81
289237,222572,10
771413,142489,54
815914,82529,54
76385,803380,37
420719,35193,49
505045,301195,82
197778,70672,61
800807,170958,38
303406,353349,84
746815,733848,72
792513,771512,72
806054,356624,97
794210,289776,70
274597,166406,22
791771,310398,70
865924,585047,17
888762,425437,13
333963,916648,94
105033,290210,79
575778,111276,59
218821,725219,45
757869,515176,42
576005,925480,41
554485,245806,43
275612,226631,10
992340,260326,64
310845,387080,84
662528,114602,18
119516,714650,0
132627,75304,6
640850,780380,80
853661,482292,13
897609,117414,32
382537,314206,7
870676,454882,13
218152,482819,62
750571,848766,72
210450,42584,61
719386,736640,72
723720,563464,3
145257,346560,71
638946,779593,80
620914,705478,14
974895,60859,1
865193,311554,35
304026,780249,4
648127,81291,18
272972,841037,99
312897,863825,99
321470,946751,94
56616,547200,33
797117,159786,38
528193,345261,44
802938,984557,92
458092,153004,66
547549,669289,5
751456,735068,72
291144,257772,10
375814,315905,7
423259,716627,81
357271,661209,21
955529,576124,85
919733,961358,78
549166,833028,86
711930,420526,95
793073,187080,38
262844,628728,15
45971,644115,90
656424,521255,89
741453,606514,3
697235,443885,95
391093,101835,23
553537,310919,43
630526,254770,9
932587,993826,78
240563,149192,34
476883,988202,46
714043,926275,48
908862,251386,25
60639,164886,73
245320,107693,34
997875,298279,64
177995,578425,12
602901,972217,41
62625,539232,33
886038,640974,17
853343,136068,32
908377,99401,32
642820,883261,48
974658,89368,1
14600,390807,88
294582,45624,19
809025,290793,35
372397,879895,57
402852,734603,81
483464,581867,56
439128,440497,68
434009,404836,11
83600,73285,55
709509,726818,14
645204,955586,48
548300,280701,43
743270,151253,18
113725,384138,63
208663,10473,61
28020,944992,60
489790,908877,46
497479,134849,66
418637,40069,49
440706,950530,46
569191,400153,87
374610,86321,23
811542,591028,47
413575,971481,46
688626,746222,80
757301,970144,92
221123,430136,93
312242,855826,99
870926,659740,17
262512,43064,19
789649,636875,65
974570,609448,85
8089,958011,60
306536,957633,94
940645,436135,13
127625,5330,61
584387,792762,86
964004,20709,1
60460,166079,73
305651,83203,19
402777,474221,68
243448,633964,15
45933,6282,55
589766,198707,98
673001,142200,18
961468,401753,50
274397,803352,26
951904,658608,28
235035,240993,77
374723,977493,94
734206,816688,72
90104,379496,63
205370,654328,15
306350,832947,99
347191,255643,10
603805,153026,98
910286,182694,25
546929,251382,43
987063,578140,85
799686,337802,97
453076,862968,69
911558,571222,85
537390,924302,41
759594,505919,42
980819,628563,28
260511,424551,84
433017,728753,81
152287,499386,12
189012,739099,45
45181,357320,88
479644,388186,11
247087,798629,26
562443,987117,41
476724,310832,82
162870,367973,71
533331,710537,20
998833,389857,50
341139,524442,76
296946,771578,4
914777,657382,17
622178,960715,41
745285,19537,74
367327,680513,21
391256,854150,57
710569,545786,3
39720,574685,33
747561,268099,70
953273,674825,28
796985,930797,92
908441,171473,25
952115,211506,53
787029,611083,3
481862,656425,56
541228,425888,87
911297,172372,25
65875,174936,73
159696,16295,61
875347,966796,78
952072,483168,13
617389,468589,89
583285,271777,43
761430,359814,70
403016,490252,68
675593,704601,14
233278,719255,45
525597,720116,20
992680,979187,78
208784,41298,61
110977,192022,96
319272,15477,19
121943,507088,12
629694,267937,43
226809,987108,40
326497,442989,31
318711,578691,76
66209,788955,67
977424,581617,85
246629,94304,34
974568,574316,85
534958,45720,59
426094,365504,11
32858,252853,27
703911,643764,14
747977,251936,70
303910,817270,99
866256,176800,25
481483,293618,82
845619,321365,35
188643,539425,12
123227,90132,6
860341,755535,24
289719,311805,10
519246,980640,46
629819,373144,2
444904,507120,68
166833,969413,16
931282,62962,52
207535,49865,61
84811,421939,75
537135,631789,5
492007,166065,66
60263,847394,8
153504,957985,16
859486,387636,97
9036,881949,8
930257,837647,30
348864,361270,7
874006,427800,13
38292,583491,36
734116,289678,70
620721,469478,89
519480,905870,41
960546,910833,78
373419,54604,49
738185,679185,14
62515,703049,90
147872,298307,79
652641,950663,48
798877,726768,65
797272,757006,72
877,749458,67
142467,456128,93
158870,144118,6
198166,578048,12
262439,816993,26
211296,262706,77
303553,826803,99
80918,995480,60
38856,61991,55
886260,384177,97
878193,805173,24
552123,546478,58
661416,429349,95
70307,653648,90
867563,147931,32
276431,982328,40
992620,975064,78
910565,878461,30
299051,155462,22
855666,191216,25
778769,778219,72
531144,951395,41
106273,133201,6
724716,315212,70
783906,112714,54
388918,560963,76
118351,131094,6
307633,391025,84
972295,362264,50
572794,950236,41
623231,648020,14
279591,90301,19
695420,924677,48
50868,946144,60
852697,289010,35
400909,80236,23
530029,204595,66
643897,991945,48
635015,706284,14
524445,355800,44
935745,66799,1
706374,31804,74
533796,520799,58
82208,676299,90
571091,326879,44
865268,569972,47
528058,71215,59
920139,790929,24
158460,238967,96
328451,291513,10
461594,12795,83
53913,127132,73
715913,363008,2
81680,797025,37
609695,153873,98
155147,557809,12
105515,401647,63
496317,601726,56
223149,476486,62
313600,684492,21
261321,23603,19
704468,2967,74
869617,654510,17
357421,181966,91
304023,716323,4
247474,297020,77
18694,198242,73
854263,603400,17
354462,453708,31
485042,102231,83
204190,834839,26
143194,670626,0
211759,36388,61
579307,413969,87
580153,643850,5
191942,973849,16
485855,766610,20
421559,146677,23
213175,833880,26
32496,160666,73
321940,860071,99
229585,644525,15
532006,441206,87
351081,627161,21
706811,373462,2
792106,938575,92
635511,40397,59
958132,328878,50
453627,111506,83
88874,714540,0
278036,960261,40
114466,834568,37
599713,380786,44
876038,582052,17
551135,942734,41
533879,915443,41
852979,33504,51
107299,383051,63
954353,826492,30
862874,332142,35
324810,94134,19
117129,601714,36
9403,47954,55
976646,490739,85
855300,29265,51
868955,528684,47
605477,256829,43
532183,401428,87
809455,517412,47
156759,655040,0
257865,953078,40
389425,75051,23
395014,4161,49
943949,951123,78
540244,882994,41
490063,489846,68
853324,820063,29
807105,23307,51
726443,340516,70
59592,568899,33
493927,439828,68
199522,382241,71
334170,403013,31
454290,259457,82
698145,735922,80
653799,408136,95
550104,609306,5
612202,294927,43
849252,392747,97
906256,460424,13
359263,149555,23
575668,256528,43
473022,86728,83
639055,605884,14
95315,963017,16
441829,828476,69
210282,219793,96
64572,275847,27
170088,674576,0
602810,435517,87
749460,189825,38
391284,326675,7
436066,972719,46
500085,929411,46
627395,633848,14
89419,874624,8
815270,252227,35
191321,535210,12
277861,11183,19
965902,926296,78
267552,759755,4
208160,559082,12
500578,226161,66
99681,347117,63
11571,488539,33
886615,343965,97
35402,13630,55
86233,330534,63
300764,951641,94
231067,545989,15
442515,363441,11
363177,924358,94
689359,63612,74
137490,805585,37
475549,556927,58
286379,178252,22
886004,80731,52
852316,884684,29
897333,489478,13
668426,241454,9
122766,335452,63
958337,778092,24
393004,222288,91
999065,293110,64
313757,322385,7
335890,308660,7
648733,265871,9
501287,136494,66
67971,394146,88
413985,858545,57
574512,828858,86
617691,549257,89
363827,845602,57
43521,465627,75
794882,584894,47
320437,590267,76
624615,913405,41
610102,986747,41
273387,829194,99
272392,100408,34
565614,280269,43
495129,637973,56
423944,241261,91
880285,966749,78
162141,111135,6
861009,993474,92
320478,283182,10
454226,186211,66
658182,66879,74
43908,971335,60
238965,286995,77
535849,20202,59
543046,985857,41
300322,520581,76
416603,848618,57
728755,199191,9
805350,531708,47
429340,919234,46
579723,418029,87
824434,270447,35
413154,890393,57
849434,452043,13
501490,558449,58
861232,731590,24
845767,808828,29
975387,334584,50
353307,33966,49
877491,992951,78
541546,767769,20
897056,829431,24
254770,920065,40
533365,272047,43
308981,49304,19
653504,442657,95
742728,34613,74
742753,457315,42
98691,700767,0
792316,459259,42
777969,338981,70
261327,137860,34
24637,85065,55
702893,523409,3
942582,986318,78
50024,764552,67
829061,43849,51
978310,461329,13
572504,89810,59
447585,563567,56
870862,587316,17
34016,712580,90
338022,140635,22
654145,226822,9
212531,9409,61
143084,818460,37
873430,747653,24
815036,317864,35
355994,206110,91
104642,724333,0
869180,315457,35
901194,380762,50
481214,763715,20
773841,960878,92
492286,862411,69
546181,666267,5
962217,995837,78
41548,309354,27
323093,238310,10
292246,778781,4
973001,243616,64
456654,990756,46
644206,180946,98
161621,368979,71
441662,25713,83
160668,353019,71
196628,738319,45
944198,150706,53
928135,165252,53
398952,192838,91
38952,678856,90
540988,398900,87
326248,254285,10
768345,587831,3
681003,632423,14
145065,114841,6
134702,940715,16
597889,728435,86
814962,68619,51
294251,484582,62
370584,417897,31
603858,53817,59
515088,88463,83
801163,162107,38
532532,272332,43
92004,316225,63
801320,801581,72
177734,189664,96
683596,198111,9
662746,786578,80
18957,619718,90
601523,807753,86
911892,173415,25
601521,769983,86
110526,622131,36
155984,635295,0
413493,584813,56
954861,350841,50
585577,803787,86
251449,112080,34
740572,797936,72
918316,145153,32
589125,434005,87
337678,357840,7
224015,32727,61
51154,756426,67
265735,210164,22
238242,143530,34
319926,1836,19
870503,545383,47
256183,670661,45
812127,431654,42
819177,924239,92
687702,221992,9
31496,365145,88
992443,993350,78
249425,95995,34
395840,895051,57
127981,992197,16
862342,395634,97
427570,179407,91
298593,462743,62
338331,341108,7
15148,606920,90
510841,716092,20
362174,72087,23
579359,302700,43
485224,161817,66
666322,890260,48
615217,965049,41
583347,329338,44
199666,795792,26
878042,261509,35
192523,749501,45
864739,683983,65
707240,588843,3
688205,664477,14
868935,205119,25
438702,265993,82
559778,205532,98
379815,551844,76
852769,503733,47
249469,826688,26
158355,474747,93
80248,739783,67
548855,622138,5
274131,329745,84
31437,367204,88
609077,758717,86
771104,945553,92
909992,236037,25
87934,907489,8
171181,45733,61
645968,788124,80
8780,569659,33
266679,83145,34
419425,277292,82
457135,79489,83
973621,660357,28
621917,562491,89
796794,718596,65
459440,812268,69
802520,955953,92
711307,948116,48
999523,994688,78
731868,517718,3
291460,572471,15
530835,755680,20
720245,161140,18
285686,531010,62
692001,462214,95
432737,18131,83
741444,456405,42
802459,933806,92
481562,626222,56
916344,995180,78
5256,349706,88
522843,423980,87
834547,233853,38
383804,594042,76
64335,281088,27
257650,339205,84
26523,783896,67
944697,535683,85
225906,817319,26
684041,691821,14
437205,104553,23
227023,585704,15
927636,792555,24
483970,85522,83
375920,91669,23
689699,786206,80
778954,883542,29
700110,764320,80
929667,919360,78
693790,536900,3
689671,302732,2
32091,364763,88
588211,68229,59
725931,738193,72
825905,1430,51
36024,461895,75
85707,480507,75
896083,475724,13
496488,484992,68
270452,499604,62
856801,265823,35
701401,448395,95
181621,516063,12
471253,353866,11
426556,139335,23
807829,196520,38
917499,414711,13
61287,57642,55
801934,106334,54
168787,804843,37
11445,369362,88
873568,68453,52
504581,497687,58
631514,871624,86
385919,146647,23
696861,154459,18
993785,552813,85
134521,903590,39
649209,260288,9
668817,816167,80
335527,209680,91
91962,616759,36
874581,87120,52
239494,183354,22
644236,679626,14
486406,28899,83
710768,888546,48
802102,941875,92
98658,146707,6
706142,136080,18
100530,615176,36
264690,661300,15
475871,975311,46
54017,877335,8
379938,625605,21
552031,1560,59
233574,694353,45
992915,933750,78
543142,587734,58
60186,551112,33
549654,48470,59
638135,150104,98
799005,882166,29
567202,973949,41
164509,912175,39
940300,637523,28
859625,732878,24
491094,817193,69
570139,335243,44
439680,703920,81
796198,709476,65
176797,432529,93
524753,534328,58
464790,729573,20
949714,859153,30
791328,861322,29
251471,484224,62
362398,831006,57
732089,227292,9
98435,405506,63
354965,901937,94
871217,556512,47
299646,158634,22
169590,310911,79
482435,296743,82
368680,416030,31
218897,3468,61
298655,510029,62
67452,667298,90
282552,854794,99
534360,991410,41
644262,120634,18
509230,633199,5
187052,789607,26
933293,858954,30
446588,819879,69
716135,94644,18
693680,681464,14
368547,170973,91
552065,571954,58
839112,965840,92
873180,542780,47
507600,246409,82
399616,352466,11
902603,63379,52
222748,735494,45
448992,219589,82
646993,12210,74
216018,628218,15
469413,432828,68
541675,939586,41
633266,306340,2
666378,828446,80
707571,153047,18
267912,801923,26
932127,269160,64
785977,918159,92
503424,61040,83
902341,654848,17
38989,302344,27
498881,696893,20
689007,156253,18
151924,397182,71
438673,780594,81
454620,807844,69
439983,795013,69
785074,749591,72
380864,184302,91
570255,292399,43
357436,438052,31
351988,878070,57
738440,973795,48
582230,545129,89
986663,861096,30
440710,25186,83
308152,119321,22
438219,152999,66
463220,349622,11
104110,779896,37
724160,972539,48
470074,548581,58
4486,400673,88
122386,949800,16
303924,61633,19
870615,441775,13
914552,885072,30
408293,195417,91
381698,211104,91
39517,175498,73
597726,986537,41
734726,544436,3
348383,277859,10
990287,760008,28
460086,671700,56
271231,587133,15
949957,931784,78
504758,469649,68
396571,169858,91
811065,579080,47
601400,735886,86
44774,532076,33
610747,831990,86
264089,547925,15
978352,177074,53
97843,463341,75
378099,725730,81
345329,958603,94
248968,406783,84
807434,556127,47
839620,500620,47
935755,236319,64
814865,443082,42
895654,259162,25
738184,662687,14
780858,887030,29
313394,224970,10
86677,780612,37
752053,769944,72
464647,334626,11
71165,74508,55
264458,759002,4
550863,361216,44
970389,337856,50
359002,756559,4
494418,699943,20
943422,106997,1
315055,133490,22
577684,135346,98
776487,427867,42
164726,554262,12
496929,885865,69
743667,827247,72
557002,546839,58
733646,389960,95
60428,614203,36
918520,573909,85
688724,392475,95
336424,282852,10
900423,420224,13
720208,549713,3
27525,620819,90
109094,554558,12
465264,704534,20
114303,103995,6
854656,217504,25
596911,289522,43
4781,358404,88
707352,475225,95
109743,459680,75
851583,559585,47
952423,382795,50
643621,338934,2
473830,674079,56
261513,250141,77
130697,631121,36
266254,939642,40
566372,30669,59
466522,849075,69
414219,780996,81
209325,126657,34
725409,964372,48
204667,854535,26
177780,955489,16
919241,690099,28
495455,126293,66
613258,29503,59
871798,319657,35
481145,618702,56
532360,391031,44
60686,950043,60
379302,944826,94
696410,573070,3
601486,188413,98
669027,346244,2
323331,234650,10
775316,746426,72
196615,514219,12
491173,147911,66
940257,908176,78
721611,117297,18
426649,705571,81
544606,200413,98
357850,392564,31
830532,767373,24
245667,940960,40
715201,391097,95
174073,647322,0
548043,971243,41
696372,925877,48
215634,161900,34
55018,692313,90
712377,927157,48
736419,9442,74
702278,193423,9
873701,299579,35
34149,951728,60
693823,90131,18
832839,531748,47
92617,615242,36
375174,558060,76
315037,842529,99
397334,996283,94
540533,740281,20
919056,576565,85
343349,683385,21
665875,370513,2
214538,748167,45
446293,846754,69
396340,293551,7
723051,330260,70
694860,516403,3
187296,898200,39
62859,473736,75
89044,570969,36
282264,12729,19
946365,557043,85
228743,489589,62
526077,787772,20
90832,613466,36
524275,492640,58
809019,193754,38
435362,129505,23
599866,953626,41
608512,275670,43
195504,844361,26
176793,362577,71
840003,933959,92
49911,856005,8
892507,374373,97
98489,310047,79
966367,742655,28
818864,662743,65
726565,387198,95
638107,672312,14
548576,932851,41
435298,66872,83
925143,885400,30
928200,271243,64
793021,314549,70
640995,213778,9
977363,555885,85
772577,705172,65
829628,567413,47
525039,331274,44
737436,99259,18
247223,87075,34
474772,494537,68
692599,516586,3
266871,307844,77
934273,338196,50
70992,164320,73
727164,453575,95
251208,60588,19
310708,79585,19
587223,463827,87
549220,753440,20
81967,628838,36
883188,745269,24
738993,263774,70
252134,618627,15
279758,899576,99
184474,455079,93
515722,746013,20
252630,954000,40
891029,525111,47
545027,275310,43
150651,2932,61
294089,760183,4
408843,427214,31
199685,114638,34
727531,622335,3
598898,686753,5
261990,281647,77
655805,124417,18
76785,539114,33
891933,733319,24
906484,293005,64
545655,831439,86
3921,905456,60
5526,882332,8
369770,735118,81
141150,313866,79
158647,389433,71
207380,435936,93
778949,800379,72
979574,702166,28
313365,734695,4
33476,640808,90
73189,99124,6
985379,271688,64
269841,230461,77
362685,654859,21
231651,368074,84
235097,287191,77
820091,274543,35
249241,9917,19
678295,115614,18
125262,280675,79
313908,856657,99
850144,379250,97
65252,690552,90
113330,747760,37
609669,721912,86
190006,433261,93
828784,379513,97
481946,68224,83
642831,69959,59
808594,54329,51
113497,553255,12
565972,294944,43
126846,906555,39
471429,321953,82
80407,412935,75
201160,909171,39
437240,709054,81
74241,785185,67
605176,201206,98
672562,764634,80
207786,266759,77
434289,103170,23
980116,815910,30
15355,87549,55
442900,826637,69
293995,178349,22
517254,501914,58
669621,331681,2
572627,152685,98
177783,14391,61
872634,375753,97
296348,732522,4
500094,87285,83
7657,704407,90
979880,855337,30
659977,236226,9
250389,302308,77
902957,15090,52
632960,159258,98
656166,187857,9
320460,984458,94
788390,486668,42
441296,874194,69
590725,325379,43
651586,222481,9
242704,129406,34
939541,869561,30
717435,943433,48
289923,747777,4
896686,607217,17
503987,509549,58
1682,269753,27
749156,73985,74
479922,62532,83
980282,610942,85
105635,416264,75
164514,990134,16
188208,222138,96
473590,627330,56
543549,428615,87
741584,806742,72
915616,768114,24
702680,955289,48
549590,963876,41
868379,853343,29
146423,932871,16
765242,436944,42
734316,657662,14
329395,152620,22
99952,893283,8
418872,996885,46
657946,111299,18
609638,196207,98
665238,668164,14
840772,871409,29
774441,34308,51
620934,51083,59
552081,836282,86
396369,779991,81
322735,223456,10
635159,131277,98
376563,909277,94
220471,462544,62
991298,759093,28
87453,832851,8
741322,411507,95
214559,108407,34
999143,604129,85
603262,36722,59
195439,746900,45
158912,850667,39
166604,115325,6
279049,977652,40
408719,356568,11
852463,347729,97
286178,796032,4
910094,951507,78
987254,793666,30
152247,829269,37
528978,544597,58
44935,228151,27
537233,287012,43
813435,402472,97
352614,388736,31
488699,565002,58
995051,822396,30
13678,886824,8
857035,191593,25
108236,122851,6
756995,824486,72
150788,309716,79
399455,650874,21
241976,906605,40
325059,280044,10
708504,841474,80
656512,6583,74
640576,162587,98
612522,674038,14
560270,464324,87
893828,579301,17
321782,196547,22
368760,752038,81
508559,365599,44
628076,74059,59
714313,465553,95
562909,827049,86
219854,97050,34
135472,891008,39
175929,855071,39
188255,16365,61
59868,211032,73
817586,180635,38
938772,941440,78
785949,446675,42
272453,129615,34
442444,158165,66
280727,193529,22
651742,843516,80
984877,840599,30
951422,551836,85
711018,91314,18
725873,755499,72
678151,685964,14
8159,142032,73
132353,464406,93
284504,660414,21
587088,197138,98
311943,828816,99
913459,516004,85
485725,589431,56
581964,80122,59
626225,979941,41
871247,54104,52
340678,789414,4
686328,119098,18
688543,346397,2
908514,402216,13
58528,682053,90
272175,455770,62
127667,704592,0
91144,861484,8
977341,175070,53
406881,461404,68
831509,179175,38
408950,234339,91
538043,894743,41
960292,642988,28
712940,382726,95
482845,180348,66
114864,521113,12
355929,99462,23
661398,131774,18
740526,28087,74
72247,272030,27
10248,251930,27
198355,767121,26
17276,362470,88
49752,191072,73
354880,472929,31
518018,336337,44
830708,721522,65
630718,481481,89
252647,245298,77
727503,155203,18
502937,871887,69
811566,3548,51
638851,172409,98
678430,374539,2
877053,644820,17
501485,464392,68
40094,866828,8
788481,12168,51
523886,952386,41
757139,249761,70
738267,64984,74
195586,226239,96
409432,327501,7
317846,46767,19
16563,382757,88
998970,702863,28
19046,121363,73
756934,800922,72
112704,223258,79
300602,220496,10
883752,223518,25
681928,178903,9
832802,905771,29
305708,34757,19
161672,236110,96
302437,72991,19
760684,831855,72
998637,93618,1
439369,475287,68
162233,661430,0
655312,829326,80
490510,14172,83
203609,66059,61
254487,174726,22
620893,363857,2
350442,888545,57
786935,21641,51
735543,282751,70
203236,793177,26
928064,975354,78
788256,226468,38
248845,346382,84
643177,876585,48
771289,66630,54
864525,82475,52
174043,154096,96
905097,968233,78
106408,401808,63
188752,363141,71
321696,753521,4
431382,242732,82
597235,742365,86
933300,987721,78
637817,794245,80
886756,714001,24
229172,706534,45
729733,634738,14
54282,331635,88
796682,838679,29
688114,147061,18
664881,667225,14
57874,690168,90
657937,960117,48
694185,168199,18
920640,203439,25
206170,110557,34
144705,65636,61
158263,941452,16
986022,78691,1
566910,61587,59
104101,630804,36
929296,691151,28
185061,332708,71
831986,200734,38
749530,353269,70
404256,347057,11
988728,551931,85
315847,440924,31
619610,799650,86
731251,142957,18
694893,67684,74
577555,981491,41
919501,65172,52
355170,346690,7
834055,972260,92
779262,59879,51
398575,857604,57
750971,571883,3
642750,704931,14
776813,907664,92
109388,488309,75
18447,55251,55
616118,103227,59
944677,190610,53
593289,423058,87
341075,451556,31
307720,860379,99
402792,727874,81
383161,802457,57
896709,992447,78
56994,914718,60
678475,138713,18
358225,704085,21
559016,390220,44
434006,350200,11
818301,192531,38
872938,478734,13
91124,537121,33
393711,112491,23
652164,923250,48
68032,415056,75
860760,794799,24
190971,651142,0
748752,284219,70
871819,665261,17
58332,394125,88
63536,859468,8
79395,393250,63
366335,994811,94
800002,641310,65
509060,787132,20
338856,158585,22
354169,520302,76
719521,998148,48
882981,277365,35
687378,767482,80
85428,791894,37
369500,194908,91
834106,821170,29
420066,57967,83
261084,54311,19
815993,407314,97
740859,627479,3
45850,611005,36
164433,637471,0
986132,931881,78
136689,334619,63
951539,519416,85
837109,291735,35
203639,570053,12
893430,890659,29
313439,975644,94
665164,420696,95
638107,672288,14
153963,666035,0
59348,468570,75
268265,744266,45
891606,233354,25
988942,164043,53
82746,720882,67
873647,395500,97
183476,691724,0
806534,417166,97
324512,78816,19
677118,332329,2
455914,548574,68
893985,218642,25
730842,268588,70
163299,576881,12
647679,550837,89
928598,956074,78
742461,555660,3
981977,87476,1
214692,338468,71
639572,295846,2
289153,798885,4
863909,733934,24
229066,927139,40
429759,964289,46
818938,905304,29
455037,821781,69
684952,995527,48
822753,18389,51
70937,240041,27
377460,976235,94
587928,315384,43
668721,204499,9
21890,916891,60
187595,925093,39
47259,283392,27
986079,33093,1
205561,863813,39
111738,997105,16
345191,640965,21
700689,491511,95
826568,128578,54
17854,84332,55
369419,833065,57
338204,205871,91
86560,829287,8
829949,961778,92
603205,77624,59
634115,581481,89
961196,824024,30
375197,938742,94
444591,241006,82
598401,327478,43
934315,37459,52
577749,233042,43
740501,607937,3
597629,355913,44
836566,175557,38
593397,223945,98
843815,14220,51
996326,265544,64
6362,929288,60
548836,301922,43
405529,737987,81
361289,195685,91
893968,928245,78
21213,533108,33
950154,248537,64
167070,960353,16
653279,662935,14
962557,711074,28
37491,118308,73
416531,644500,56
113898,297950,79
647953,161163,98
682686,916851,48
527574,948806,41
583622,941817,41
126646,548033,12
791941,165645,38
7945,541111,33
464490,700059,20
900155,921713,78
246499,922173,40
976847,873194,30
777344,826649,72
493520,602720,56
919338,328377,50
37572,477177,75
928073,129776,32
160354,75080,61
874598,376743,97
926882,113907,32
451018,264014,82
290055,961966,40
778481,931340,92
47409,819754,8
620922,850305,86
81664,537346,33
185885,169283,96
143769,340872,71
39713,461281,75
765011,546981,3
112862,877555,8
78375,254308,27
158693,166552,96
252053,266403,77
443798,923218,46
531980,997333,41
185426,471313,93
364579,479593,31
521854,803166,69
823094,744740,65
850538,8553,51
754085,911901,92
331625,637908,21
331571,722943,4
511835,415936,87
642212,663744,14
561657,771752,86
845337,587539,47
768258,126663,54
839033,629980,17
82735,537150,33
892533,804957,24
912979,448058,13
520675,997756,46
296419,916393,99
826693,237557,38
637163,806109,80
279119,153298,22
489103,365647,11
440680,511064,68
459311,650101,56
252403,140406,34
815311,941738,92
801994,119700,54
813133,337567,97
489177,604029,56
927973,452405,13
586986,475611,87
602374,104119,59
937191,370627,50
128304,420426,93
104518,646213,36
903370,945466,78
448965,761747,81
686386,100861,18
183301,744829,45
357013,322779,7
955738,99845,1
98853,434807,75
808612,355699,97
239105,647397,15
806602,562955,47
588234,453591,87
515082,988653,46
299751,927433,94
367399,891753,57
705501,356234,2
239586,734517,45
39232,387669,88
566603,897052,41
764621,990346,92
752391,451622,42
426554,107959,23
472837,974783,46
189120,550857,12
253909,455776,62
233284,807043,26
984967,345015,50
671210,29289,74
273977,740758,4
936506,859806,30
769486,758280,72
415389,445375,68
425057,947097,46
873878,269749,35
677052,216343,9
88089,518866,33
595724,339958,44
683586,35628,74
806727,664484,65
983568,839102,30
789856,114476,54
1505,300734,27
442308,883352,69
507226,950580,46
404398,718290,81
307779,852450,99
132817,258515,79
873884,377471,97
163168,367998,71
948505,527122,85
349965,862056,57
577549,871358,86
919746,187078,25
230513,246126,77
640385,960420,48
794966,856,51
400143,216369,91
523783,227532,66
144010,392802,71
835693,493531,47
780511,63272,51
414481,192619,91
350510,23909,49
842323,930127,92
651531,293115,2
393437,508606,76
153675,825653,37
751977,489347,42
462525,658177,56
984679,502519,85
848636,36629,51
632701,807515,80
910598,426925,13
335706,220836,10
598261,986447,41
219588,617878,15
691638,364220,2
449727,575290,56
904654,535703,85
562839,650636,5
248767,38650,19
599542,516483,89
544796,390629,44
317204,256418,10
631908,479756,89
265035,455599,62
266550,909230,99
431088,298157,82
127291,389487,63
118353,171400,6
727242,758435,72
20474,113536,73
212603,230009,77
776523,24510,51
948005,126000,53
689736,396209,95
97237,273565,79
808693,708338,65
46568,670837,90
767552,257364,70
523366,221656,66
382963,465770,31
207650,974987,40
618400,463487,89
837935,184081,38
853701,153717,32
524453,498005,58
977355,415504,50
379271,412508,31
22212,321476,88
54113,491993,33
941010,559627,85
660749,210311,9
703306,469124,95
572652,575238,58
34503,901341,8
851907,11669,51
121777,718396,0
85022,979533,60
11802,365073,88
789225,505339,42
242796,683363,45
293528,328704,84
535729,9490,59
512205,644505,5
201679,625781,15
517247,381043,44
200021,763085,45
179990,95470,34
572110,457338,87
485947,322062,82
899263,926437,78
633644,658480,14
75982,42916,55
290094,624249,15
769189,764915,72
938873,648919,28
385188,859818,57
971735,957801,78
768125,882084,29
196007,290390,77
600850,491762,89
54771,550160,33
548775,276753,43
402198,752438,81
239159,548024,15
649110,601012,14
210815,176204,96
462408,694909,81
335910,640631,21
87093,776822,37
63933,524404,33
659777,885632,48
818681,574191,47
443079,836478,69
701945,606343,3
809039,527776,47
336622,609051,21
328846,926552,94
567626,92846,59
462755,535665,68
934899,847742,30
11346,703965,90
553016,545128,58
967058,358936,50
649378,106605,18
726222,626559,3
591455,596883,5
825724,943918,92
431406,641884,56
155968,369402,71
548679,649596,5
775279,116717,54
666181,509995,89
501558,695988,20
484125,698355,20
266491,928484,40
36242,128416,73
303309,728665,4
685837,869408,48
152977,87930,6
849605,317700,35
588770,469592,87
441636,586638,56
627677,383233,2
6927,430766,88
895927,853647,30
259789,278292,77
258104,959287,40
741646,861008,72
976443,94251,1
86001,431539,75
884702,202992,25
697794,834284,80
822356,347223,97
786475,285823,70
839609,314134,35
653339,672701,14
99521,665349,0
536162,280046,43
749710,387928,95
918533,799527,24
660081,982703,48
302427,896772,99
55847,622421,36
32266,306500,27
354329,218709,91
844268,623556,17
110067,896549,8
311477,998439,94
777968,323884,70
524934,575194,58
288533,377064,84
330622,774344,4
412543,623551,56
27428,989044,60
874880,111696,32
288709,333835,84
780831,442648,42
597783,954776,41
932186,256872,64
249454,576636,15
526023,884703,41
208533,826548,26
802852,546649,47
546427,809578,86
593412,475828,89
255989,415909,84
192172,846313,26
988814,13216,1
130884,777447,37
561692,368849,44
257808,984385,40
562773,537507,58
892235,804885,24
708579,97841,18
417643,328954,11
746253,287209,70
130704,746279,37
713269,916352,48
144414,167801,96
231990,63558,34
229663,948312,40
280595,976225,40
417908,788474,81
898702,489033,13
186425,247527,96
190353,267984,77
12138,14921,55
786947,231826,38
314382,819284,99
711179,790105,80
295972,405567,84
379092,410743,31
361258,678175,21
89265,281920,79
239890,832301,26
492917,470334,68
916532,164813,32
20227,971563,60
74371,958528,60
991254,21153,1
520947,562627,58
79033,321459,63
771840,318588,70
523854,425319,87
344797,9338,49
945133,855381,30
389183,6560,49
265074,111050,34
424769,99358,23
920986,21523,52
740187,329050,70
359526,566092,76
322584,673922,21
622218,630308,14
592288,588483,5
638014,114277,18
663402,803335,80
660286,429084,95
625125,478427,89
934690,339251,50
804762,638473,65
826726,787501,72
534460,680889,5
706589,641537,14
313208,96739,19
906605,310909,35
459723,574082,56
602035,413347,87
128374,583909,36
775179,444621,42
749282,188514,38
359523,508482,76
72925,663146,90
498597,930673,46
833717,293063,35
514833,813434,69
388995,844543,57
236371,693171,45
139819,947332,16
811567,8635,51
138413,315868,79
801015,673243,65
200525,223821,96
763551,7056,51
590476,143178,98
409123,139643,23
995757,702449,28
62265,496860,33
742088,285157,70
643041,592123,89
811695,162319,38
101568,55246,55
520268,159936,66
46296,102444,55
792933,829903,72
185660,395368,71
964638,676483,28
652849,435565,95
550568,397819,87
152064,754179,37
490488,635032,56
987000,521830,85
407496,798676,81
362071,334469,7
428098,53461,83
524284,646999,5
128815,997524,16
391913,897729,57
131898,814592,37
857323,38682,51
143491,655835,0
625899,492098,89
705739,357787,2
326824,935308,94
723834,481253,42
427939,385921,11
184573,128983,34
817850,612324,17
342845,210738,91
881800,427627,13
130671,190591,96
267235,427266,62
67747,628410,36
691842,801718,80
477036,544904,58
215598,561719,15
816658,586970,47
209710,606022,15
413297,298958,7
603735,989949,41
79590,675763,90
550824,712230,20
462383,277724,82
714113,98931,18
741811,619232,3
444505,811136,69
776045,990718,92
13863,995951,60
953366,228704,64
835594,833887,29
140233,909858,39
984806,637788,28
303375,836684,99
148193,692898,0
545404,609567,5
996409,659240,28
861061,858248,29
588379,893258,41
553,302109,27
553475,261748,43
200798,827698,26
130502,349047,63
447881,536121,68
588399,229221,43
523185,171775,66
27688,360948,88
461790,311938,82
756203,505861,42
9825,129801,73
575003,78633,59
600173,119382,98
467887,790558,69
921829,195578,25
92933,926286,16
102048,130149,6
422412,484742,68
71809,896248,8
247182,394950,84
930477,537869,85
968182,245945,64
611228,917209,41
533037,760546,20
504739,158097,66
140300,33192,61
866613,180893,25
274111,983804,40
798125,100753,54
355945,381289,31
337149,479427,76
731777,976307,48
792547,348660,97
928703,715504,28
489538,676932,56
200834,424584,93
991452,344550,50
858842,562249,47
729703,133921,18
819681,391462,97
316090,530390,76
270822,715025,45
432784,810919,69
124769,8727,61
684872,656654,14
390260,104710,23
875568,683202,17
591536,959650,41
843084,720645,65
885627,737099,24
424288,13200,49
867503,136263,32
175784,415960,93
41967,350887,88
370304,703190,21
530290,584858,58
713165,178672,9
940850,873719,30
601849,286603,43
940481,679218,28
626374,474533,89
488915,205711,66
401028,84201,23
175296,214159,96
386127,641387,21
791552,621400,65
871793,238403,25
855829,924247,92
826691,201572,38
826413,532837,47
405812,489540,68
714764,54502,74
20711,106190,73
741376,307548,70
975924,361745,50
852747,125140,32
240505,174832,22
416873,392404,11
148569,3519,61
147042,337802,71
439983,800248,69
783854,249551,38
217802,605584,15
53951,765247,67
517932,887348,69
661536,440960,95
227993,889612,39
710972,310963,70
356093,860033,57
590797,530256,89
25609,417438,88
889163,178373,25
925235,435272,13
619462,304408,43
195946,276109,77
566582,553216,58
914974,981726,78
876146,388581,97
892621,296835,35
909231,445786,13
326123,154086,22
734435,655225,14
376752,77031,23
666373,739124,80
466795,429505,68
693956,329443,2
950934,348955,50
902963,108279,32
853403,151829,32
803287,847353,29
467492,144703,66
30574,868973,8
829608,233431,38
281467,629755,15
301707,790169,4
382906,505122,76
601844,199714,98
607957,948931,41
692609,692664,14
604029,916382,41
644941,535503,89
214766,574095,15
825564,264114,35
971981,90327,1
140247,137941,6
390566,243692,91
744170,272283,70
275760,714148,45
699847,344722,2
751476,60285,74
212392,681330,45
123396,925688,16
53287,608609,36
901716,144058,32
184126,621452,15
747658,895350,48
158646,377811,71
873764,362032,97
683503,641032,14
825182,840911,29
199260,979533,40
14526,140223,73
739877,115585,18
645795,881160,48
665054,573625,3
930878,282618,64
970928,401402,50
377619,656876,21
121896,716710,0
760007,442054,42
608636,356569,2
857229,454242,13
449819,113962,23
365341,297652,7
637426,222279,9
843758,57242,51
81743,869167,8
102831,282566,79
95369,874429,8
543409,90667,59
852745,95658,32
737657,809584,72
681826,458221,95
329314,786449,4
863653,428241,13
451844,147923,66
142381,3093,61
984662,215605,53
673323,545517,3
518864,560591,58
866827,771295,24
155186,214598,96
756696,800286,72
415388,428290,31
278066,460679,62
640640,238870,9
689148,517946,3
126412,614812,36
161132,154923,96
797646,38277,51
335809,957734,94
648046,719996,14
984715,118110,53
84900,928852,60
217477,147341,34
364358,768258,4
118876,958933,16
802684,725854,65
433749,28142,83
995563,442586,50
548134,501244,58
413189,477128,68
105874,427443,75
43231,585471,36
12472,619423,90
654726,981077,48
967103,101831,1
479304,674999,56
714045,958269,48
635340,165944,98
22378,117352,73
350474,426084,31
196838,261986,77
202554,334918,71
977030,958552,78
393412,90396,23
300428,299656,10
323528,539249,76
159444,782065,37
169668,619777,0
599049,219616,98
99443,343280,63
515300,650995,5
276175,682348,45
237983,787733,26
437784,837347,69
304980,808332,4
645195,801329,80
938495,299800,64
749170,309003,70
428162,134752,23
785094,78314,54
231041,119045,34
793097,581905,47
81180,406022,75
27826,685708,90
709456,828054,80
108689,751596,37
84450,356691,63
908231,641616,17
647369,343484,2
945879,398898,50
290685,546575,76
297761,481631,62
786677,681881,65
374329,353567,7
411834,696195,81
964449,500440,85
908429,972949,78
364581,526903,76
667783,437339,95
363141,322690,7
458820,393258,11
491298,258674,82
550181,907967,41
203540,908460,39
500243,591520,58
679881,761771,80
97192,519361,33
