x,y,cluster_id
242578,13469,50
383138,414652,56
67768,993126,46
484308,765337,30
31833,30935,47
932640,887879,85
591329,478778,64
833354,186335,87
735652,115053,91
698658,355604,0
638300,908210,80
294000,264971,58
377493,541620,21
9281,999465,46
12901,842497,3
852470,467010,66
53607,976747,46
196754,856972,29
144213,800662,29
729397,985790,49
183405,499760,93
469862,970991,1
450770,95791,62
974081,390235,90
680670,26669,13
231241,468739,38
97960,415410,86
796294,316402,8
778534,828493,74
487140,369048,37
602845,24264,59
811111,355792,8
806109,274877,67
859817,951019,39
777276,680837,70
835185,961129,39
705424,73751,13
536857,957185,65
418065,418776,56
381617,836927,48
240062,726211,28
431612,116690,62
223913,309587,17
244801,377033,17
807539,314736,8
775229,283334,67
996348,632867,73
600910,509480,64
834128,199442,87
35980,730005,7
197911,293197,52
770346,214750,67
309220,60662,50
557590,416916,2
115944,685545,44
959950,893088,85
136133,997800,31
27973,148064,63
522975,641339,10
989146,578132,92
680530,674978,19
362046,914709,35
530369,917610,65
283108,208988,83
471815,806578,14
161689,514298,93
813117,64168,32
479624,43309,20
902915,294501,76
685730,66033,13
821219,242774,76
310257,492554,21
356179,307990,58
396981,70916,62
886516,684032,12
528226,902819,65
686503,63316,13
152140,23765,72
418942,174793,9
752751,490316,89
747743,329274,0
117577,118127,63
374985,376969,43
728744,14480,13
382012,490499,34
827576,79664,32
923967,118042,27
938251,195973,27
726117,857863,74
103637,838910,3
565110,810400,25
406969,934977,1
160874,816054,29
431739,248100,9
830522,596218,82
645779,608168,36
495466,304382,88
755627,828610,74
455550,438144,37
897430,118944,27
98993,780745,7
997533,539816,92
698849,561277,77
384785,92576,15
929386,192648,27
841254,969376,39
318446,127999,15
288386,909935,35
279052,41813,50
755507,809000,74
866244,973541,39
313587,467795,38
243042,823442,28
599615,743697,24
327666,83176,15
951140,823081,85
527120,310801,96
646964,528517,36
786098,952490,60
515310,819254,14
207082,441170,93
757169,750570,70
841330,249551,76
217528,1761,72
607765,712493,19
871078,223776,76
14974,680695,16
452619,175360,33
288399,131390,42
272306,650010,51
719640,990750,49
535380,148002,33
469616,838895,14
313226,398227,38
5279,739131,7
580105,833601,25
347811,666053,4
354997,440055,56
14917,711650,16
706767,635577,11
146365,957588,31
183773,679719,44
48126,868372,3
730391,687771,70
373259,371670,43
663645,885499,80
586741,364693,2
406085,74556,62
75646,387667,98
531298,530090,41
229012,19601,72
439383,726733,54
208291,749221,28
166750,575130,45
211249,463602,93
769233,500985,18
67848,329471,40
430095,618497,53
83209,503956,94
994746,709053,6
62870,660778,16
710643,782564,74
561766,616936,10
851959,876326,5
416611,994392,1
751597,103922,91
622708,854272,80
763144,172256,78
113940,992884,31
414314,380142,43
62500,450930,94
789565,228458,67
697292,386877,61
247648,231501,83
849283,902588,5
803927,613533,12
663457,738469,24
452902,931007,1
436138,171789,33
273068,465220,38
955457,369525,90
607397,533230,36
999677,575269,92
555215,505000,41
540809,380896,2
724384,729940,70
104473,885740,3
639572,287519,26
332946,834822,35
860169,869593,5
256492,871667,35
117700,192914,63
305697,859094,35
796018,674653,12
900226,112347,27
221747,915444,31
880066,285789,76
257319,771158,28
861762,644236,12
684291,882927,80
369671,66247,62
417820,301777,43
980466,702029,6
7364,783108,7
703318,672688,11
870522,869668,5
524434,177186,33
980344,642136,73
393063,217912,9
447246,868568,14
31640,773725,7
9819,42467,47
744825,278843,67
523351,969780,65
102327,819686,29
470454,926986,1
854907,426604,66
934752,387852,90
632230,906357,80
147351,540271,45
343122,859703,35
37949,811880,7
271485,855588,35
870383,540877,82
534808,524330,41
423039,21274,62
554457,763045,30
498689,467937,37
617602,46054,59
32396,486973,94
571333,395104,2
522923,772502,30
453133,808894,48
94785,52884,47
826935,303685,76
42690,506413,94
285958,109358,42
982686,19644,57
173411,524345,93
675854,86444,91
873180,538256,82
478759,506532,34
299840,413003,38
344194,871591,35
838942,102171,87
196498,555389,45
424329,714240,54
233338,727393,28
302701,508484,21
92123,325340,40
998452,999447,71
711751,399947,61
915277,68584,79
703078,646216,11
966967,821532,85
497813,752719,30
952957,363209,90
467852,199519,33
319607,637251,4
293620,877284,35
523256,367777,2
237859,699470,51
999000,202858,69
442180,722977,54
79262,168652,63
539282,715609,30
251904,750679,28
674102,637241,19
116274,231005,52
506655,355788,2
732259,84308,13
967997,128374,27
585623,581955,36
922186,193661,27
864539,311585,76
811253,744298,95
429059,196341,9
917628,585903,82
274474,86126,42
521532,393337,2
826258,922274,39
661199,778269,24
376760,214791,9
994520,904005,85
626417,198418,55
813554,408777,8
327680,324291,58
367317,511847,21
620384,803852,24
341576,879053,35
250295,716161,51
534048,751257,30
386673,821553,48
854750,796623,68
844887,19776,79
383249,271130,58
883418,620394,12
964801,416189,90
902504,390258,90
74399,429715,94
223790,239575,83
552139,814155,25
516846,642578,10
822119,358702,8
709654,167894,78
807477,278000,67
359047,513118,21
989323,555229,92
734375,650304,11
661679,842450,80
72134,360306,98
669352,806694,80
106581,312340,40
513709,915202,65
801957,495907,18
725267,570966,77
239062,924139,75
4986,808315,7
353592,834880,48
839796,454535,66
374671,108680,15
592807,314266,26
880309,355704,8
327136,184438,15
855266,459639,66
154120,306519,52
672925,858988,80
25724,353126,98
998767,287106,69
403714,223334,9
576057,802292,25
127505,976868,31
225842,738540,28
646862,809815,24
561670,1315,20
111739,2849,72
893928,255271,76
349886,542663,21
542610,659326,10
304556,687893,4
434005,323590,43
589821,134435,81
462490,70127,62
629891,585425,36
253674,504712,23
696317,16186,13
52367,132880,63
315584,25240,50
210313,743236,28
574919,671006,10
608211,212948,55
31110,873539,3
579454,892040,25
521551,712622,30
41863,596998,97
751981,550487,77
35726,446954,94
959509,480178,92
357800,549171,21
923869,471037,66
731501,345154,0
16405,722120,7
675589,628740,11
237498,636867,51
829868,607283,12
621287,975722,65
973083,621237,73
132736,906385,31
616378,468377,64
14476,303459,40
245720,816957,28
608290,539205,36
424689,751438,54
430810,628092,53
345266,893285,35
456783,165931,33
810127,812538,74
334136,834506,35
549359,88853,81
352562,523797,21
458504,87214,62
817071,518386,18
520241,704018,30
443985,70005,62
588148,7255,59
937220,858295,85
379421,943657,1
52889,905543,3
469229,342547,88
188338,400091,86
335425,498812,21
536861,26511,20
579792,570720,36
104485,89116,47
780534,447421,89
815274,324253,8
733585,370990,0
235025,68069,42
47294,877899,3
859542,324578,8
186882,928701,31
689450,600241,11
266814,354545,17
842451,76321,79
733023,918199,60
184514,137053,42
455505,682579,53
107825,225534,52
556607,898878,65
458725,805522,14
420218,606961,53
197918,418513,93
953410,967169,71
215132,729668,28
532081,695311,30
97791,579595,97
262600,528353,23
31083,414922,98
596607,175765,55
82470,85277,47
252503,829532,28
958437,460401,66
966716,608715,73
679522,741861,24
466695,750819,54
22240,788280,7
625487,571436,36
128128,461503,93
481417,186445,33
589343,103250,81
330431,556650,21
624015,829410,80
905440,730891,6
89809,423409,94
243339,806022,28
817059,316019,8
347653,17202,50
127524,307548,52
960467,574613,92
532236,291130,96
25211,730439,7
503756,634589,10
538167,985049,65
730439,490467,77
283424,520330,23
197125,91670,42
697768,401666,61
808041,751828,95
983132,511241,92
432666,828883,48
48384,205276,63
80313,821012,3
757363,8609,13
707157,189128,78
680946,675023,19
127441,915777,31
464064,524562,34
320625,760533,84
294147,739293,84
312291,675442,4
165789,427107,93
397577,92002,62
290437,384309,38
82044,925550,46
721616,213077,78
186101,803504,29
504920,205865,33
980372,124577,27
776937,996788,39
17328,239384,40
332762,745003,84
267561,910812,75
19009,497406,94
906774,166610,27
230936,355255,17
779472,588468,18
394199,317563,43
290800,475775,38
362539,193552,9
44196,805903,7
813759,851464,5
564542,260234,96
763298,762542,70
44144,930766,46
389826,819942,48
765440,760514,70
966042,280601,69
70368,685962,16
964895,1139,57
146132,46477,72
147215,254032,52
524450,432983,37
161411,846487,29
913975,182299,27
909292,474804,66
46046,897454,3
512430,424367,37
349529,550215,21
478212,309860,88
823446,666155,12
77972,484115,94
526598,538193,41
414083,500447,34
18624,25006,47
287518,320761,17
30486,382682,98
751338,737903,70
952214,869233,85
200549,641193,51
542255,683283,10
943362,87182,57
283571,981982,75
172243,900475,31
299713,279151,58
697794,836100,80
339123,647658,4
193305,887822,31
638140,228485,22
149953,269467,52
948273,637831,73
40760,64007,47
770440,791028,74
808978,506184,18
446060,935134,1
809826,753518,95
387116,265002,9
893533,617219,82
601806,554563,36
553467,135407,81
786284,90982,32
141422,887534,31
789736,94881,32
675275,347341,26
775765,297738,67
89194,87366,47
364210,280764,58
805982,141354,87
738005,650951,11
540762,602548,10
28278,269437,40
431553,118445,62
710573,606347,11
879124,448669,66
782282,820982,74
259457,706066,51
852164,326385,8
562070,710548,30
196002,221354,52
306021,297215,58
301958,10359,50
109793,296194,40
136531,678842,44
313124,676199,4
877292,655694,12
250228,591121,23
977002,486192,92
430209,531175,34
471716,133042,33
41837,161437,63
279457,847490,35
779934,351890,0
223913,306152,17
499712,666297,10
460131,429919,37
652146,630747,19
974738,421745,90
270729,152068,42
810341,405655,8
858824,260347,76
659526,658617,19
390842,895279,48
965477,784319,6
64369,856170,3
654323,218280,22
638217,520501,36
65709,374082,98
205302,517220,93
918035,424475,66
152224,438185,93
585705,946647,65
297843,849297,35
146692,467539,93
943533,961072,71
748604,789923,74
252586,226657,83
426687,344493,43
895017,552102,82
178670,911525,31
1627,348707,98
724558,661643,11
239147,350197,17
768439,165283,78
911430,418744,66
831055,548144,18
672461,65380,59
854762,994810,39
776296,213350,67
780540,535883,18
586894,931210,65
856026,239074,76
130708,813366,29
255189,965174,75
693344,48560,13
150135,330008,86
458016,877102,14
468099,356033,88
855049,823421,5
250833,762169,28
776482,340047,0
179205,906942,31
983798,704694,6
802638,939609,39
16014,161869,63
544660,113148,81
689317,352054,0
984868,680902,73
922855,425236,66
955076,975835,71
863676,810105,68
443603,642803,53
599618,782140,24
441281,616519,53
840588,775751,95
54643,393956,98
230453,232462,83
997603,714695,6
888529,521034,82
25289,44722,47
644519,436345,61
654821,587228,36
546599,692868,10
35328,765762,7
175141,595542,45
289130,412239,38
502562,564201,99
536599,627309,10
189077,819114,29
865331,624967,12
821899,668647,12
957923,814533,85
856777,853233,5
292285,447019,38
63966,92841,47
380868,255788,9
36412,991412,46
667741,733999,24
325196,583595,21
488764,667166,53
67141,453105,94
335806,898567,35
222368,343760,17
589718,397795,2
753452,271553,67
218,666513,16
86064,492552,94
331103,860917,35
437529,555893,34
900287,138799,27
797276,820266,74
220819,307277,17
411484,813708,48
5974,405751,98
461672,330896,88
385117,664285,4
653832,955598,49
749923,957199,60
647581,895951,80
263295,210696,83
172066,923309,31
62027,503377,94
270310,113454,42
826725,781561,95
697279,176449,78
591138,271203,96
123186,389876,86
648284,724937,24
27815,496005,94
365009,710649,4
888142,6528,79
732732,42238,13
906359,176035,27
626265,636628,19
812437,629874,12
297298,690003,4
894775,491711,66
190341,69922,72
185334,911032,31
728059,491349,77
114253,261181,52
681789,835962,80
22854,118492,47
508964,170729,33
444857,724577,54
966472,504457,92
421891,732427,54
916412,152779,27
759500,932912,60
463855,26065,62
87796,603038,97
264076,325429,17
490573,73370,20
133243,423548,86
587391,294335,96
900293,241081,76
864629,826222,5
319393,42303,50
989090,639798,73
88958,130479,63
963129,319547,90
637683,550394,36
476744,645707,53
401749,208499,9
255176,755091,28
824497,334896,8
604644,259054,96
936577,58469,57
702505,2611,13
893644,477155,66
557158,159383,55
757319,269378,67
436915,244025,9
341386,678381,4
556456,363597,2
976096,261845,69
837832,455306,66
340140,738492,84
838163,10166,32
863728,683183,12
273097,950126,75
773734,164077,87
652271,725725,24
272943,365600,17
655343,351713,26
243255,402613,38
723965,680854,11
123297,261724,52
804150,361057,8
297167,501711,21
271521,465598,38
320205,686505,4
102040,1116,72
758899,819795,74
307084,162805,15
267077,770362,28
487890,978026,1
686407,447194,61
993502,791547,85
542651,338569,2
337652,918201,35
220304,659358,51
838643,89632,79
452402,525893,34
691637,347229,0
881189,156135,27
175218,898030,31
202446,516774,93
433467,286153,88
381265,933473,1
891852,364863,8
261152,191209,83
652788,414443,61
552273,60222,20
152052,547179,45
447529,629865,53
149661,361168,86
155977,515622,93
69174,623831,16
735693,807013,74
480659,444560,37
731063,990739,49
351500,667669,4
522571,854045,14
946983,952144,71
692021,812608,80
511050,224011,96
966500,978391,71
824190,168318,87
933801,405607,90
51988,766692,7
795650,499217,18
350803,954842,75
41902,262928,40
39298,496141,94
658151,545651,36
758756,412482,89
598829,521751,36
72999,895807,3
831767,524524,18
688145,665722,19
805639,387532,8
260766,707758,51
302174,653878,4
737836,820310,74
953547,269616,69
448563,15009,62
273042,21652,50
919776,682284,73
152520,417282,86
268832,274600,83
218522,701903,51
886238,17152,79
282081,937983,75
695537,894112,80
351414,225027,9
30544,369400,98
509515,434505,37
726246,31457,13
698925,838227,80
90299,656945,16
284910,495104,38
222096,768958,28
885650,129575,27
781288,108898,87
254319,347684,17
541060,609374,10
749789,707047,70
349649,565372,21
222516,835035,28
435364,172746,33
346145,673032,4
650491,814657,80
945008,765865,6
904353,475219,66
18253,782937,7
825366,939543,39
903418,749907,68
692057,410394,61
498846,114126,33
122227,272752,52
145801,483149,93
299740,744382,84
830073,38872,32
337565,463319,56
3177,407989,98
72370,324033,40
34459,166962,63
135095,541866,45
145298,37440,72
268732,595015,23
419959,266128,9
816027,971400,39
326940,881076,35
254108,809641,28
647788,378185,26
160600,220332,52
127164,246854,52
886556,346737,8
621975,539081,36
345074,661911,4
740201,573687,77
967708,277254,69
808407,912229,60
848464,150921,87
545608,35536,20
268556,622215,51
580360,118124,81
315317,532872,21
993768,265875,69
564594,145663,81
159422,415063,86
968169,19403,57
118412,165552,63
446318,280092,88
512132,404636,37
722206,119429,91
246048,329758,17
247805,860895,35
73814,600265,97
654149,291218,26
505451,130000,33
916369,427290,66
469615,830755,14
513926,568692,99
9142,661204,16
862551,907201,5
328505,197791,9
274385,597895,23
821890,507690,18
751772,35476,13
258163,962228,75
177659,927442,31
532199,682958,10
486770,152062,33
719304,358104,0
657716,242012,22
511020,725362,30
167867,340893,86
389685,436554,56
168204,4930,72
865417,75490,79
772478,47852,32
256073,828780,28
314452,8313,50
721180,884284,60
175914,600878,45
972434,711106,6
562233,463928,64
242174,218545,83
91632,73475,47
895381,682700,12
148105,206138,52
574866,777720,25
148148,932684,31
622352,886595,80
15845,313634,40
260497,179452,83
64106,436877,94
606106,827812,25
44174,442853,94
38842,831778,3
702222,253625,22
684563,456885,61
867658,729092,95
855769,925571,39
78773,940038,46
234979,302275,17
337800,408333,56
861433,115931,87
468418,707094,54
134634,805523,29
436332,443267,37
989277,779134,6
921152,804133,68
79997,512120,94
203381,227984,52
728568,57905,13
220248,712328,51
108589,67620,47
493188,26330,20
535295,713444,30
856125,894547,5
661345,229144,22
224344,555068,23
35232,161004,63
9371,502253,94
372830,154043,15
16201,300869,40
720729,295774,0
84228,635636,16
135320,335573,86
983496,627689,73
581780,989074,65
382185,391124,56
625693,35387,59
753161,377106,0
29806,965724,46
925212,50386,57
854117,145873,87
699758,848907,80
591717,993080,65
705928,543080,77
548909,523414,41
34276,83044,47
721979,309497,0
730015,369676,0
153033,40352,72
209195,951779,31
557925,45782,20
460857,634163,53
390532,680045,4
524206,332584,2
751909,350477,0
478207,238507,88
593432,812433,25
564719,245211,96
275696,632427,51
204459,355115,17
423492,636566,53
768454,409700,89
836554,972956,39
474675,868969,14
767850,268745,67
799870,421564,89
235436,983230,75
153839,583642,45
273905,538073,23
393064,234339,9
545063,884139,25
738266,52157,13
605151,789116,24
681866,121999,91
443740,940641,1
357292,15947,50
37314,142958,63
695613,169161,78
93245,177303,63
934087,209417,27
683274,802244,80
329324,964006,75
61453,846185,3
847387,38238,79
669441,304301,26
388493,413164,56
51053,57149,47
518097,671399,10
204299,655409,51
463472,580675,99
405447,351155,43
865230,932593,39
90591,573776,97
453396,227115,9
122325,925423,31
585910,392221,2
72148,603604,97
784572,309345,67
163232,447450,93
297934,391186,38
669410,783276,24
523323,500049,41
335821,143853,15
748186,770163,70
143503,855783,29
153310,696870,44
299309,495168,21
296116,831163,35
359620,145829,15
962045,96997,57
234047,631645,51
66130,450176,94
123385,735202,44
555062,930672,65
816155,122266,87
936490,602538,73
859314,500129,66
668252,320747,26
798684,496473,18
232905,438296,38
452176,736052,54
833106,26009,32
141307,949091,31
378831,13075,62
751950,25212,13
745536,240149,67
197255,274272,52
693050,102709,91
239531,813463,28
883097,219721,76
867177,651950,12
333819,497642,21
879322,774805,68
158403,282467,52
437674,987061,1
535721,864875,25
956956,569361,92
264541,152769,42
589402,90625,81
137783,724098,44
924659,744082,6
796387,879672,60
662489,457969,61
99091,428118,94
386559,904085,1
965117,737080,6
103915,513843,97
163639,293112,52
348921,321667,58
270602,23702,50
371931,49495,62
872748,275667,76
146722,969327,31
488819,596305,99
101812,161350,63
820818,492225,18
838009,433553,66
730040,787800,74
559365,254691,96
592493,41438,59
452454,404403,37
808356,44645,32
358498,278535,58
343883,656200,4
766914,538329,18
711036,394351,61
869030,793574,68
611259,433397,64
107854,709571,44
774190,821240,74
593434,860854,25
389015,175340,9
944062,863325,85
904945,420155,66
559495,443429,64
713401,137053,91
465648,155552,33
372323,636105,4
22946,669984,16
428548,614195,53
788360,968954,39
216611,582131,23
884498,772624,68
501411,221118,33
341683,672160,4
4474,207135,63
324423,585788,21
344812,260619,58
228897,75460,42
268969,564252,23
387670,572543,21
734233,269060,67
105796,122725,63
641645,133418,91
366279,58809,62
406691,267197,9
787883,956607,39
696008,810665,80
849490,387349,8
187938,683689,44
762548,145832,78
1247,969778,46
61106,10156,47
697222,216741,22
769867,168569,78
150759,807388,29
778061,878874,60
241909,774239,28
648644,768397,24
455517,880961,14
327679,309241,58
420151,482812,34
636180,292454,26
283061,412256,38
793444,429173,89
119609,276762,52
548990,875193,25
372582,989898,1
231415,399510,38
579637,962833,65
345796,794865,84
300875,814105,84
673124,211328,22
790360,581230,18
737625,272812,67
162626,267198,52
810016,945471,39
547859,873238,25
515237,603928,99
230113,513108,23
812783,457341,89
545122,879278,25
31104,780084,7
886726,208887,76
780325,939040,60
450219,837236,14
428397,72104,62
867855,48646,79
608610,922980,65
532228,163787,33
773860,276242,67
807459,978869,39
853246,522099,82
922630,658647,73
895314,558027,82
773335,454523,89
174958,527402,93
56195,480200,94
725944,955187,49
842620,914593,39
569582,966320,65
948107,839537,85
99223,647872,16
791721,463593,89
608784,844791,25
403138,543117,34
168961,736218,44
621532,98395,81
739130,569993,77
886779,105735,79
90082,19726,47
544786,233272,96
618436,55810,59
12355,661680,16
871635,576546,82
12552,975694,46
495722,605387,99
741714,238,13
11499,271766,40
575154,628918,10
240742,158462,42
282576,257007,83
524368,60129,20
591842,94499,81
259734,350116,17
402581,190496,9
670601,797720,24
292782,790946,84
446040,594992,53
46015,390610,98
993732,668097,73
708336,11153,13
462346,653469,53
865517,751617,95
431338,506075,34
602926,391413,2
489633,271500,88
104404,719744,44
745281,939802,60
260342,573491,23
663712,21535,59
954379,255236,69
765984,902903,60
96337,148934,63
139275,799879,29
576323,263659,96
322871,501548,21
522994,972856,65
798314,263975,67
641468,162387,55
254220,677608,51
560911,234065,96
939487,973489,71
429920,667674,53
601719,95697,81
383606,280928,58
567093,146859,81
273254,582893,23
691052,527648,77
180700,26089,72
486346,33361,20
709503,624747,11
129371,350974,86
833279,930390,39
77562,595368,97
360088,413,50
943914,376378,90
799696,494948,18
600324,662232,19
147557,4582,72
18892,533151,97
684244,98451,91
679476,966777,49
621846,377735,26
606424,184923,55
2469,507869,94
760893,341951,0
170468,58201,72
188936,450198,93
481465,983623,1
765368,550158,18
515568,161918,33
368816,699929,4
707770,504196,77
38803,178018,63
956165,274246,69
263093,811242,28
549946,951166,65
249375,258902,83
377096,861000,48
827171,274018,76
425691,597573,53
415183,994431,1
415829,847539,48
602008,949619,65
251351,457359,38
837562,920270,39
979574,700914,6
267319,837844,35
649455,398050,61
39719,571985,97
367024,584263,21
718978,870128,80
256065,700404,51
700113,814213,80
483066,903289,14
588381,928039,65
554483,212161,96
794661,879351,60
255422,893973,35
5303,142275,63
223110,819353,28
874756,39219,79
161644,755281,44
15347,948811,46
672529,211090,22
803106,813531,74
27758,542002,97
434785,444295,37
271661,811357,28
483756,491700,34
12831,661349,16
301021,267390,58
34347,278044,40
95313,930538,46
560008,66389,20
812235,235757,67
383949,40690,62
881513,594492,82
627292,901896,80
171516,683638,44
917026,460890,66
180264,702775,44
552612,754461,30
232109,67054,42
982663,621556,73
503817,659632,10
436894,880913,14
514167,613852,10
24935,94850,47
145688,579831,45
230428,819261,28
328540,776104,84
996164,541967,92
856088,277164,76
302927,303302,58
608687,211545,55
439819,46454,62
766181,205278,78
123733,592661,45
855691,599541,82
499790,974694,65
684477,16473,13
863901,591963,82
133589,246594,52
516366,566603,99
899298,515966,82
849073,384979,8
355820,267841,58
609764,307010,26
932852,445981,66
615953,326408,26
942830,155479,27
150533,8922,72
964888,880589,85
69581,457699,94
559233,40274,20
896103,804760,68
608177,643948,19
839299,99800,87
338913,115578,15
531827,427889,37
540352,710404,30
774367,798947,74
907227,773395,68
463358,658925,53
564644,975500,65
242637,2980,50
100307,862353,3
579898,353254,2
151113,757299,44
934581,513414,92
959552,206042,69
961499,920383,71
889004,501238,66
320196,545130,21
3435,746576,7
702916,912419,49
28342,348857,98
254831,960087,75
195418,396498,86
949062,889182,85
482897,60572,20
38358,696095,16
277616,897886,35
782126,192715,87
976367,815555,85
47561,367183,98
250198,93442,42
489054,543753,99
868320,862548,5
857057,565897,82
34491,702990,16
158204,950383,31
92834,265531,40
783404,680779,70
864418,276963,76
932470,28687,57
154262,697631,44
97959,397025,86
814029,399500,8
409374,358252,43
152011,861245,29
949625,357007,90
217499,509412,93
697051,337279,0
649929,369638,26
511522,150934,33
752145,317765,0
693008,399197,61
307755,451051,38
822738,772750,95
625918,811399,24
184419,543721,45
334906,773060,84
820718,807505,74
750658,320686,0
785342,246740,67
966998,336515,90
815811,338525,8
590288,980198,65
201272,782310,28
296841,20052,50
20866,697485,16
639954,718517,24
117304,528517,97
801422,503480,18
990531,856212,85
365333,163257,15
870528,967686,39
903693,378242,90
114596,19018,72
637913,404685,61
548960,376755,2
125468,753744,44
180463,52461,72
725937,832360,74
488572,444666,37
514411,717296,30
602637,521330,36
996356,770079,6
721412,781988,74
888241,674649,12
828435,516216,18
54127,717784,7
806198,773172,95
717055,545110,77
675831,706302,19
819734,276546,76
924551,936277,71
14241,361904,98
527166,86567,20
935600,639263,73
104474,906597,3
187777,975702,31
635548,659510,19
386401,243495,9
430963,196589,9
74268,225950,40
550329,381741,2
930692,149910,27
551242,725455,30
737414,718154,70
14629,885911,3
506598,393911,37
475021,678999,53
949483,969361,71
63705,704533,16
90754,306791,40
238242,139257,42
500294,441330,37
447531,654471,53
704467,984301,49
151992,535817,45
476856,532104,99
86363,514913,97
155124,175092,63
776137,545787,18
46215,751050,7
899979,947709,71
150080,410950,86
844016,388512,8
724458,966576,49
258840,327095,17
488267,305935,88
855019,307585,76
595217,815383,25
146287,651429,44
579234,196287,55
10309,278585,40
193866,317682,17
282931,235907,83
896855,456782,66
149574,896150,31
597415,755360,24
350980,924660,35
765605,525304,18
794308,950352,39
567872,236853,96
800813,264530,67
969201,370581,90
367793,498939,21
668545,236943,22
312609,24453,50
982474,440615,90
416742,188084,9
135925,497706,93
961435,847083,85
928276,542958,92
499754,378958,37
159582,94952,72
874509,882619,5
179285,257453,52
12982,203487,63
10752,721330,7
394248,133799,15
761338,821643,74
360747,87044,15
954615,230061,69
651675,711518,19
490738,842402,14
254990,631384,51
673267,605070,11
412090,2655,62
632375,328978,26
143520,145335,63
656858,826975,80
978240,284650,69
129133,340829,86
317550,74956,50
795116,523358,18
81564,856555,3
130503,370288,86
441438,248965,88
364857,159503,15
778416,850863,74
466530,971393,1
218310,136577,42
452236,745810,54
838533,224679,76
181327,578062,45
493051,709459,30
877720,847493,5
822971,678187,12
297579,423227,38
186750,722863,44
158476,506997,93
103082,506982,94
852662,692375,12
749167,264103,67
795872,227019,67
509287,592673,99
62189,224082,40
146216,458424,93
748036,254604,67
136100,437518,93
369257,118654,15
218680,367580,17
919956,701102,6
434314,524580,34
632318,384484,26
31709,939447,46
300288,943997,75
764675,893321,60
56236,171276,63
644175,660743,19
107918,794424,29
884694,52976,79
381471,391468,56
416627,264816,9
776791,534620,18
360716,560627,21
459909,704880,54
926502,721595,6
857947,527426,82
456404,796534,48
359700,488333,21
428072,611545,53
243076,392482,38
449116,295463,88
861457,523474,82
35660,343037,98
422954,593877,53
298042,197567,83
511678,780876,30
184322,907815,31
648739,370588,26
476892,135705,33
806736,819782,74
87898,315510,40
784424,814768,74
808639,807053,74
154885,161933,63
618360,782304,24
183469,563653,45
322168,691674,4
973753,875743,85
628993,494229,64
513687,542189,41
579436,590646,36
1329,351664,98
425282,730685,54
633715,862316,80
955479,742365,6
936087,815174,85
633311,73692,59
551892,663472,10
977056,382373,90
559254,385409,2
581022,243863,96
620345,146350,55
720456,720330,70
594062,407779,2
553845,486004,41
282944,451203,38
369869,403591,56
156053,790084,29
945671,905708,71
240476,689488,51
232479,283954,17
419288,976058,1
612061,912972,65
323431,912937,35
738606,751718,70
130905,120610,63
99089,395412,86
690142,229444,22
266216,302794,17
73476,914392,3
187987,513432,93
267309,666485,51
629584,419521,61
895081,633322,12
255640,542391,23
976002,675323,73
155109,922417,31
78647,827960,3
526706,360790,2
802648,112274,87
2696,326488,98
283871,23940,50
366885,250377,58
98251,318207,40
117525,248070,52
319077,733301,84
593578,280697,96
689268,540515,77
437002,698227,54
114725,192087,63
420168,778446,54
344590,527895,21
333144,161882,15
757749,492506,89
555424,19196,20
638441,282668,26
806620,874882,60
158318,859313,29
474740,959667,1
137082,937656,31
199555,929304,31
825561,215035,76
98511,689352,44
945270,154596,27
297508,226904,83
583530,404522,2
816610,772620,95
439778,361037,43
949771,802371,85
462480,903543,14
848070,526143,82
885616,554063,82
150036,671530,44
416868,308881,43
377294,183520,9
432834,645844,53
707546,740104,70
939596,798308,68
175216,871413,29
842428,703073,95
564368,344779,2
701073,934733,49
72950,77787,47
370613,900643,35
117706,301301,40
972525,237201,69
641695,968124,49
265998,633237,51
819211,491369,18
441982,406060,37
654656,810236,80
650921,34420,59
502268,630748,10
981852,989594,71
115967,65038,72
95760,439556,94
622380,348375,26
139959,294460,52
994231,44761,57
312977,210368,83
660995,353646,26
729113,215931,78
163043,280095,52
560459,650478,10
585070,283993,96
83739,402733,98
748310,850522,74
729120,328897,0
779478,687315,70
716464,612782,11
41966,325984,98
817062,367055,8
105570,319508,40
985034,482703,92
793321,352556,8
409054,982992,1
157585,547487,45
617918,359611,26
982900,608371,73
905399,55600,79
483297,773789,30
75356,517709,97
142626,118354,63
184423,606121,45
85691,214293,63
638219,560689,36
512251,407412,37
373729,276984,58
273457,998579,75
122545,625229,45
233725,229815,83
500913,856350,14
674480,993035,49
954025,313159,69
278790,629290,51
487476,17135,20
4565,739554,7
686417,619084,11
957943,151239,27
875498,505404,66
338261,159107,15
126081,46319,72
498717,945760,65
394182,17790,62
998900,525119,92
686535,610058,11
250482,855968,35
258509,761231,28
22548,980160,46
557999,296889,96
828594,189759,87
283321,785083,84
901814,790843,68
707819,315321,0
615167,113610,81
455838,270732,88
193164,515266,93
89202,230667,40
821111,414213,8
689897,109471,91
880706,37874,79
553728,519739,41
255202,192476,83
945325,93932,57
725917,488884,77
689664,193891,78
736071,161548,78
140826,874258,29
660527,488716,64
854288,26314,79
261920,98504,42
562220,245439,96
101742,984765,46
955899,810508,85
211777,338149,17
281804,288377,58
753290,550223,77
601289,873116,25
472743,398130,37
375548,836279,48
350232,364730,43
29361,480928,94
972295,366873,90
48551,1771,47
768158,447923,89
246552,799580,28
546738,30260,20
584984,828868,25
788940,727599,70
763882,569139,18
523443,511583,41
178129,823764,29
5093,605523,16
33573,263042,40
962840,459098,66
67424,199124,63
692065,544420,77
83468,855268,3
505736,911692,14
821867,122202,87
858017,695332,12
445916,511949,34
342937,744871,84
50570,938489,46
188180,757236,28
865898,159981,87
808412,989178,39
127998,262449,52
993705,203015,69
75276,164882,63
178256,960386,31
215869,125298,42
895538,317158,76
477585,780458,30
171723,155807,42
656736,762081,24
311292,887653,35
795626,98444,32
563748,917503,65
485947,318235,88
577285,435434,64
353729,135301,15
4940,38098,47
325248,448307,56
704363,232399,22
944267,306864,69
479426,717079,30
948340,765752,6
3712,391831,98
510152,139749,33
768994,482184,89
71325,774551,7
880603,305922,76
635826,328753,26
356958,401138,56
934269,261498,69
668,232162,40
955871,334649,90
451182,23349,62
436483,974807,1
596843,143468,81
268774,293049,17
275284,704814,51
821293,481305,18
296768,790396,84
198206,256078,52
907177,928476,71
906825,19552,79
613702,490084,64
846799,160303,87
223203,380972,17
4238,235973,40
998417,400464,90
598673,902218,65
586080,260836,96
880712,133559,27
734726,550408,77
711715,804720,74
940338,261410,69
525945,566742,99
245010,890290,35
120636,543869,97
819450,496208,18
775091,961085,60
972313,666060,73
475116,282028,88
45402,73875,47
618326,221168,55
187134,173262,42
25010,346286,98
38012,870850,3
386523,300523,43
902434,210237,27
464392,37261,62
250149,259355,83
980821,662146,73
689160,726988,24
500733,832968,14
706156,367834,0
197512,599976,45
812397,964734,39
295297,60486,50
596013,202505,55
505973,889124,14
509641,547389,99
982911,800290,85
475040,9311,20
501832,291985,88
392523,145788,15
263213,824818,28
723617,844065,74
213967,146511,42
415514,546904,34
820392,332608,8
148652,395572,86
378805,589644,21
162998,510465,93
397449,934304,1
848397,19401,79
75273,129264,63
549782,200565,55
899119,501601,66
412281,217109,9
964259,302515,69
384354,837852,48
792826,38791,32
973617,583752,92
130046,697597,44
529302,992877,65
286924,339565,17
74671,2733,47
937242,229782,69
952073,505880,92
340050,235234,58
585967,362300,2
180989,883290,31
468424,808422,14
154377,627630,45
579590,180689,55
853862,865781,5
182641,654700,44
548920,713517,30
87150,736320,7
333683,225694,58
248651,83404,42
777006,150050,87
899638,217241,76
181602,194039,52
217422,217279,83
808228,898584,60
513149,498741,41
349859,84797,15
187391,481162,93
895888,206203,27
664727,72408,59
967290,256805,69
123998,48087,72
213876,619782,45
681492,838677,80
645907,763770,24
685379,167063,78
844162,843276,5
946322,842699,85
248668,369411,17
693936,990944,49
810059,663165,12
826107,392494,8
649635,425133,61
225417,598504,23
65050,296349,40
753066,786788,74
551256,964254,65
218405,747744,28
347455,679858,4
389291,819241,48
995262,370934,90
299124,384750,38
496050,119173,33
954990,528199,92
450541,249264,88
387351,219666,9
937882,986524,71
513466,839628,14
630319,779980,24
127718,564851,45
461741,487289,34
882542,884272,5
962724,511529,92
283458,81512,50
982686,15692,57
746828,943657,60
57537,38989,47
298791,780725,84
652077,461848,61
279927,744454,84
38926,234091,40
380026,104045,15
697901,624950,11
536745,89336,20
478008,896976,14
482482,75279,20
221694,11060,72
899420,557177,82
482675,320272,88
814027,356565,8
793068,107455,87
997388,100180,57
739529,270242,67
965662,889330,85
971823,444881,90
131712,693749,44
848923,860404,5
816885,392244,8
460759,980937,1
611240,122995,81
187638,646888,45
251308,739837,28
453145,24331,62
935479,600588,73
89116,787429,7
332212,503563,21
395020,101521,15
274033,681332,51
147885,507427,93
342340,724872,84
930402,267352,69
386731,789151,48
266112,549422,23
136647,631639,45
964332,538166,92
964959,72936,57
851605,928536,39
906832,128894,27
328140,52040,50
647792,451377,61
301995,641305,4
423197,686058,54
592866,307988,26
364807,319069,43
593037,173339,55
322113,761604,84
286086,250464,83
564616,501269,41
841902,854087,5
654213,364370,26
966962,731779,6
22459,470884,94
153244,588531,45
443903,691860,54
99034,466069,94
235489,875460,35
856301,857188,5
764895,601439,11
397183,461721,56
159380,712294,44
532482,439497,37
629816,331469,26
6182,908779,46
854880,983874,39
973615,550380,92
252918,796504,28
845140,273376,76
644953,741321,24
395518,482858,34
406733,976923,1
160663,269645,52
924571,274822,69
944343,581326,92
355923,998955,1
453123,648227,53
755532,231224,67
198377,125068,42
29554,727486,7
872186,833442,5
672226,105496,91
74709,636755,16
944997,572538,92
657911,512550,77
442694,366638,43
95546,843433,3
587182,770090,24
908141,142076,27
875623,608146,82
121952,663443,44
491625,751064,30
139145,610977,45
693121,300331,0
678024,562287,77
360884,393459,56
877706,607302,82
928253,150849,27
325031,796711,84
329322,923591,35
800315,900302,60
378106,828224,48
964203,365902,90
731095,526524,77
296938,652421,4
251952,566351,23
673920,579525,36
91674,765255,7
652013,392734,61
691916,35020,13
596305,98392,81
679337,621292,11
62118,18727,47
748388,171543,78
123919,706836,44
793895,2085,32
56483,320598,40
296391,445621,38
565661,66217,81
914427,791244,68
446143,325544,88
418654,328243,43
793603,94099,32
525698,422601,37
670810,316135,26
289282,963987,75
740697,901476,60
118862,721231,44
736983,481008,89
311942,821608,35
767156,603502,11
68954,910806,3
920554,752031,68
391821,347951,43
19090,848691,3
958200,470330,92
845414,880932,5
834665,217815,76
818484,276402,76
496827,177470,33
754507,8282,13
195655,384886,86
789740,161820,87
717977,39662,13
610344,55919,59
847114,459968,66
694133,302923,0
234321,234622,83
306235,897556,35
236024,859912,35
554031,610119,10
274140,472506,38
412230,363886,43
846133,965895,39
805621,86397,32
81292,281776,40
821048,368884,8
845224,684612,12
275836,981809,75
270006,5574,50
689294,968030,49
688679,638952,11
878181,602431,82
65722,590606,97
329749,94063,15
932585,962865,71
877073,974537,39
56962,361010,98
511502,817773,14
320042,954805,75
415542,30667,62
434152,808783,48
230606,804050,28
684031,511462,77
148877,179903,63
634733,964717,49
13187,649375,16
46569,699849,16
378133,286293,58
739405,189805,78
64667,860162,3
759155,126764,78
524966,105688,81
314426,572619,21
12514,335998,98
123070,448772,93
514531,737321,30
163445,33015,72
888656,657891,12
182199,232656,52
265988,473477,38
738342,319927,0
16839,28442,47
40785,488486,94
985455,556887,92
616183,202840,55
135449,493984,93
395475,752681,54
325713,267179,58
479305,684696,53
689364,153263,78
902853,264551,76
312810,405632,38
463858,74331,62
281336,421060,38
759439,900982,60
811875,197518,87
691952,644483,11
838481,351647,8
141060,804371,29
70835,524125,97
980485,20554,57
463804,164116,33
305037,766483,84
290446,538504,23
639546,861608,80
46515,793188,7
119990,676533,44
497572,703653,30
299808,882508,35
318300,676037,4
157050,540517,45
485971,730168,30
937226,965963,71
944773,806075,85
702753,184428,78
690755,535332,77
330248,480746,21
905595,336892,90
147891,616778,45
188316,42434,72
190045,91193,42
684482,96529,91
363936,678804,4
665789,922666,49
249883,785982,28
6487,38901,47
822706,227730,76
465889,212366,33
247882,166075,42
236129,633031,51
360700,285099,58
672078,619512,11
148607,651002,44
399793,321712,43
24047,166567,63
496299,297695,88
374693,476535,56
131925,275620,52
353809,481397,21
846812,375489,8
854688,749306,95
589615,671165,10
281245,892186,35
984063,156896,27
967254,650457,73
233862,525750,23
294905,478063,38
818531,57035,32
601967,274727,96
353266,343610,43
60736,803086,7
472059,902524,14
726189,70879,13
276959,863402,35
207707,937294,31
110217,427088,86
82206,645291,16
418374,618593,53
693445,746177,24
11761,680446,16
258131,418569,38
905206,803736,68
400785,6811,62
486892,197797,33
381747,33272,62
215700,270200,52
252735,717594,51
616209,628414,19
765755,44589,32
413698,36750,62
669388,412275,61
106014,785356,7
484967,845731,14
206917,667176,51
240464,488961,38
971271,164388,27
885608,413901,66
439789,535815,34
451655,980427,1
37226,661488,16
644619,126512,91
292473,601398,23
711789,39925,13
23289,426991,94
441666,88754,62
697551,753889,24
623441,178417,55
660444,95090,91
183429,897801,31
350229,302072,58
937829,104719,27
19339,32371,47
61305,362573,98
777235,898,32
95227,481947,94
99263,321699,40
800667,815018,74
9192,505630,94
132203,943439,31
384489,118871,15
875794,476761,66
930516,193398,27
441779,992127,1
687628,968247,49
335525,170555,15
534559,345753,2
82571,783700,7
662522,7318,59
999516,876893,85
956619,902013,85
148324,892781,31
976122,687161,6
127391,70936,72
222909,441242,38
956185,602789,73
87901,367062,98
223834,987025,75
937058,144846,27
439045,44820,62
300250,307729,58
5574,691837,16
717811,260409,67
700245,27534,13
764167,355222,0
221639,101081,42
869255,570760,82
773186,940810,60
210473,431993,93
513573,635052,10
319684,930129,75
678532,98484,91
231799,851561,28
200644,234845,52
55903,572620,97
35125,348668,98
66846,489003,94
679080,310410,26
75342,273182,40
375973,985667,1
119701,826555,29
924873,352304,90
189005,623785,45
967410,268502,69
728600,595710,11
102436,643253,16
169705,233873,52
711595,791222,74
82044,924564,46
147855,6806,72
396184,674832,4
916063,278243,69
443418,533230,34
5633,675526,16
570865,537750,41
976676,8837,57
525337,345989,2
49038,187034,63
484653,563378,99
697575,144198,91
544473,971440,65
1173,729987,7
897010,59856,79
12524,493128,94
7243,736825,7
833230,105147,87
207029,547775,23
455577,891831,14
11471,803866,7
588490,764731,24
842605,669174,12
807621,694627,12
597270,324506,26
977058,422797,90
951929,86898,57
508953,986645,65
544542,131793,81
56719,286266,40
282869,196009,83
339407,422017,56
847895,580548,82
271368,890159,35
917185,131920,27
185828,220766,52
421535,753848,54
936974,735943,6
6424,974719,46
103501,549650,97
972851,720026,6
491481,321430,88
285118,983544,75
428867,973615,1
550302,937540,65
240450,258639,83
945704,455362,66
270875,606871,23
689894,59804,13
141903,966499,31
959991,578850,92
740206,647341,11
869832,278941,76
164799,784701,29
473367,887805,14
341458,894012,35
663399,760267,24
807837,332996,8
673449,660320,19
2287,452728,94
12225,470352,94
211719,375568,17
186165,878589,29
456264,442159,37
373044,761679,84
543486,374583,2
626890,148764,55
291799,274881,58
936343,127511,27
86116,361827,98
233232,944053,75
707682,12952,13
697113,384322,61
301378,272062,58
560771,883024,25
987929,134701,27
930290,389555,90
262146,892986,35
422659,640615,53
821153,122781,87
595084,592921,36
229050,652480,51
242622,751112,28
951209,971874,71
301352,838020,35
606578,767460,24
710263,396481,61
672775,342185,26
103813,793615,7
289343,998899,75
508574,615651,10
260407,664103,51
586028,378789,2
308913,902537,35
947558,617217,73
573498,782384,25
529017,197879,33
767187,115605,87
981045,433853,90
774636,310676,67
548260,618324,10
174109,250414,52
718460,161766,78
816887,436424,89
991573,372980,90
691235,594050,11
212245,213746,83
442635,368048,43
794543,893558,60
40899,399967,98
248680,578359,23
489804,141836,33
851281,482870,66
598464,389657,2
979846,280576,69
656353,336969,26
443351,409160,37
759273,105520,91
487017,310510,88
744581,178788,78
901512,720405,6
847165,317652,8
788798,334577,8
243628,663403,51
824505,470003,89
341481,273732,58
613804,219289,55
594938,133821,81
135251,171009,63
160620,555747,45
442150,224147,9
255259,152231,42
555823,730198,30
450245,267976,88
873643,322222,8
595166,959092,65
465348,117523,33
209650,600075,45
466774,80081,62
926329,818623,68
598494,890107,25
32171,707299,16
580389,605198,10
569562,630099,10
84728,34895,47
489555,967353,1
305076,426880,38
580548,271196,96
996328,293868,69
41617,464949,94
403664,386554,43
818825,992453,39
172700,569378,45
547558,822263,25
789063,796695,74
66622,726194,7
152070,849973,29
513015,244175,96
864615,592816,82
467937,624779,53
666205,922476,49
69144,118889,63
180678,662836,44
291448,367937,17
922280,766190,68
357697,822157,48
6310,67010,47
241490,729943,28
168594,574838,45
313976,8049,50
294922,767435,84
296710,808218,84
731945,810564,74
150221,771250,29
404778,108395,15
807193,508337,18
627130,183586,55
546174,553896,41
342655,14621,50
742954,837359,74
507096,771711,30
152641,440986,93
652402,920787,49
676384,990317,49
257843,578790,23
726245,6123,13
911105,943799,71
439822,89398,62
514024,211681,33
737007,886492,60
284746,733351,84
430491,274072,88
344397,292372,58
901535,98817,79
830760,590586,82
981327,163273,27
139246,317642,86
612431,130521,81
677692,982680,49
914810,224739,69
191054,57337,72
669299,914879,49
375622,85876,15
331176,88498,15
402675,761890,54
90780,745521,7
983570,862409,85
509389,307125,88
861598,881567,5
502765,982219,65
166353,895276,31
919842,787477,68
129735,467251,93
88562,467264,94
321060,60337,50
88366,179806,63
4688,800354,7
559102,834498,25
417430,756358,54
113646,58523,72
601183,92210,81
785975,895854,60
620728,585871,36
749465,268221,67
5308,225187,40
734438,702136,70
814254,175332,87
815264,145945,87
908158,414934,66
809069,32099,32
500152,60408,20
284697,914564,75
78633,600870,97
826246,716761,95
610420,338114,26
682946,279903,22
345246,559428,21
317817,554097,21
712799,27724,13
973166,5267,57
538267,662772,10
223007,92175,42
194904,767480,28
39980,951958,46
569394,813592,25
54758,325175,40
231980,890556,35
586856,292664,96
819429,156442,87
325094,867233,35
594135,641982,10
799960,934104,60
491448,779008,30
795635,245478,67
764174,474691,89
145975,416324,86
163518,262639,52
185165,76877,72
80376,891628,3
600630,794264,25
210603,616137,45
421799,190343,9
105250,946909,31
713457,74754,13
402659,496020,34
620579,77121,59
179938,226586,52
246870,154468,42
148301,503364,93
50397,33145,47
72777,171504,63
470675,642273,53
684467,851524,80
573478,454193,64
623409,644298,19
732555,54271,13
146526,664917,44
261599,695194,51
136362,842206,29
967962,549590,92
971577,301562,69
368980,458152,56
175832,221082,52
728847,737197,70
85325,67205,47
518665,205662,33
563184,437829,64
603134,882937,25
522293,184653,33
477208,438000,37
474363,625121,53
424425,323952,43
662528,118851,91
544535,8340,20
179649,367914,86
535689,325607,2
477202,340241,88
435851,359042,43
425627,528389,34
643332,484550,64
845357,916935,39
930686,43464,57
505785,737468,30
636969,550957,36
950736,32085,57
267583,283495,17
716943,667243,11
367407,9689,50
848430,572835,82
638424,4018,59
535211,302991,96
379021,214592,9
651870,983152,49
837702,268423,76
393688,721337,54
525050,524852,41
193088,241298,52
499586,551925,99
211286,96074,42
732506,233888,67
960959,848228,85
178820,435067,93
177573,484401,93
331746,662441,4
658146,463294,61
586611,177677,55
223490,212111,83
965481,845310,85
138352,288446,52
914801,73361,79
987156,139195,27
458447,130973,33
267040,148909,42
729823,137417,78
572681,64707,81
539311,213797,96
289808,807464,84
48249,935738,46
963280,856050,85
640207,968501,49
608550,909050,65
417161,227481,9
273319,682334,51
987993,207704,69
892582,634833,12
653883,814002,80
946064,504542,92
852700,339318,8
925811,111247,27
733077,832398,74
113547,394738,86
377415,223581,9
730380,507154,77
744184,512044,77
935900,683194,73
446639,669040,53
566149,272102,96
232993,926723,75
440263,511832,34
373846,231987,9
18322,941247,46
549549,282833,96
581593,833811,25
870593,60638,79
155807,661486,44
605519,963722,65
288283,185339,83
6671,119830,47
988386,818865,85
676822,363046,26
721172,749694,70
120572,456153,93
566116,712924,30
121106,437663,93
805638,358254,8
177901,988248,31
492031,571643,99
611520,826400,25
320641,21762,50
762440,333738,0
136394,380293,86
585510,682307,10
544097,647436,10
469918,916651,14
161711,886872,31
669521,655531,19
519154,427646,37
454980,853456,14
40576,971433,46
876531,859173,5
126649,597855,45
161501,349126,86
774685,137345,87
358671,186086,9
552943,322633,2
501475,296399,88
581471,798587,25
863399,163417,87
564951,139699,81
925992,152410,27
555256,192891,55
923160,555085,92
319079,773505,84
303196,825237,35
774996,365813,0
230342,366421,17
442776,737724,54
937575,828618,85
586493,196878,55
930076,794301,68
827642,186892,87
101007,625394,16
7015,908119,46
758044,447897,89
810591,618629,12
307870,383311,38
318791,926353,75
215639,247411,52
236891,436063,38
923718,941993,71
84489,18919,47
978174,185953,27
328282,443278,56
177430,79099,72
428703,211955,9
337151,509918,21
202999,814642,29
693461,9816,13
993693,1329,57
346475,215729,9
764357,548678,18
637638,785538,24
551784,848779,25
441657,931921,1
811815,178838,87
733447,55746,13
937309,368026,90
413368,477124,34
39287,303941,40
353149,390148,56
228816,714666,51
399131,200066,9
513282,734672,30
643629,480505,64
860880,818753,5
783749,476699,89
883418,621184,12
250117,732327,28
226167,199749,83
189277,181221,42
789126,848512,74
956122,547865,92
977900,570078,92
313902,758327,84
209374,953982,31
584994,2981,59
110113,679202,44
353367,41869,50
708461,113160,91
881485,130904,27
117949,376241,86
489602,749097,30
88583,820093,3
307625,259472,58
953614,392403,90
122726,665742,44
138268,875066,29
242565,797015,28
442532,638256,53
181070,249641,52
730091,652387,11
670359,730239,24
131217,370922,86
92727,470201,94
672493,597894,11
817405,136537,87
789922,228951,67
982536,498614,92
221094,937960,75
295359,103929,15
740080,526481,77
576161,548284,41
24199,723802,7
942423,314301,69
470699,40290,62
170221,915790,31
684587,864818,80
11789,145301,63
76596,352287,98
888442,46569,79
700616,268836,22
335615,687118,4
400994,522667,34
470535,287897,88
697811,124869,91
688892,217231,22
7223,400581,98
575238,33689,20
221411,268954,52
312055,713985,84
946640,192382,27
377602,364976,43
157012,905008,31
486036,822400,14
87864,733518,7
239884,736193,28
208879,636978,51
692912,783138,24
201419,263676,52
615648,198664,55
962492,615641,73
87898,308177,40
533516,812581,25
53466,604152,97
990127,81128,57
522120,281571,96
376225,222206,9
629028,77145,59
579685,782191,25
299912,627256,4
300486,281724,58
948260,406288,90
495298,480550,37
606287,872309,25
901451,691213,12
233411,950968,75
920500,844556,85
453748,155237,33
77643,954746,46
421586,600035,53
802628,783379,74
258687,768428,28
970727,13555,57
826039,247425,76
487390,566048,99
583266,956765,65
365457,245596,9
735206,608946,11
568344,158798,55
928424,38920,57
136536,761497,44
483704,624006,53
681335,210488,22
678195,429313,61
467277,535534,34
721883,696616,70
28021,958062,46
157896,769765,29
443199,856136,14
80478,604578,97
144783,375528,86
506327,848622,14
799952,798449,74
546966,871958,25
12898,790952,7
544597,50359,20
383838,171721,9
131553,21130,72
141188,954533,31
841984,241108,76
307179,761990,84
777942,872662,60
845296,905948,5
273827,214759,83
457694,464041,37
146157,468569,93
243205,560269,23
443365,635632,53
68248,56729,47
445885,996059,1
766556,508848,18
209824,520500,93
55495,717269,7
140356,978797,31
656790,682736,19
759000,519730,18
103895,172417,63
827631,10932,32
736916,350935,0
176099,702320,44
898657,743790,68
895162,997537,71
607491,106103,81
280498,332476,17
930878,269470,69
987444,984461,71
845398,607917,12
270463,681755,51
267282,224092,83
324571,73078,50
237724,432460,38
368673,298415,58
469016,766686,54
704473,83985,91
548799,680805,10
303587,388407,38
969519,722190,6
855023,373413,8
959553,211748,69
852546,756663,95
244950,888554,35
941443,840655,85
895814,953655,71
94037,485433,94
682877,122595,91
457900,933619,1
346859,664399,4
561039,399191,2
210888,407847,38
695666,60068,13
565821,753549,30
913204,235121,69
683291,79087,91
215504,991068,75
892569,421674,66
90685,147447,63
151071,56064,72
280301,32151,50
366382,794337,48
437363,769815,54
289237,222572,83
771413,142489,87
815914,82529,32
76385,803380,7
420719,35193,62
505045,301195,88
197778,70672,72
800807,170958,87
303406,353349,17
746815,733848,70
792513,771512,74
806054,356624,8
794210,289776,67
274597,166406,83
791771,310398,67
865924,585047,82
888762,425437,66
333963,916648,35
105033,290210,40
575778,111276,81
218821,725219,28
757869,515176,18
576005,925480,65
554485,245806,96
275612,226631,83
992340,260326,69
310845,387080,38
662528,114602,91
119516,714650,44
132627,75304,72
640850,780380,24
853661,482292,66
897609,117414,27
382537,314206,43
870676,454882,66
218152,482819,93
750571,848766,74
210450,42584,72
719386,736640,70
723720,563464,77
145257,346560,86
638946,779593,24
620914,705478,19
974895,60859,57
865193,311554,76
304026,780249,84
648127,81291,59
272972,841037,35
312897,863825,35
321470,946751,75
56616,547200,97
797117,159786,87
528193,345261,2
802938,984557,39
458092,153004,33
547549,669289,10
751456,735068,70
291144,257772,58
375814,315905,43
423259,716627,54
357271,661209,4
955529,576124,92
919733,961358,71
549166,833028,25
711930,420526,61
793073,187080,87
262844,628728,51
45971,644115,16
656424,521255,36
741453,606514,11
697235,443885,61
391093,101835,15
553537,310919,96
630526,254770,22
932587,993826,71
240563,149192,42
476883,988202,1
714043,926275,49
908862,251386,76
60639,164886,63
245320,107693,42
997875,298279,69
177995,578425,45
602901,972217,65
62625,539232,97
886038,640974,12
853343,136068,87
908377,99401,27
642820,883261,80
974658,89368,57
14600,390807,98
294582,45624,50
809025,290793,67
372397,879895,48
402852,734603,54
483464,581867,99
439128,440497,37
434009,404836,37
83600,73285,47
709509,726818,70
645204,955586,49
548300,280701,96
743270,151253,78
113725,384138,86
208663,10473,72
28020,944992,46
489790,908877,14
497479,134849,33
418637,40069,62
440706,950530,1
569191,400153,2
374610,86321,15
811542,591028,82
413575,971481,1
688626,746222,24
757301,970144,60
221123,430136,38
312242,855826,35
870926,659740,12
262512,43064,50
789649,636875,12
974570,609448,73
8089,958011,46
306536,957633,75
940645,436135,66
127625,5330,72
584387,792762,25
964004,20709,57
60460,166079,63
305651,83203,50
402777,474221,34
243448,633964,51
45933,6282,47
589766,198707,55
673001,142200,91
961468,401753,90
274397,803352,28
951904,658608,73
235035,240993,83
374723,977493,1
734206,816688,74
90104,379496,86
205370,654328,51
306350,832947,35
347191,255643,58
603805,153026,55
910286,182694,27
546929,251382,96
987063,578140,92
799686,337802,8
453076,862968,14
911558,571222,82
537390,924302,65
759594,505919,18
980819,628563,73
260511,424551,38
433017,728753,54
152287,499386,93
189012,739099,44
45181,357320,98
479644,388186,37
247087,798629,28
562443,987117,65
476724,310832,88
162870,367973,86
533331,710537,30
998833,389857,90
341139,524442,21
296946,771578,84
914777,657382,73
622178,960715,65
745285,19537,13
367327,680513,4
391256,854150,48
710569,545786,77
39720,574685,97
747561,268099,67
953273,674825,73
796985,930797,60
908441,171473,27
952115,211506,69
787029,611083,12
481862,656425,53
541228,425888,37
911297,172372,27
65875,174936,63
159696,16295,72
875347,966796,39
952072,483168,92
617389,468589,64
583285,271777,96
761430,359814,0
403016,490252,34
675593,704601,19
233278,719255,51
525597,720116,30
992680,979187,71
208784,41298,72
110977,192022,63
319272,15477,50
121943,507088,93
629694,267937,22
226809,987108,75
326497,442989,56
318711,578691,21
66209,788955,7
977424,581617,92
246629,94304,42
974568,574316,92
534958,45720,20
426094,365504,43
32858,252853,40
703911,643764,11
747977,251936,67
303910,817270,35
866256,176800,87
481483,293618,88
845619,321365,8
188643,539425,45
123227,90132,72
860341,755535,95
289719,311805,17
519246,980640,65
629819,373144,26
444904,507120,34
166833,969413,31
931282,62962,57
207535,49865,72
84811,421939,94
537135,631789,10
492007,166065,33
60263,847394,3
153504,957985,31
859486,387636,8
9036,881949,3
930257,837647,85
348864,361270,43
874006,427800,66
38292,583491,97
734116,289678,67
620721,469478,64
519480,905870,14
960546,910833,71
373419,54604,62
738185,679185,70
62515,703049,16
147872,298307,52
652641,950663,49
798877,726768,95
797272,757006,95
877,749458,7
142467,456128,93
158870,144118,42
198166,578048,45
262439,816993,28
211296,262706,52
303553,826803,35
80918,995480,46
38856,61991,47
886260,384177,8
878193,805173,68
552123,546478,41
661416,429349,61
70307,653648,16
867563,147931,87
276431,982328,75
992620,975064,71
910565,878461,5
299051,155462,15
855666,191216,87
778769,778219,74
531144,951395,65
106273,133201,63
724716,315212,0
783906,112714,87
388918,560963,21
118351,131094,63
307633,391025,38
972295,362264,90
572794,950236,65
623231,648020,19
279591,90301,42
695420,924677,49
50868,946144,46
852697,289010,76
400909,80236,62
530029,204595,33
643897,991945,49
635015,706284,19
524445,355800,2
935745,66799,57
706374,31804,13
533796,520799,41
82208,676299,16
571091,326879,2
865268,569972,82
528058,71215,20
920139,790929,68
158460,238967,52
328451,291513,58
461594,12795,62
53913,127132,63
715913,363008,0
81680,797025,7
609695,153873,55
155147,557809,45
105515,401647,86
496317,601726,99
223149,476486,93
313600,684492,4
261321,23603,50
704468,2967,13
869617,654510,12
357421,181966,9
304023,716323,84
247474,297020,17
18694,198242,63
854263,603400,82
354462,453708,56
485042,102231,33
204190,834839,29
143194,670626,44
211759,36388,72
579307,413969,2
580153,643850,10
191942,973849,31
485855,766610,30
421559,146677,33
213175,833880,29
32496,160666,63
321940,860071,35
229585,644525,51
532006,441206,37
351081,627161,4
706811,373462,0
792106,938575,60
635511,40397,59
958132,328878,90
453627,111506,33
88874,714540,44
278036,960261,75
114466,834568,29
599713,380786,2
876038,582052,82
551135,942734,65
533879,915443,65
852979,33504,79
107299,383051,86
954353,826492,85
862874,332142,8
324810,94134,15
117129,601714,45
9403,47954,47
976646,490739,92
855300,29265,79
868955,528684,82
605477,256829,96
532183,401428,2
809455,517412,18
156759,655040,44
257865,953078,75
389425,75051,62
395014,4161,62
943949,951123,71
540244,882994,25
490063,489846,34
853324,820063,5
807105,23307,32
726443,340516,0
59592,568899,97
493927,439828,37
199522,382241,86
334170,403013,56
454290,259457,88
698145,735922,70
653799,408136,61
550104,609306,10
612202,294927,26
849252,392747,8
906256,460424,66
359263,149555,15
575668,256528,96
473022,86728,62
639055,605884,36
95315,963017,46
441829,828476,48
210282,219793,83
64572,275847,40
170088,674576,44
602810,435517,64
749460,189825,78
391284,326675,43
436066,972719,1
500085,929411,65
627395,633848,19
89419,874624,3
815270,252227,76
191321,535210,45
277861,11183,50
965902,926296,71
267552,759755,28
208160,559082,23
500578,226161,33
99681,347117,86
11571,488539,94
886615,343965,8
35402,13630,47
86233,330534,40
300764,951641,75
231067,545989,23
442515,363441,43
363177,924358,1
689359,63612,13
137490,805585,29
475549,556927,99
286379,178252,83
886004,80731,79
852316,884684,5
897333,489478,66
668426,241454,22
122766,335452,86
958337,778092,6
393004,222288,9
999065,293110,69
313757,322385,58
335890,308660,58
648733,265871,22
501287,136494,33
67971,394146,98
413985,858545,48
574512,828858,25
617691,549257,36
363827,845602,48
43521,465627,94
794882,584894,18
320437,590267,21
624615,913405,65
610102,986747,65
273387,829194,35
272392,100408,42
565614,280269,96
495129,637973,53
423944,241261,9
880285,966749,39
162141,111135,42
861009,993474,39
320478,283182,58
454226,186211,33
658182,66879,59
43908,971335,46
238965,286995,17
535849,20202,20
543046,985857,65
300322,520581,21
416603,848618,48
728755,199191,78
805350,531708,18
429340,919234,1
579723,418029,64
824434,270447,76
413154,890393,48
849434,452043,66
501490,558449,99
861232,731590,95
845767,808828,5
975387,334584,90
353307,33966,50
877491,992951,39
541546,767769,30
897056,829431,68
254770,920065,75
533365,272047,96
308981,49304,50
653504,442657,61
742728,34613,13
742753,457315,89
98691,700767,44
792316,459259,89
777969,338981,0
261327,137860,42
24637,85065,47
702893,523409,77
942582,986318,71
50024,764552,7
829061,43849,32
978310,461329,92
572504,89810,81
447585,563567,99
870862,587316,82
34016,712580,16
338022,140635,15
654145,226822,22
212531,9409,72
143084,818460,29
873430,747653,95
815036,317864,8
355994,206110,9
104642,724333,44
869180,315457,8
901194,380762,90
481214,763715,30
773841,960878,60
492286,862411,14
546181,666267,10
962217,995837,71
41548,309354,40
323093,238310,58
292246,778781,84
973001,243616,69
456654,990756,1
644206,180946,55
161621,368979,86
441662,25713,62
160668,353019,86
196628,738319,28
944198,150706,27
928135,165252,27
398952,192838,9
38952,678856,16
540988,398900,2
326248,254285,58
768345,587831,11
681003,632423,11
145065,114841,63
134702,940715,31
597889,728435,24
814962,68619,32
294251,484582,38
370584,417897,56
603858,53817,59
515088,88463,20
801163,162107,87
532532,272332,96
92004,316225,40
801320,801581,74
177734,189664,52
683596,198111,22
662746,786578,24
18957,619718,16
601523,807753,25
911892,173415,27
601521,769983,24
110526,622131,45
155984,635295,45
413493,584813,53
954861,350841,90
585577,803787,25
251449,112080,42
740572,797936,74
918316,145153,27
589125,434005,64
337678,357840,43
224015,32727,72
51154,756426,7
265735,210164,83
238242,143530,42
319926,1836,50
870503,545383,82
256183,670661,51
812127,431654,89
819177,924239,39
687702,221992,22
31496,365145,98
992443,993350,71
249425,95995,42
395840,895051,48
127981,992197,31
862342,395634,8
427570,179407,9
298593,462743,38
338331,341108,43
15148,606920,16
510841,716092,30
362174,72087,15
579359,302700,96
485224,161817,33
666322,890260,80
615217,965049,65
583347,329338,2
199666,795792,28
878042,261509,76
192523,749501,28
864739,683983,12
707240,588843,11
688205,664477,19
868935,205119,76
438702,265993,88
559778,205532,55
379815,551844,21
852769,503733,18
249469,826688,28
158355,474747,93
80248,739783,7
548855,622138,10
274131,329745,17
31437,367204,98
609077,758717,24
771104,945553,60
909992,236037,69
87934,907489,3
171181,45733,72
645968,788124,24
8780,569659,97
266679,83145,42
419425,277292,88
457135,79489,62
973621,660357,73
621917,562491,36
796794,718596,70
459440,812268,14
802520,955953,39
711307,948116,49
999523,994688,71
731868,517718,77
291460,572471,23
530835,755680,30
720245,161140,78
285686,531010,23
692001,462214,61
432737,18131,62
741444,456405,89
802459,933806,60
481562,626222,53
916344,995180,71
5256,349706,98
522843,423980,37
834547,233853,76
383804,594042,21
64335,281088,40
257650,339205,17
26523,783896,7
944697,535683,92
225906,817319,28
684041,691821,19
437205,104553,62
227023,585704,23
927636,792555,68
483970,85522,20
375920,91669,15
689699,786206,24
778954,883542,60
700110,764320,24
929667,919360,71
693790,536900,77
689671,302732,0
32091,364763,98
588211,68229,81
725931,738193,70
825905,1430,32
36024,461895,94
85707,480507,94
896083,475724,66
496488,484992,37
270452,499604,23
856801,265823,76
701401,448395,61
181621,516063,93
471253,353866,88
426556,139335,33
807829,196520,87
917499,414711,66
61287,57642,47
801934,106334,87
168787,804843,29
11445,369362,98
873568,68453,79
504581,497687,41
631514,871624,80
385919,146647,15
696861,154459,78
993785,552813,92
134521,903590,31
649209,260288,22
668817,816167,80
335527,209680,9
91962,616759,97
874581,87120,79
239494,183354,83
644236,679626,19
486406,28899,20
710768,888546,80
802102,941875,39
98658,146707,63
706142,136080,91
100530,615176,97
264690,661300,51
475871,975311,1
54017,877335,3
379938,625605,4
552031,1560,20
233574,694353,51
992915,933750,71
543142,587734,99
60186,551112,97
549654,48470,20
638135,150104,55
799005,882166,60
567202,973949,65
164509,912175,31
940300,637523,73
859625,732878,95
491094,817193,14
570139,335243,2
439680,703920,54
796198,709476,70
176797,432529,93
524753,534328,41
464790,729573,54
949714,859153,85
791328,861322,60
251471,484224,38
362398,831006,48
732089,227292,67
98435,405506,86
354965,901937,35
871217,556512,82
299646,158634,15
169590,310911,52
482435,296743,88
368680,416030,56
218897,3468,72
298655,510029,21
67452,667298,16
282552,854794,35
534360,991410,65
644262,120634,91
509230,633199,10
187052,789607,29
933293,858954,85
446588,819879,48
716135,94644,91
693680,681464,19
368547,170973,15
552065,571954,41
839112,965840,39
873180,542780,82
507600,246409,96
399616,352466,43
902603,63379,79
222748,735494,28
448992,219589,9
646993,12210,59
216018,628218,51
469413,432828,37
541675,939586,65
633266,306340,26
666378,828446,80
707571,153047,78
267912,801923,28
932127,269160,69
785977,918159,60
503424,61040,20
902341,654848,12
38989,302344,40
498881,696893,30
689007,156253,78
151924,397182,86
438673,780594,54
454620,807844,48
439983,795013,48
785074,749591,70
380864,184302,9
570255,292399,96
357436,438052,56
351988,878070,35
738440,973795,49
582230,545129,36
986663,861096,85
440710,25186,62
308152,119321,15
438219,152999,33
463220,349622,88
104110,779896,7
724160,972539,49
470074,548581,99
4486,400673,98
122386,949800,31
303924,61633,50
870615,441775,66
914552,885072,85
408293,195417,9
381698,211104,9
39517,175498,63
597726,986537,65
734726,544436,77
348383,277859,58
990287,760008,6
460086,671700,53
271231,587133,23
949957,931784,71
504758,469649,37
396571,169858,9
811065,579080,18
601400,735886,24
44774,532076,97
610747,831990,25
264089,547925,23
978352,177074,27
97843,463341,94
378099,725730,54
345329,958603,75
248968,406783,38
807434,556127,18
839620,500620,18
935755,236319,69
814865,443082,89
895654,259162,76
738184,662687,11
780858,887030,60
313394,224970,83
86677,780612,7
752053,769944,70
464647,334626,88
71165,74508,47
264458,759002,28
550863,361216,2
970389,337856,90
359002,756559,84
494418,699943,30
943422,106997,27
315055,133490,15
577684,135346,81
776487,427867,89
164726,554262,45
496929,885865,14
743667,827247,74
557002,546839,41
733646,389960,0
60428,614203,16
918520,573909,82
688724,392475,61
336424,282852,58
900423,420224,66
720208,549713,77
27525,620819,16
109094,554558,97
465264,704534,54
114303,103995,63
854656,217504,76
596911,289522,96
4781,358404,98
707352,475225,77
109743,459680,94
851583,559585,82
952423,382795,90
643621,338934,26
473830,674079,53
261513,250141,83
130697,631121,45
266254,939642,75
566372,30669,20
466522,849075,14
414219,780996,48
209325,126657,42
725409,964372,49
204667,854535,29
177780,955489,31
919241,690099,6
495455,126293,33
613258,29503,59
871798,319657,8
481145,618702,53
532360,391031,2
60686,950043,46
379302,944826,1
696410,573070,77
601486,188413,55
669027,346244,26
323331,234650,58
775316,746426,70
196615,514219,93
491173,147911,33
940257,908176,71
721611,117297,91
426649,705571,54
544606,200413,55
357850,392564,56
830532,767373,95
245667,940960,75
715201,391097,0
174073,647322,45
548043,971243,65
696372,925877,49
215634,161900,42
55018,692313,16
712377,927157,49
736419,9442,13
702278,193423,78
873701,299579,76
34149,951728,46
693823,90131,91
832839,531748,18
92617,615242,97
375174,558060,21
315037,842529,35
397334,996283,1
540533,740281,30
919056,576565,82
343349,683385,4
665875,370513,26
214538,748167,28
446293,846754,14
396340,293551,43
723051,330260,0
694860,516403,77
187296,898200,31
62859,473736,94
89044,570969,97
282264,12729,50
946365,557043,92
228743,489589,93
526077,787772,30
90832,613466,97
524275,492640,41
809019,193754,87
435362,129505,33
599866,953626,65
608512,275670,96
195504,844361,29
176793,362577,86
840003,933959,39
49911,856005,3
892507,374373,8
98489,310047,40
966367,742655,6
818864,662743,12
726565,387198,0
638107,672312,19
548576,932851,65
435298,66872,62
925143,885400,85
928200,271243,69
793021,314549,67
640995,213778,22
977363,555885,92
772577,705172,70
829628,567413,82
525039,331274,2
737436,99259,91
247223,87075,42
474772,494537,34
692599,516586,77
266871,307844,17
934273,338196,90
70992,164320,63
727164,453575,89
251208,60588,50
310708,79585,50
587223,463827,64
549220,753440,30
81967,628838,16
883188,745269,95
738993,263774,67
252134,618627,51
279758,899576,35
184474,455079,93
515722,746013,30
252630,954000,75
891029,525111,82
545027,275310,96
150651,2932,72
294089,760183,84
408843,427214,56
199685,114638,42
727531,622335,11
598898,686753,19
261990,281647,17
655805,124417,91
76785,539114,97
891933,733319,95
906484,293005,76
545655,831439,25
3921,905456,46
5526,882332,3
369770,735118,54
141150,313866,86
158647,389433,86
207380,435936,93
778949,800379,74
979574,702166,6
313365,734695,84
33476,640808,16
73189,99124,47
985379,271688,69
269841,230461,83
362685,654859,4
231651,368074,17
235097,287191,17
820091,274543,76
249241,9917,50
678295,115614,91
125262,280675,52
313908,856657,35
850144,379250,8
65252,690552,16
113330,747760,44
609669,721912,24
190006,433261,93
828784,379513,8
481946,68224,20
642831,69959,59
808594,54329,32
113497,553255,97
565972,294944,96
126846,906555,31
471429,321953,88
80407,412935,94
201160,909171,31
437240,709054,54
74241,785185,7
605176,201206,55
672562,764634,24
207786,266759,52
434289,103170,62
980116,815910,85
15355,87549,47
442900,826637,48
293995,178349,83
517254,501914,41
669621,331681,26
572627,152685,81
177783,14391,72
872634,375753,8
296348,732522,84
500094,87285,20
7657,704407,16
979880,855337,85
659977,236226,22
250389,302308,17
902957,15090,79
632960,159258,55
656166,187857,22
320460,984458,75
788390,486668,89
441296,874194,14
590725,325379,26
651586,222481,22
242704,129406,42
939541,869561,85
717435,943433,49
289923,747777,84
896686,607217,82
503987,509549,41
1682,269753,40
749156,73985,13
479922,62532,20
980282,610942,73
105635,416264,86
164514,990134,31
188208,222138,52
473590,627330,53
543549,428615,37
741584,806742,74
915616,768114,68
702680,955289,49
549590,963876,65
868379,853343,5
146423,932871,31
765242,436944,89
734316,657662,11
329395,152620,15
99952,893283,3
418872,996885,1
657946,111299,91
609638,196207,55
665238,668164,19
840772,871409,5
774441,34308,32
620934,51083,59
552081,836282,25
396369,779991,48
322735,223456,58
635159,131277,91
376563,909277,1
220471,462544,93
991298,759093,6
87453,832851,3
741322,411507,89
214559,108407,42
999143,604129,73
603262,36722,59
195439,746900,28
158912,850667,29
166604,115325,42
279049,977652,75
408719,356568,43
852463,347729,8
286178,796032,84
910094,951507,71
987254,793666,85
152247,829269,29
528978,544597,41
44935,228151,40
537233,287012,96
813435,402472,8
352614,388736,56
488699,565002,99
995051,822396,85
13678,886824,3
857035,191593,87
108236,122851,63
756995,824486,74
150788,309716,52
399455,650874,53
241976,906605,75
325059,280044,58
708504,841474,80
656512,6583,59
640576,162587,55
612522,674038,19
560270,464324,64
893828,579301,82
321782,196547,83
368760,752038,84
508559,365599,2
628076,74059,59
714313,465553,61
562909,827049,25
219854,97050,42
135472,891008,31
175929,855071,29
188255,16365,72
59868,211032,63
817586,180635,87
938772,941440,71
785949,446675,89
272453,129615,42
442444,158165,33
280727,193529,83
651742,843516,80
984877,840599,85
951422,551836,92
711018,91314,91
725873,755499,70
678151,685964,19
8159,142032,63
132353,464406,93
284504,660414,51
587088,197138,55
311943,828816,35
913459,516004,92
485725,589431,99
581964,80122,81
626225,979941,49
871247,54104,79
340678,789414,84
686328,119098,91
688543,346397,0
908514,402216,66
58528,682053,16
272175,455770,38
127667,704592,44
91144,861484,3
977341,175070,27
406881,461404,56
831509,179175,87
408950,234339,9
538043,894743,65
960292,642988,73
712940,382726,0
482845,180348,33
114864,521113,97
355929,99462,15
661398,131774,91
740526,28087,13
72247,272030,40
10248,251930,40
198355,767121,28
17276,362470,98
49752,191072,63
354880,472929,56
518018,336337,2
830708,721522,95
630718,481481,64
252647,245298,83
727503,155203,78
502937,871887,14
811566,3548,32
638851,172409,55
678430,374539,61
877053,644820,12
501485,464392,37
40094,866828,3
788481,12168,32
523886,952386,65
757139,249761,67
738267,64984,13
195586,226239,52
409432,327501,43
317846,46767,50
16563,382757,98
998970,702863,6
19046,121363,47
756934,800922,74
112704,223258,52
300602,220496,83
883752,223518,76
681928,178903,78
832802,905771,5
305708,34757,50
161672,236110,52
302437,72991,50
760684,831855,74
998637,93618,57
439369,475287,34
162233,661430,44
655312,829326,80
490510,14172,20
203609,66059,72
254487,174726,83
620893,363857,26
350442,888545,35
786935,21641,32
735543,282751,67
203236,793177,28
928064,975354,71
788256,226468,67
248845,346382,17
643177,876585,80
771289,66630,32
864525,82475,79
174043,154096,42
905097,968233,71
106408,401808,86
188752,363141,86
321696,753521,84
431382,242732,9
597235,742365,24
933300,987721,71
637817,794245,24
886756,714001,95
229172,706534,51
729733,634738,11
54282,331635,98
796682,838679,74
688114,147061,91
664881,667225,19
57874,690168,16
657937,960117,49
694185,168199,78
920640,203439,27
206170,110557,42
144705,65636,72
158263,941452,31
986022,78691,57
566910,61587,20
104101,630804,16
929296,691151,6
185061,332708,86
831986,200734,87
749530,353269,0
404256,347057,43
988728,551931,92
315847,440924,38
619610,799650,24
731251,142957,78
694893,67684,13
577555,981491,65
919501,65172,57
355170,346690,43
834055,972260,39
779262,59879,32
398575,857604,48
750971,571883,77
642750,704931,19
776813,907664,60
109388,488309,94
18447,55251,47
616118,103227,81
944677,190610,27
593289,423058,64
341075,451556,56
307720,860379,35
402792,727874,54
383161,802457,48
896709,992447,71
56994,914718,46
678475,138713,91
358225,704085,4
559016,390220,2
434006,350200,43
818301,192531,87
872938,478734,66
91124,537121,97
393711,112491,15
652164,923250,49
68032,415056,94
860760,794799,68
190971,651142,51
748752,284219,67
871819,665261,12
58332,394125,98
63536,859468,3
79395,393250,98
366335,994811,1
800002,641310,12
509060,787132,30
338856,158585,15
354169,520302,21
719521,998148,49
882981,277365,76
687378,767482,24
85428,791894,7
369500,194908,9
834106,821170,5
420066,57967,62
261084,54311,50
815993,407314,8
740859,627479,11
45850,611005,16
164433,637471,45
986132,931881,71
136689,334619,86
951539,519416,92
837109,291735,76
203639,570053,45
893430,890659,5
313439,975644,75
665164,420696,61
638107,672288,19
153963,666035,44
59348,468570,94
268265,744266,28
891606,233354,76
988942,164043,27
82746,720882,7
873647,395500,8
183476,691724,44
806534,417166,89
324512,78816,50
677118,332329,26
455914,548574,34
893985,218642,76
730842,268588,67
163299,576881,45
647679,550837,36
928598,956074,71
742461,555660,77
981977,87476,57
214692,338468,17
639572,295846,26
289153,798885,84
863909,733934,95
229066,927139,75
429759,964289,1
818938,905304,60
455037,821781,14
684952,995527,49
822753,18389,32
70937,240041,40
377460,976235,1
587928,315384,26
668721,204499,22
21890,916891,46
187595,925093,31
47259,283392,40
986079,33093,57
205561,863813,29
111738,997105,31
345191,640965,4
700689,491511,77
826568,128578,87
17854,84332,47
369419,833065,48
338204,205871,9
86560,829287,3
829949,961778,39
603205,77624,81
634115,581481,36
961196,824024,85
375197,938742,1
444591,241006,9
598401,327478,26
934315,37459,57
577749,233042,96
740501,607937,11
597629,355913,26
836566,175557,87
593397,223945,55
843815,14220,79
996326,265544,69
6362,929288,46
548836,301922,96
405529,737987,54
361289,195685,9
893968,928245,71
21213,533108,97
950154,248537,69
167070,960353,31
653279,662935,19
962557,711074,6
37491,118308,47
416531,644500,53
113898,297950,40
647953,161163,55
682686,916851,49
527574,948806,65
583622,941817,65
126646,548033,97
791941,165645,87
7945,541111,97
464490,700059,54
900155,921713,71
246499,922173,75
976847,873194,85
777344,826649,74
493520,602720,99
919338,328377,90
37572,477177,94
928073,129776,27
160354,75080,72
874598,376743,8
926882,113907,27
451018,264014,88
290055,961966,75
778481,931340,60
47409,819754,3
620922,850305,80
81664,537346,97
185885,169283,42
143769,340872,86
39713,461281,94
765011,546981,18
112862,877555,3
78375,254308,40
158693,166552,63
252053,266403,83
443798,923218,1
531980,997333,65
185426,471313,93
364579,479593,56
521854,803166,25
823094,744740,95
850538,8553,79
754085,911901,60
331625,637908,4
331571,722943,84
511835,415936,37
642212,663744,19
561657,771752,30
845337,587539,82
768258,126663,87
839033,629980,12
82735,537150,97
892533,804957,68
912979,448058,66
520675,997756,65
296419,916393,75
826693,237557,76
637163,806109,24
279119,153298,42
489103,365647,37
440680,511064,34
459311,650101,53
252403,140406,42
815311,941738,39
801994,119700,87
813133,337567,8
489177,604029,99
927973,452405,66
586986,475611,64
602374,104119,81
937191,370627,90
128304,420426,86
104518,646213,16
903370,945466,71
448965,761747,54
686386,100861,91
183301,744829,44
357013,322779,43
955738,99845,57
98853,434807,94
808612,355699,8
239105,647397,51
806602,562955,18
588234,453591,64
515082,988653,65
299751,927433,75
367399,891753,35
705501,356234,0
239586,734517,28
39232,387669,98
566603,897052,65
764621,990346,39
752391,451622,89
426554,107959,62
472837,974783,1
189120,550857,45
253909,455776,38
233284,807043,28
984967,345015,90
671210,29289,59
273977,740758,84
936506,859806,85
769486,758280,70
415389,445375,56
425057,947097,1
873878,269749,76
677052,216343,22
88089,518866,97
595724,339958,26
683586,35628,13
806727,664484,12
983568,839102,85
789856,114476,87
1505,300734,40
442308,883352,14
507226,950580,65
404398,718290,54
307779,852450,35
132817,258515,52
873884,377471,8
163168,367998,86
948505,527122,92
349965,862056,35
577549,871358,25
919746,187078,27
230513,246126,83
640385,960420,49
794966,856,32
400143,216369,9
523783,227532,96
144010,392802,86
835693,493531,18
780511,63272,32
414481,192619,9
350510,23909,50
842323,930127,39
651531,293115,26
393437,508606,34
153675,825653,29
751977,489347,89
462525,658177,53
984679,502519,92
848636,36629,79
632701,807515,24
910598,426925,66
335706,220836,58
598261,986447,65
219588,617878,51
691638,364220,0
449727,575290,99
904654,535703,82
562839,650636,10
248767,38650,50
599542,516483,64
544796,390629,2
317204,256418,58
631908,479756,64
265035,455599,38
266550,909230,75
431088,298157,88
127291,389487,86
118353,171400,63
727242,758435,70
20474,113536,47
212603,230009,83
776523,24510,32
948005,126000,27
689736,396209,61
97237,273565,40
808693,708338,95
46568,670837,16
767552,257364,67
523366,221656,96
382963,465770,56
207650,974987,31
618400,463487,64
837935,184081,87
853701,153717,87
524453,498005,41
977355,415504,90
379271,412508,56
22212,321476,98
54113,491993,94
941010,559627,92
660749,210311,22
703306,469124,61
572652,575238,36
34503,901341,3
851907,11669,79
121777,718396,44
85022,979533,46
11802,365073,98
789225,505339,18
242796,683363,51
293528,328704,17
535729,9490,20
512205,644505,10
201679,625781,45
517247,381043,2
200021,763085,28
179990,95470,42
572110,457338,64
485947,322062,88
899263,926437,71
633644,658480,19
75982,42916,47
290094,624249,51
769189,764915,70
938873,648919,73
385188,859818,48
971735,957801,71
768125,882084,60
196007,290390,52
600850,491762,64
54771,550160,97
548775,276753,96
402198,752438,54
239159,548024,23
649110,601012,36
210815,176204,42
462408,694909,54
335910,640631,4
87093,776822,7
63933,524404,97
659777,885632,80
818681,574191,82
443079,836478,48
701945,606343,11
809039,527776,18
336622,609051,4
328846,926552,75
567626,92846,81
462755,535665,34
934899,847742,85
11346,703965,16
553016,545128,41
967058,358936,90
649378,106605,91
726222,626559,11
591455,596883,36
825724,943918,39
431406,641884,53
155968,369402,86
548679,649596,10
775279,116717,87
666181,509995,77
501558,695988,30
484125,698355,30
266491,928484,75
36242,128416,63
303309,728665,84
685837,869408,80
152977,87930,72
849605,317700,8
588770,469592,64
441636,586638,53
627677,383233,26
6927,430766,94
895927,853647,5
259789,278292,17
258104,959287,75
741646,861008,74
976443,94251,57
86001,431539,94
884702,202992,76
697794,834284,80
822356,347223,8
786475,285823,67
839609,314134,8
653339,672701,19
99521,665349,16
536162,280046,96
749710,387928,0
918533,799527,68
660081,982703,49
302427,896772,35
55847,622421,16
32266,306500,40
354329,218709,9
844268,623556,12
110067,896549,3
311477,998439,75
777968,323884,0
524934,575194,99
288533,377064,38
330622,774344,84
412543,623551,53
27428,989044,46
874880,111696,79
288709,333835,17
780831,442648,89
597783,954776,65
932186,256872,69
249454,576636,23
526023,884703,14
208533,826548,29
802852,546649,18
546427,809578,25
593412,475828,64
255989,415909,38
192172,846313,29
988814,13216,57
130884,777447,29
561692,368849,2
257808,984385,75
562773,537507,41
892235,804885,68
708579,97841,91
417643,328954,43
746253,287209,67
130704,746279,44
713269,916352,49
144414,167801,63
231990,63558,42
229663,948312,75
280595,976225,75
417908,788474,48
898702,489033,66
186425,247527,52
190353,267984,52
12138,14921,47
786947,231826,67
314382,819284,35
711179,790105,74
295972,405567,38
379092,410743,56
361258,678175,4
89265,281920,40
239890,832301,28
492917,470334,37
916532,164813,27
20227,971563,46
74371,958528,46
991254,21153,57
520947,562627,99
79033,321459,40
771840,318588,0
523854,425319,37
344797,9338,50
945133,855381,85
389183,6560,62
265074,111050,42
424769,99358,62
920986,21523,57
740187,329050,0
359526,566092,21
322584,673922,4
622218,630308,19
592288,588483,36
638014,114277,91
663402,803335,24
660286,429084,61
625125,478427,64
934690,339251,90
804762,638473,12
826726,787501,95
534460,680889,10
706589,641537,11
313208,96739,15
906605,310909,76
459723,574082,99
602035,413347,64
128374,583909,45
775179,444621,89
749282,188514,78
359523,508482,21
72925,663146,16
498597,930673,65
833717,293063,76
514833,813434,14
388995,844543,48
236371,693171,51
139819,947332,31
811567,8635,32
138413,315868,86
801015,673243,12
200525,223821,52
763551,7056,32
590476,143178,81
409123,139643,15
995757,702449,6
62265,496860,94
742088,285157,67
643041,592123,36
811695,162319,87
101568,55246,47
520268,159936,33
46296,102444,47
792933,829903,74
185660,395368,86
964638,676483,73
652849,435565,61
550568,397819,2
152064,754179,44
490488,635032,53
987000,521830,92
407496,798676,48
362071,334469,43
428098,53461,62
524284,646999,10
128815,997524,31
391913,897729,48
131898,814592,29
857323,38682,79
143491,655835,44
625899,492098,64
705739,357787,0
326824,935308,75
723834,481253,77
427939,385921,43
184573,128983,42
817850,612324,12
342845,210738,9
881800,427627,66
130671,190591,63
267235,427266,38
67747,628410,16
691842,801718,80
477036,544904,99
215598,561719,23
816658,586970,82
209710,606022,45
413297,298958,43
603735,989949,65
79590,675763,16
550824,712230,30
462383,277724,88
714113,98931,91
741811,619232,11
444505,811136,48
776045,990718,39
13863,995951,46
953366,228704,69
835594,833887,5
140233,909858,31
984806,637788,73
303375,836684,35
148193,692898,44
545404,609567,10
996409,659240,73
861061,858248,5
588379,893258,25
553,302109,40
553475,261748,96
200798,827698,29
130502,349047,86
447881,536121,34
588399,229221,96
523185,171775,33
27688,360948,98
461790,311938,88
756203,505861,18
9825,129801,63
575003,78633,81
600173,119382,81
467887,790558,54
921829,195578,27
92933,926286,46
102048,130149,63
422412,484742,34
71809,896248,3
247182,394950,38
930477,537869,92
968182,245945,69
611228,917209,65
533037,760546,30
504739,158097,33
140300,33192,72
866613,180893,87
274111,983804,75
798125,100753,87
355945,381289,56
337149,479427,21
731777,976307,49
792547,348660,8
928703,715504,6
489538,676932,53
200834,424584,93
991452,344550,90
858842,562249,82
729703,133921,78
819681,391462,8
316090,530390,21
270822,715025,51
432784,810919,48
124769,8727,72
684872,656654,19
390260,104710,15
875568,683202,12
591536,959650,65
843084,720645,95
885627,737099,95
424288,13200,62
867503,136263,87
175784,415960,86
41967,350887,98
370304,703190,4
530290,584858,99
713165,178672,78
940850,873719,85
601849,286603,96
940481,679218,73
626374,474533,64
488915,205711,33
401028,84201,62
175296,214159,52
386127,641387,4
791552,621400,12
871793,238403,76
855829,924247,39
826691,201572,87
826413,532837,18
405812,489540,34
714764,54502,13
20711,106190,47
741376,307548,0
975924,361745,90
852747,125140,87
240505,174832,83
416873,392404,43
148569,3519,72
147042,337802,86
439983,800248,48
783854,249551,67
217802,605584,45
53951,765247,7
517932,887348,14
661536,440960,61
227993,889612,35
710972,310963,0
356093,860033,35
590797,530256,36
25609,417438,98
889163,178373,27
925235,435272,66
619462,304408,26
195946,276109,52
566582,553216,41
914974,981726,71
876146,388581,8
892621,296835,76
909231,445786,66
326123,154086,15
734435,655225,11
376752,77031,62
666373,739124,24
466795,429505,37
693956,329443,0
950934,348955,90
902963,108279,27
853403,151829,87
803287,847353,74
467492,144703,33
30574,868973,3
829608,233431,76
281467,629755,51
301707,790169,84
382906,505122,21
601844,199714,55
607957,948931,65
692609,692664,19
604029,916382,65
644941,535503,36
214766,574095,23
825564,264114,76
971981,90327,57
140247,137941,63
390566,243692,9
744170,272283,67
275760,714148,51
699847,344722,0
751476,60285,13
212392,681330,51
123396,925688,31
53287,608609,97
901716,144058,27
184126,621452,45
747658,895350,60
158646,377811,86
873764,362032,8
683503,641032,11
825182,840911,5
199260,979533,31
14526,140223,63
739877,115585,91
645795,881160,80
665054,573625,36
930878,282618,69
970928,401402,90
377619,656876,4
121896,716710,44
760007,442054,89
608636,356569,26
857229,454242,66
449819,113962,33
365341,297652,58
637426,222279,22
843758,57242,79
81743,869167,3
102831,282566,40
95369,874429,3
543409,90667,81
852745,95658,79
737657,809584,74
681826,458221,61
329314,786449,84
863653,428241,66
451844,147923,33
142381,3093,72
984662,215605,69
673323,545517,77
518864,560591,99
866827,771295,95
155186,214598,52
756696,800286,74
415388,428290,56
278066,460679,38
640640,238870,22
689148,517946,77
126412,614812,45
161132,154923,42
797646,38277,32
335809,957734,75
648046,719996,24
984715,118110,27
84900,928852,46
217477,147341,42
364358,768258,84
118876,958933,31
802684,725854,95
433749,28142,62
995563,442586,90
548134,501244,41
413189,477128,34
105874,427443,94
43231,585471,97
12472,619423,16
654726,981077,49
967103,101831,57
479304,674999,53
714045,958269,49
635340,165944,55
22378,117352,47
350474,426084,56
196838,261986,52
202554,334918,17
977030,958552,71
393412,90396,62
300428,299656,58
323528,539249,21
159444,782065,29
169668,619777,45
599049,219616,55
99443,343280,86
515300,650995,10
276175,682348,51
237983,787733,28
437784,837347,48
304980,808332,84
645195,801329,24
938495,299800,69
749170,309003,0
428162,134752,33
785094,78314,32
231041,119045,42
793097,581905,18
81180,406022,98
27826,685708,16
709456,828054,80
108689,751596,7
84450,356691,98
908231,641616,73
647369,343484,26
945879,398898,90
290685,546575,23
297761,481631,38
786677,681881,70
374329,353567,43
411834,696195,54
964449,500440,92
908429,972949,71
364581,526903,21
667783,437339,61
363141,322690,43
458820,393258,37
491298,258674,88
550181,907967,65
203540,908460,31
500243,591520,99
679881,761771,24
97192,519361,97
