x,y,cluster_id
242578,13469,51
383138,414652,29
67768,993126,84
484308,765337,30
31833,30935,61
932640,887879,11
591329,478778,99
833354,186335,0
735652,115053,62
698658,355604,56
638300,908210,27
294000,264971,71
377493,541620,8
9281,999465,57
12901,842497,2
852470,467010,94
53607,976747,57
196754,856972,10
144213,800662,43
729397,985790,73
183405,499760,4
469862,970991,44
450770,95791,33
974081,390235,68
680670,26669,21
231241,468739,67
97960,415410,90
796294,316402,36
778534,828493,86
487140,369048,17
602845,24264,22
811111,355792,36
806109,274877,12
859817,951019,60
777276,680837,42
835185,961129,60
705424,73751,20
536857,957185,91
418065,418776,54
381617,836927,97
240062,726211,1
431612,116690,33
223913,309587,65
244801,377033,65
807539,314736,36
775229,283334,85
996348,632867,75
600910,509480,39
834128,199442,0
35980,730005,28
197911,293197,96
770346,214750,12
309220,60662,93
557590,416916,87
115944,685545,58
959950,893088,11
136133,997800,84
27973,148064,48
522975,641339,64
989146,578132,19
680530,674978,15
362046,914709,97
530369,917610,91
283108,208988,7
471815,806578,38
161689,514298,4
813117,64168,52
479624,43309,31
902915,294501,70
685730,66033,20
821219,242774,12
310257,492554,95
356179,307990,25
396981,70916,93
886516,684032,88
528226,902819,91
686503,63316,20
152140,23765,79
418942,174793,9
752751,490316,34
747743,329274,36
117577,118127,98
374985,376969,29
728744,14480,21
382012,490499,55
827576,79664,52
923967,118042,46
938251,195973,14
726117,857863,83
103637,838910,43
565110,810400,66
406969,934977,44
160874,816054,43
431739,248100,72
830522,596218,88
645779,608168,18
495466,304382,17
755627,828610,83
455550,438144,54
897430,118944,76
98993,780745,2
997533,539816,19
698849,561277,53
384785,92576,93
929386,192648,14
841254,969376,60
318446,127999,7
288386,909935,47
279052,41813,51
755507,809000,83
866244,973541,60
313587,467795,95
243042,823442,10
599615,743697,66
327666,83176,93
951140,823081,11
527120,310801,17
646964,528517,99
786098,952490,60
515310,819254,38
207082,441170,67
757169,750570,42
841330,249551,12
217528,1761,51
607765,712493,15
871078,223776,14
14974,680695,28
452619,175360,33
288399,131390,7
272306,650010,77
719640,990750,73
535380,148002,13
469616,838895,38
313226,398227,29
5279,739131,28
580105,833601,66
347811,666053,23
354997,440055,29
14917,711650,28
706767,635577,53
146365,957588,84
183773,679719,58
48126,868372,57
730391,687771,15
373259,371670,29
663645,885499,32
586741,364693,59
406085,74556,31
75646,387667,24
531298,530090,39
229012,19601,51
439383,726733,30
208291,749221,1
166750,575130,4
211249,463602,67
769233,500985,34
67848,329471,24
430095,618497,3
83209,503956,74
994746,709053,92
62870,660778,28
710643,782564,83
561766,616936,18
851959,876326,86
416611,994392,44
751597,103922,62
622708,854272,32
763144,172256,89
113940,992884,84
414314,380142,29
62500,450930,74
789565,228458,12
697292,386877,56
247648,231501,71
849283,902588,60
803927,613533,88
663457,738469,15
452902,931007,44
436138,171789,33
273068,465220,67
955457,369525,68
607397,533230,39
999677,575269,19
555215,505000,39
540809,380896,87
724384,729940,15
104473,885740,43
639572,287519,40
332946,834822,97
860169,869593,86
256492,871667,10
117700,192914,98
305697,859094,97
796018,674653,88
900226,112347,76
221747,915444,35
880066,285789,70
257319,771158,1
861762,644236,88
684291,882927,32
369671,66247,93
417820,301777,72
980466,702029,92
7364,783108,2
703318,672688,15
870522,869668,86
524434,177186,13
980344,642136,75
393063,217912,9
447246,868568,38
31640,773725,2
9819,42467,61
744825,278843,85
523351,969780,91
102327,819686,43
470454,926986,44
854907,426604,41
934752,387852,68
632230,906357,27
147351,540271,4
343122,859703,97
37949,811880,2
271485,855588,10
870383,540877,26
534808,524330,39
423039,21274,31
554457,763045,66
498689,467937,54
617602,46054,22
32396,486973,74
571333,395104,87
522923,772502,66
453133,808894,38
94785,52884,6
826935,303685,70
42690,506413,74
285958,109358,80
982686,19644,16
173411,524345,4
675854,86444,20
873180,538256,26
478759,506532,55
299840,413003,29
344194,871591,97
838942,102171,76
196498,555389,4
424329,714240,30
233338,727393,1
302701,508484,95
92123,325340,50
998452,999447,82
711751,399947,56
915277,68584,76
703078,646216,15
966967,821532,11
497813,752719,64
952957,363209,68
467852,199519,13
319607,637251,23
293620,877284,97
523256,367777,17
237859,699470,1
999000,202858,14
442180,722977,30
79262,168652,48
539282,715609,64
251904,750679,1
674102,637241,15
116274,231005,37
506655,355788,17
732259,84308,62
967997,128374,46
585623,581955,18
922186,193661,14
864539,311585,70
811253,744298,42
429059,196341,9
917628,585903,19
274474,86126,80
521532,393337,87
826258,922274,60
661199,778269,32
376760,214791,9
994520,904005,82
626417,198418,81
813554,408777,78
327680,324291,25
367317,511847,95
620384,803852,32
341576,879053,97
250295,716161,1
534048,751257,66
386673,821553,97
854750,796623,86
844887,19776,52
383249,271130,72
883418,620394,88
964801,416189,68
902504,390258,41
74399,429715,90
223790,239575,96
552139,814155,66
516846,642578,64
822119,358702,41
709654,167894,89
807477,278000,12
359047,513118,95
989323,555229,19
734375,650304,15
661679,842450,32
72134,360306,24
669352,806694,32
106581,312340,50
513709,915202,91
801957,495907,34
725267,570966,53
239062,924139,47
4986,808315,2
353592,834880,97
839796,454535,78
374671,108680,93
592807,314266,45
880309,355704,41
327136,184438,7
855266,459639,94
154120,306519,50
672925,858988,32
25724,353126,24
998767,287106,5
403714,223334,9
576057,802292,66
127505,976868,84
225842,738540,1
646862,809815,32
561670,1315,22
111739,2849,79
893928,255271,70
349886,542663,8
542610,659326,64
304556,687893,23
434005,323590,72
589821,134435,63
462490,70127,31
629891,585425,18
253674,504712,67
696317,16186,21
52367,132880,48
315584,25240,93
210313,743236,1
574919,671006,18
608211,212948,81
31110,873539,57
579454,892040,91
521551,712622,64
41863,596998,49
751981,550487,34
35726,446954,74
959509,480178,94
357800,549171,8
923869,471037,94
731501,345154,56
16405,722120,28
675589,628740,53
237498,636867,77
829868,607283,88
621287,975722,27
973083,621237,75
132736,906385,35
616378,468377,99
14476,303459,24
245720,816957,10
608290,539205,39
424689,751438,30
430810,628092,3
345266,893285,97
456783,165931,33
810127,812538,86
334136,834506,97
549359,88853,22
352562,523797,95
458504,87214,33
817071,518386,34
520241,704018,64
443985,70005,31
588148,7255,22
937220,858295,11
379421,943657,44
52889,905543,57
469229,342547,17
188338,400091,65
335425,498812,95
536861,26511,22
579792,570720,39
104485,89116,6
780534,447421,78
815274,324253,36
733585,370990,56
235025,68069,80
47294,877899,57
859542,324578,70
186882,928701,35
689450,600241,53
266814,354545,65
842451,76321,76
733023,918199,73
184514,137053,98
455505,682579,30
107825,225534,37
556607,898878,91
458725,805522,38
420218,606961,3
197918,418513,67
953410,967169,82
215132,729668,1
532081,695311,64
97791,579595,49
262600,528353,95
31083,414922,24
596607,175765,81
82470,85277,6
252503,829532,10
958437,460401,94
966716,608715,75
679522,741861,15
466695,750819,30
22240,788280,2
625487,571436,18
128128,461503,90
481417,186445,13
589343,103250,63
330431,556650,8
624015,829410,32
905440,730891,92
89809,423409,90
243339,806022,10
817059,316019,36
347653,17202,93
127524,307548,50
960467,574613,19
532236,291130,45
25211,730439,28
503756,634589,3
538167,985049,91
730439,490467,34
283424,520330,95
197125,91670,80
697768,401666,56
808041,751828,42
983132,511241,19
432666,828883,38
48384,205276,37
80313,821012,2
757363,8609,21
707157,189128,89
680946,675023,15
127441,915777,84
464064,524562,55
320625,760533,69
294147,739293,69
312291,675442,23
165789,427107,90
397577,92002,93
290437,384309,29
82044,925550,84
721616,213077,89
186101,803504,10
504920,205865,13
980372,124577,46
776937,996788,60
17328,239384,37
332762,745003,69
267561,910812,47
19009,497406,74
906774,166610,14
230936,355255,65
779472,588468,34
394199,317563,72
290800,475775,95
362539,193552,9
44196,805903,2
813759,851464,86
564542,260234,45
763298,762542,42
44144,930766,57
389826,819942,97
765440,760514,42
966042,280601,5
70368,685962,28
964895,1139,16
146132,46477,79
147215,254032,96
524450,432983,87
161411,846487,43
913975,182299,14
909292,474804,94
46046,897454,57
512430,424367,87
349529,550215,8
478212,309860,17
823446,666155,88
77972,484115,74
526598,538193,39
414083,500447,55
18624,25006,61
287518,320761,25
30486,382682,24
751338,737903,42
952214,869233,11
200549,641193,77
542255,683283,64
943362,87182,46
283571,981982,47
172243,900475,35
299713,279151,71
697794,836100,83
339123,647658,23
193305,887822,35
638140,228485,81
149953,269467,50
948273,637831,75
40760,64007,61
770440,791028,83
808978,506184,34
446060,935134,44
809826,753518,42
387116,265002,72
893533,617219,88
601806,554563,39
553467,135407,63
786284,90982,62
141422,887534,35
789736,94881,62
675275,347341,40
775765,297738,36
89194,87366,6
364210,280764,25
805982,141354,0
738005,650951,15
540762,602548,18
28278,269437,37
431553,118445,33
710573,606347,53
879124,448669,94
782282,820982,86
259457,706066,1
852164,326385,70
562070,710548,64
196002,221354,96
306021,297215,25
301958,10359,51
109793,296194,50
136531,678842,58
313124,676199,23
877292,655694,88
250228,591121,77
977002,486192,19
430209,531175,55
471716,133042,33
41837,161437,48
279457,847490,10
779934,351890,36
223913,306152,65
499712,666297,64
460131,429919,54
652146,630747,18
974738,421745,68
270729,152068,7
810341,405655,78
858824,260347,70
659526,658617,15
390842,895279,97
965477,784319,11
64369,856170,2
654323,218280,81
638217,520501,99
65709,374082,24
205302,517220,4
918035,424475,94
152224,438185,90
585705,946647,27
297843,849297,97
146692,467539,90
943533,961072,82
748604,789923,83
252586,226657,71
426687,344493,72
895017,552102,26
178670,911525,35
1627,348707,24
724558,661643,15
239147,350197,65
768439,165283,89
911430,418744,94
831055,548144,26
672461,65380,20
854762,994810,60
776296,213350,12
780540,535883,34
586894,931210,27
856026,239074,12
130708,813366,43
255189,965174,47
693344,48560,21
150135,330008,50
458016,877102,38
468099,356033,17
855049,823421,86
250833,762169,1
776482,340047,36
179205,906942,35
983798,704694,92
802638,939609,60
16014,161869,48
544660,113148,63
689317,352054,56
984868,680902,75
922855,425236,94
955076,975835,82
863676,810105,86
443603,642803,3
599618,782140,66
441281,616519,3
840588,775751,42
54643,393956,24
230453,232462,96
997603,714695,92
888529,521034,26
25289,44722,61
644519,436345,99
654821,587228,53
546599,692868,64
35328,765762,2
175141,595542,77
289130,412239,29
502562,564201,39
536599,627309,18
189077,819114,10
865331,624967,88
821899,668647,88
957923,814533,11
856777,853233,86
292285,447019,67
63966,92841,6
380868,255788,9
36412,991412,57
667741,733999,15
325196,583595,8
488764,667166,64
67141,453105,74
335806,898567,97
222368,343760,65
589718,397795,87
753452,271553,85
218,666513,28
86064,492552,74
331103,860917,97
437529,555893,55
900287,138799,76
797276,820266,86
220819,307277,65
411484,813708,38
5974,405751,24
461672,330896,17
385117,664285,23
653832,955598,27
749923,957199,73
647581,895951,32
263295,210696,71
172066,923309,35
62027,503377,74
270310,113454,80
826725,781561,42
697279,176449,89
591138,271203,45
123186,389876,90
648284,724937,15
27815,496005,74
365009,710649,23
888142,6528,52
732732,42238,21
906359,176035,14
626265,636628,18
812437,629874,88
297298,690003,23
894775,491711,94
190341,69922,79
185334,911032,35
728059,491349,34
114253,261181,50
681789,835962,32
22854,118492,48
508964,170729,13
444857,724577,30
966472,504457,19
421891,732427,30
916412,152779,46
759500,932912,73
463855,26065,31
87796,603038,49
264076,325429,65
490573,73370,31
133243,423548,90
587391,294335,45
900293,241081,14
864629,826222,86
319393,42303,93
989090,639798,75
88958,130479,48
963129,319547,5
637683,550394,53
476744,645707,3
401749,208499,9
255176,755091,1
824497,334896,36
604644,259054,45
936577,58469,16
702505,2611,21
893644,477155,94
557158,159383,63
757319,269378,85
436915,244025,72
341386,678381,23
556456,363597,87
976096,261845,5
837832,455306,78
340140,738492,69
838163,10166,52
863728,683183,88
273097,950126,47
773734,164077,62
652271,725725,15
272943,365600,65
655343,351713,59
243255,402613,67
723965,680854,15
123297,261724,50
804150,361057,36
297167,501711,95
271521,465598,67
320205,686505,23
102040,1116,79
758899,819795,83
307084,162805,7
267077,770362,69
487890,978026,91
686407,447194,99
993502,791547,11
542651,338569,17
337652,918201,97
220304,659358,77
838643,89632,76
452402,525893,55
691637,347229,40
881189,156135,0
175218,898030,35
202446,516774,4
433467,286153,72
381265,933473,44
891852,364863,41
261152,191209,7
652788,414443,59
552273,60222,22
152052,547179,4
447529,629865,3
149661,361168,90
155977,515622,4
69174,623831,49
735693,807013,83
480659,444560,54
731063,990739,73
351500,667669,23
522571,854045,38
946983,952144,82
692021,812608,83
511050,224011,13
966500,978391,82
824190,168318,0
933801,405607,68
51988,766692,2
795650,499217,34
350803,954842,47
41902,262928,37
39298,496141,74
658151,545651,53
758756,412482,78
598829,521751,39
72999,895807,57
831767,524524,26
688145,665722,15
805639,387532,41
260766,707758,1
302174,653878,23
737836,820310,83
953547,269616,5
448563,15009,31
273042,21652,51
919776,682284,92
152520,417282,90
268832,274600,71
218522,701903,1
886238,17152,52
282081,937983,47
695537,894112,73
351414,225027,9
30544,369400,24
509515,434505,54
726246,31457,21
698925,838227,83
90299,656945,49
284910,495104,95
222096,768958,1
885650,129575,76
781288,108898,62
254319,347684,65
541060,609374,18
749789,707047,15
349649,565372,8
222516,835035,10
435364,172746,33
346145,673032,23
650491,814657,32
945008,765865,92
904353,475219,94
18253,782937,2
825366,939543,60
903418,749907,92
692057,410394,56
498846,114126,33
122227,272752,50
145801,483149,4
299740,744382,69
830073,38872,52
337565,463319,95
3177,407989,24
72370,324033,24
34459,166962,48
135095,541866,4
145298,37440,79
268732,595015,77
419959,266128,72
816027,971400,60
326940,881076,97
254108,809641,10
647788,378185,59
160600,220332,96
127164,246854,50
886556,346737,41
621975,539081,99
345074,661911,23
740201,573687,53
967708,277254,5
808407,912229,60
848464,150921,0
545608,35536,22
268556,622215,77
580360,118124,63
315317,532872,95
993768,265875,5
564594,145663,63
159422,415063,90
968169,19403,16
118412,165552,98
446318,280092,72
512132,404636,87
722206,119429,20
246048,329758,65
247805,860895,10
73814,600265,49
654149,291218,40
505451,130000,33
916369,427290,94
469615,830755,38
513926,568692,39
9142,661204,28
862551,907201,60
328505,197791,7
274385,597895,77
821890,507690,34
751772,35476,21
258163,962228,47
177659,927442,35
532199,682958,64
486770,152062,33
719304,358104,56
657716,242012,81
511020,725362,64
167867,340893,50
389685,436554,29
168204,4930,79
865417,75490,76
772478,47852,52
256073,828780,10
314452,8313,93
721180,884284,73
175914,600878,77
972434,711106,92
562233,463928,87
242174,218545,96
91632,73475,6
895381,682700,88
148105,206138,98
574866,777720,66
148148,932684,35
622352,886595,32
15845,313634,24
260497,179452,7
64106,436877,74
606106,827812,32
44174,442853,74
38842,831778,2
702222,253625,85
684563,456885,99
867658,729092,42
855769,925571,60
78773,940038,84
234979,302275,65
337800,408333,29
861433,115931,76
468418,707094,30
134634,805523,43
436332,443267,54
989277,779134,92
921152,804133,11
79997,512120,74
203381,227984,96
728568,57905,21
220248,712328,1
108589,67620,6
493188,26330,31
535295,713444,64
856125,894547,86
661345,229144,81
224344,555068,77
35232,161004,48
9371,502253,74
372830,154043,9
16201,300869,24
720729,295774,85
84228,635636,49
135320,335573,50
983496,627689,75
581780,989074,27
382185,391124,29
625693,35387,22
753161,377106,56
29806,965724,57
925212,50386,16
854117,145873,0
699758,848907,83
591717,993080,27
705928,543080,53
548909,523414,39
34276,83044,61
721979,309497,40
730015,369676,56
153033,40352,79
209195,951779,35
557925,45782,22
460857,634163,3
390532,680045,23
524206,332584,17
751909,350477,36
478207,238507,13
593432,812433,66
564719,245211,45
275696,632427,77
204459,355115,65
423492,636566,3
768454,409700,78
836554,972956,60
474675,868969,38
767850,268745,85
799870,421564,78
235436,983230,47
153839,583642,4
273905,538073,95
393064,234339,9
545063,884139,91
738266,52157,21
605151,789116,66
681866,121999,20
443740,940641,44
357292,15947,93
37314,142958,48
695613,169161,89
93245,177303,98
934087,209417,14
683274,802244,83
329324,964006,47
61453,846185,2
847387,38238,52
669441,304301,40
388493,413164,29
51053,57149,61
518097,671399,64
204299,655409,77
463472,580675,3
405447,351155,72
865230,932593,60
90591,573776,49
453396,227115,13
122325,925423,84
585910,392221,87
72148,603604,49
784572,309345,36
163232,447450,90
297934,391186,29
669410,783276,32
523323,500049,39
335821,143853,7
748186,770163,83
143503,855783,43
153310,696870,58
299309,495168,95
296116,831163,10
359620,145829,9
962045,96997,46
234047,631645,77
66130,450176,74
123385,735202,58
555062,930672,91
816155,122266,62
936490,602538,75
859314,500129,26
668252,320747,40
798684,496473,34
232905,438296,67
452176,736052,30
833106,26009,52
141307,949091,84
378831,13075,93
751950,25212,21
745536,240149,85
197255,274272,96
693050,102709,20
239531,813463,10
883097,219721,14
867177,651950,88
333819,497642,95
879322,774805,92
158403,282467,50
437674,987061,44
535721,864875,91
956956,569361,19
264541,152769,7
589402,90625,63
137783,724098,58
924659,744082,92
796387,879672,86
662489,457969,99
99091,428118,90
386559,904085,97
965117,737080,92
103915,513843,74
163639,293112,50
348921,321667,25
270602,23702,51
371931,49495,93
872748,275667,70
146722,969327,84
488819,596305,3
101812,161350,98
820818,492225,34
838009,433553,78
730040,787800,83
559365,254691,45
592493,41438,22
452454,404403,54
808356,44645,52
358498,278535,25
343883,656200,23
766914,538329,34
711036,394351,56
869030,793574,86
611259,433397,87
107854,709571,58
774190,821240,83
593434,860854,32
389015,175340,9
944062,863325,11
904945,420155,94
559495,443429,87
713401,137053,89
465648,155552,33
372323,636105,23
22946,669984,28
428548,614195,3
788360,968954,60
216611,582131,77
884498,772624,92
501411,221118,13
341683,672160,23
4474,207135,37
324423,585788,8
344812,260619,25
228897,75460,80
268969,564252,77
387670,572543,8
734233,269060,85
105796,122725,98
641645,133418,63
366279,58809,93
406691,267197,72
787883,956607,60
696008,810665,83
849490,387349,41
187938,683689,58
762548,145832,62
1247,969778,57
61106,10156,61
697222,216741,89
769867,168569,89
150759,807388,43
778061,878874,86
241909,774239,1
648644,768397,32
455517,880961,38
327679,309241,25
420151,482812,55
636180,292454,40
283061,412256,67
793444,429173,78
119609,276762,50
548990,875193,91
372582,989898,44
231415,399510,65
579637,962833,27
345796,794865,69
300875,814105,69
673124,211328,81
790360,581230,34
737625,272812,85
162626,267198,96
810016,945471,60
547859,873238,91
515237,603928,3
230113,513108,67
812783,457341,78
545122,879278,91
31104,780084,2
886726,208887,14
780325,939040,60
450219,837236,38
428397,72104,31
867855,48646,52
608610,922980,27
532228,163787,13
773860,276242,85
807459,978869,60
853246,522099,26
922630,658647,75
895314,558027,26
773335,454523,78
174958,527402,4
56195,480200,74
725944,955187,73
842620,914593,60
569582,966320,27
948107,839537,11
99223,647872,49
791721,463593,78
608784,844791,32
403138,543117,55
168961,736218,58
621532,98395,63
739130,569993,53
886779,105735,76
90082,19726,6
544786,233272,13
618436,55810,22
12355,661680,28
871635,576546,26
12552,975694,57
495722,605387,3
741714,238,21
11499,271766,37
575154,628918,18
240742,158462,7
282576,257007,71
524368,60129,22
591842,94499,63
259734,350116,65
402581,190496,9
670601,797720,32
292782,790946,69
446040,594992,3
46015,390610,24
993732,668097,75
708336,11153,21
462346,653469,3
865517,751617,42
431338,506075,55
602926,391413,59
489633,271500,17
104404,719744,58
745281,939802,73
260342,573491,77
663712,21535,21
954379,255236,5
765984,902903,73
96337,148934,98
139275,799879,43
576323,263659,45
322871,501548,95
522994,972856,91
798314,263975,12
641468,162387,81
254220,677608,1
560911,234065,45
939487,973489,82
429920,667674,3
601719,95697,63
383606,280928,72
567093,146859,63
273254,582893,77
691052,527648,53
180700,26089,79
486346,33361,31
709503,624747,53
129371,350974,50
833279,930390,60
77562,595368,49
360088,413,93
943914,376378,68
799696,494948,34
600324,662232,18
147557,4582,79
18892,533151,74
684244,98451,20
679476,966777,73
621846,377735,59
606424,184923,81
2469,507869,74
760893,341951,36
170468,58201,79
188936,450198,67
481465,983623,44
765368,550158,34
515568,161918,13
368816,699929,23
707770,504196,99
38803,178018,48
956165,274246,5
263093,811242,10
549946,951166,91
249375,258902,71
377096,861000,97
827171,274018,12
425691,597573,3
415183,994431,44
415829,847539,38
602008,949619,27
251351,457359,67
837562,920270,60
979574,700914,92
267319,837844,10
649455,398050,59
39719,571985,49
367024,584263,8
718978,870128,83
256065,700404,1
700113,814213,83
483066,903289,91
588381,928039,27
554483,212161,13
794661,879351,86
255422,893973,47
5303,142275,48
223110,819353,10
874756,39219,52
161644,755281,58
15347,948811,57
672529,211090,81
803106,813531,86
27758,542002,74
434785,444295,54
271661,811357,10
483756,491700,55
12831,661349,28
301021,267390,71
34347,278044,37
95313,930538,84
560008,66389,22
812235,235757,12
383949,40690,93
881513,594492,88
627292,901896,27
171516,683638,58
917026,460890,94
180264,702775,58
552612,754461,66
232109,67054,80
982663,621556,75
503817,659632,64
436894,880913,38
514167,613852,3
24935,94850,61
145688,579831,4
230428,819261,10
328540,776104,69
996164,541967,19
856088,277164,70
302927,303302,25
608687,211545,81
439819,46454,31
766181,205278,89
123733,592661,49
855691,599541,88
499790,974694,91
684477,16473,21
863901,591963,88
133589,246594,50
516366,566603,39
899298,515966,26
849073,384979,41
355820,267841,25
609764,307010,45
932852,445981,94
615953,326408,59
942830,155479,46
150533,8922,79
964888,880589,11
69581,457699,74
559233,40274,22
896103,804760,11
608177,643948,18
839299,99800,76
338913,115578,93
531827,427889,87
540352,710404,64
774367,798947,83
907227,773395,92
463358,658925,3
564644,975500,91
242637,2980,51
100307,862353,43
579898,353254,59
151113,757299,58
934581,513414,19
959552,206042,14
961499,920383,82
889004,501238,26
320196,545130,8
3435,746576,28
702916,912419,73
28342,348857,24
254831,960087,47
195418,396498,65
949062,889182,11
482897,60572,31
38358,696095,28
277616,897886,47
782126,192715,0
976367,815555,11
47561,367183,24
250198,93442,80
489054,543753,39
868320,862548,86
857057,565897,26
34491,702990,28
158204,950383,35
92834,265531,37
783404,680779,42
864418,276963,70
932470,28687,16
154262,697631,58
97959,397025,90
814029,399500,78
409374,358252,72
152011,861245,43
949625,357007,68
217499,509412,4
697051,337279,40
649929,369638,59
511522,150934,13
752145,317765,36
693008,399197,56
307755,451051,95
822738,772750,42
625918,811399,32
184419,543721,4
334906,773060,69
820718,807505,86
750658,320686,36
785342,246740,12
966998,336515,68
815811,338525,36
590288,980198,27
201272,782310,10
296841,20052,51
20866,697485,28
639954,718517,15
117304,528517,4
801422,503480,34
990531,856212,11
365333,163257,9
870528,967686,60
903693,378242,41
114596,19018,79
637913,404685,59
548960,376755,87
125468,753744,58
180463,52461,79
725937,832360,83
488572,444666,54
514411,717296,64
602637,521330,39
996356,770079,92
721412,781988,83
888241,674649,88
828435,516216,26
54127,717784,28
806198,773172,42
717055,545110,53
675831,706302,15
819734,276546,12
924551,936277,82
14241,361904,24
527166,86567,22
935600,639263,75
104474,906597,84
187777,975702,35
635548,659510,18
386401,243495,9
430963,196589,9
74268,225950,37
550329,381741,87
930692,149910,46
551242,725455,64
737414,718154,15
14629,885911,57
506598,393911,87
475021,678999,64
949483,969361,82
63705,704533,28
90754,306791,50
238242,139257,80
500294,441330,54
447531,654471,3
704467,984301,73
151992,535817,4
476856,532104,55
86363,514913,74
155124,175092,98
776137,545787,34
46215,751050,2
899979,947709,82
150080,410950,90
844016,388512,41
724458,966576,73
258840,327095,65
488267,305935,17
855019,307585,70
595217,815383,66
146287,651429,58
579234,196287,81
10309,278585,37
193866,317682,65
282931,235907,71
896855,456782,94
149574,896150,35
597415,755360,66
350980,924660,97
765605,525304,34
794308,950352,60
567872,236853,45
800813,264530,12
969201,370581,68
367793,498939,95
668545,236943,81
312609,24453,93
982474,440615,68
416742,188084,9
135925,497706,4
961435,847083,11
928276,542958,19
499754,378958,17
159582,94952,6
874509,882619,86
179285,257453,96
12982,203487,37
10752,721330,28
394248,133799,33
761338,821643,83
360747,87044,93
954615,230061,14
651675,711518,15
490738,842402,38
254990,631384,77
673267,605070,53
412090,2655,31
632375,328978,59
143520,145335,98
656858,826975,32
978240,284650,5
129133,340829,50
317550,74956,93
795116,523358,34
81564,856555,43
130503,370288,90
441438,248965,72
364857,159503,9
778416,850863,86
466530,971393,44
218310,136577,80
452236,745810,30
838533,224679,12
181327,578062,4
493051,709459,64
877720,847493,86
822971,678187,88
297579,423227,29
186750,722863,1
158476,506997,4
103082,506982,74
852662,692375,88
749167,264103,85
795872,227019,12
509287,592673,3
62189,224082,37
146216,458424,90
748036,254604,85
136100,437518,90
369257,118654,93
218680,367580,65
919956,701102,92
434314,524580,55
632318,384484,59
31709,939447,57
300288,943997,47
764675,893321,73
56236,171276,48
644175,660743,15
107918,794424,43
884694,52976,76
381471,391468,29
416627,264816,72
776791,534620,34
360716,560627,8
459909,704880,30
926502,721595,92
857947,527426,26
456404,796534,38
359700,488333,95
428072,611545,3
243076,392482,65
449116,295463,72
861457,523474,26
35660,343037,24
422954,593877,3
298042,197567,7
511678,780876,66
184322,907815,35
648739,370588,59
476892,135705,33
806736,819782,86
87898,315510,50
784424,814768,86
808639,807053,86
154885,161933,98
618360,782304,66
183469,563653,4
322168,691674,23
973753,875743,11
628993,494229,99
513687,542189,39
579436,590646,18
1329,351664,24
425282,730685,30
633715,862316,32
955479,742365,92
936087,815174,11
633311,73692,20
551892,663472,64
977056,382373,68
559254,385409,87
581022,243863,45
620345,146350,63
720456,720330,15
594062,407779,87
553845,486004,39
282944,451203,67
369869,403591,29
156053,790084,43
945671,905708,82
240476,689488,1
232479,283954,71
419288,976058,44
612061,912972,27
323431,912937,97
738606,751718,83
130905,120610,98
99089,395412,90
690142,229444,89
266216,302794,71
73476,914392,57
187987,513432,4
267309,666485,77
629584,419521,59
895081,633322,88
255640,542391,77
976002,675323,75
155109,922417,35
78647,827960,2
526706,360790,17
802648,112274,62
2696,326488,24
283871,23940,51
366885,250377,9
98251,318207,50
117525,248070,50
319077,733301,69
593578,280697,45
689268,540515,53
437002,698227,30
114725,192087,98
420168,778446,30
344590,527895,95
333144,161882,7
757749,492506,34
555424,19196,22
638441,282668,40
806620,874882,86
158318,859313,43
474740,959667,44
137082,937656,84
199555,929304,35
825561,215035,12
98511,689352,58
945270,154596,46
297508,226904,71
583530,404522,87
816610,772620,42
439778,361037,17
949771,802371,11
462480,903543,38
848070,526143,26
885616,554063,26
150036,671530,58
416868,308881,72
377294,183520,9
432834,645844,3
707546,740104,15
939596,798308,11
175216,871413,35
842428,703073,42
564368,344779,45
701073,934733,73
72950,77787,6
370613,900643,97
117706,301301,50
972525,237201,5
641695,968124,27
265998,633237,77
819211,491369,34
441982,406060,54
654656,810236,32
650921,34420,21
502268,630748,3
981852,989594,82
115967,65038,6
95760,439556,90
622380,348375,59
139959,294460,50
994231,44761,16
312977,210368,7
660995,353646,59
729113,215931,89
163043,280095,50
560459,650478,18
585070,283993,45
83739,402733,90
748310,850522,83
729120,328897,40
779478,687315,42
716464,612782,53
41966,325984,24
817062,367055,41
105570,319508,50
985034,482703,19
793321,352556,36
409054,982992,44
157585,547487,4
617918,359611,59
982900,608371,75
905399,55600,76
483297,773789,30
75356,517709,74
142626,118354,98
184423,606121,77
85691,214293,37
638219,560689,53
512251,407412,87
373729,276984,25
273457,998579,47
122545,625229,49
233725,229815,96
500913,856350,38
674480,993035,73
954025,313159,5
278790,629290,77
487476,17135,31
4565,739554,28
686417,619084,53
957943,151239,46
875498,505404,26
338261,159107,7
126081,46319,79
498717,945760,91
394182,17790,31
998900,525119,19
686535,610058,53
250482,855968,10
258509,761231,1
22548,980160,57
557999,296889,45
828594,189759,0
283321,785083,69
901814,790843,11
707819,315321,40
615167,113610,63
455838,270732,72
193164,515266,4
89202,230667,37
821111,414213,78
689897,109471,20
880706,37874,52
553728,519739,39
255202,192476,7
945325,93932,46
725917,488884,34
689664,193891,89
736071,161548,89
140826,874258,43
660527,488716,99
854288,26314,52
261920,98504,80
562220,245439,45
101742,984765,84
955899,810508,11
211777,338149,65
281804,288377,71
753290,550223,34
601289,873116,32
472743,398130,54
375548,836279,97
350232,364730,29
29361,480928,74
972295,366873,68
48551,1771,61
768158,447923,78
246552,799580,10
546738,30260,22
584984,828868,66
788940,727599,42
763882,569139,34
523443,511583,39
178129,823764,43
5093,605523,49
33573,263042,37
962840,459098,94
67424,199124,37
692065,544420,53
83468,855268,43
505736,911692,91
821867,122202,62
858017,695332,88
445916,511949,55
342937,744871,69
50570,938489,57
188180,757236,1
865898,159981,0
808412,989178,60
127998,262449,50
993705,203015,14
75276,164882,48
178256,960386,35
215869,125298,80
895538,317158,70
477585,780458,30
171723,155807,98
656736,762081,32
311292,887653,97
795626,98444,62
563748,917503,91
485947,318235,17
577285,435434,87
353729,135301,7
4940,38098,61
325248,448307,29
704363,232399,85
944267,306864,5
479426,717079,64
948340,765752,92
3712,391831,24
510152,139749,33
768994,482184,34
71325,774551,2
880603,305922,70
635826,328753,59
356958,401138,29
934269,261498,5
668,232162,37
955871,334649,68
451182,23349,31
436483,974807,44
596843,143468,63
268774,293049,71
275284,704814,1
821293,481305,78
296768,790396,69
198206,256078,96
907177,928476,82
906825,19552,16
613702,490084,99
846799,160303,0
223203,380972,65
4238,235973,37
998417,400464,68
598673,902218,27
586080,260836,45
880712,133559,76
734726,550408,34
711715,804720,83
940338,261410,5
525945,566742,39
245010,890290,10
120636,543869,4
819450,496208,34
775091,961085,60
972313,666060,75
475116,282028,17
45402,73875,61
618326,221168,81
187134,173262,98
25010,346286,24
38012,870850,57
386523,300523,72
902434,210237,14
464392,37261,31
250149,259355,71
980821,662146,75
689160,726988,15
500733,832968,38
706156,367834,56
197512,599976,77
812397,964734,60
295297,60486,93
596013,202505,81
505973,889124,91
509641,547389,39
982911,800290,11
475040,9311,31
501832,291985,17
392523,145788,9
263213,824818,10
723617,844065,83
213967,146511,80
415514,546904,55
820392,332608,36
148652,395572,90
378805,589644,8
162998,510465,4
397449,934304,44
848397,19401,52
75273,129264,48
549782,200565,13
899119,501601,26
412281,217109,9
964259,302515,5
384354,837852,97
792826,38791,52
973617,583752,19
130046,697597,58
529302,992877,91
286924,339565,65
74671,2733,61
937242,229782,14
952073,505880,19
340050,235234,9
585967,362300,59
180989,883290,35
468424,808422,38
154377,627630,58
579590,180689,81
853862,865781,86
182641,654700,58
548920,713517,64
87150,736320,28
333683,225694,9
248651,83404,80
777006,150050,62
899638,217241,14
181602,194039,96
217422,217279,96
808228,898584,60
513149,498741,39
349859,84797,93
187391,481162,4
895888,206203,14
664727,72408,20
967290,256805,5
123998,48087,6
213876,619782,77
681492,838677,32
645907,763770,32
685379,167063,89
844162,843276,86
946322,842699,11
248668,369411,65
693936,990944,73
810059,663165,88
826107,392494,41
649635,425133,99
225417,598504,77
65050,296349,37
753066,786788,83
551256,964254,91
218405,747744,1
347455,679858,23
389291,819241,97
995262,370934,68
299124,384750,29
496050,119173,33
954990,528199,19
450541,249264,72
387351,219666,9
937882,986524,82
513466,839628,38
630319,779980,32
127718,564851,4
461741,487289,55
882542,884272,86
962724,511529,19
283458,81512,80
982686,15692,16
746828,943657,73
57537,38989,61
298791,780725,69
652077,461848,99
279927,744454,69
38926,234091,37
380026,104045,93
697901,624950,53
536745,89336,22
478008,896976,38
482482,75279,31
221694,11060,51
899420,557177,26
482675,320272,17
814027,356565,36
793068,107455,62
997388,100180,46
739529,270242,85
965662,889330,11
971823,444881,94
131712,693749,58
848923,860404,86
816885,392244,41
460759,980937,44
611240,122995,63
187638,646888,77
251308,739837,1
453145,24331,31
935479,600588,75
89116,787429,2
332212,503563,95
395020,101521,93
274033,681332,1
147885,507427,4
342340,724872,69
930402,267352,5
386731,789151,30
266112,549422,77
136647,631639,49
964332,538166,19
964959,72936,16
851605,928536,60
906832,128894,76
328140,52040,93
647792,451377,99
301995,641305,23
423197,686058,30
592866,307988,45
364807,319069,25
593037,173339,81
322113,761604,69
286086,250464,71
564616,501269,39
841902,854087,86
654213,364370,59
966962,731779,92
22459,470884,74
153244,588531,4
443903,691860,30
99034,466069,74
235489,875460,10
856301,857188,86
764895,601439,53
397183,461721,55
159380,712294,58
532482,439497,87
629816,331469,59
6182,908779,57
854880,983874,60
973615,550380,19
252918,796504,10
845140,273376,70
644953,741321,15
395518,482858,55
406733,976923,44
160663,269645,96
924571,274822,5
944343,581326,19
355923,998955,44
453123,648227,3
755532,231224,85
198377,125068,80
29554,727486,28
872186,833442,86
672226,105496,20
74709,636755,49
944997,572538,19
657911,512550,99
442694,366638,17
95546,843433,43
587182,770090,66
908141,142076,46
875623,608146,88
121952,663443,58
491625,751064,30
139145,610977,49
693121,300331,40
678024,562287,53
360884,393459,29
877706,607302,88
928253,150849,46
325031,796711,69
329322,923591,47
800315,900302,60
378106,828224,97
964203,365902,68
731095,526524,34
296938,652421,23
251952,566351,77
673920,579525,53
91674,765255,2
652013,392734,59
691916,35020,21
596305,98392,63
679337,621292,53
62118,18727,61
748388,171543,89
123919,706836,58
793895,2085,52
56483,320598,24
296391,445621,67
565661,66217,22
914427,791244,11
446143,325544,72
418654,328243,72
793603,94099,62
525698,422601,87
670810,316135,40
289282,963987,47
740697,901476,73
118862,721231,58
736983,481008,34
311942,821608,69
767156,603502,53
68954,910806,57
920554,752031,92
391821,347951,72
19090,848691,2
958200,470330,94
845414,880932,86
834665,217815,12
818484,276402,12
496827,177470,13
754507,8282,21
195655,384886,65
789740,161820,0
717977,39662,21
610344,55919,22
847114,459968,78
694133,302923,40
234321,234622,96
306235,897556,97
236024,859912,10
554031,610119,18
274140,472506,67
412230,363886,72
846133,965895,60
805621,86397,62
81292,281776,37
821048,368884,41
845224,684612,88
275836,981809,47
270006,5574,51
689294,968030,73
688679,638952,15
878181,602431,88
65722,590606,49
329749,94063,93
932585,962865,82
877073,974537,60
56962,361010,24
511502,817773,38
320042,954805,47
415542,30667,31
434152,808783,38
230606,804050,10
684031,511462,99
148877,179903,98
634733,964717,27
13187,649375,28
46569,699849,28
378133,286293,25
739405,189805,89
64667,860162,2
759155,126764,62
524966,105688,33
314426,572619,8
12514,335998,24
123070,448772,90
514531,737321,64
163445,33015,79
888656,657891,88
182199,232656,96
265988,473477,67
738342,319927,85
16839,28442,61
40785,488486,74
985455,556887,19
616183,202840,81
135449,493984,4
395475,752681,30
325713,267179,25
479305,684696,64
689364,153263,89
902853,264551,70
312810,405632,29
463858,74331,31
281336,421060,67
759439,900982,73
811875,197518,0
691952,644483,15
838481,351647,41
141060,804371,43
70835,524125,74
980485,20554,16
463804,164116,33
305037,766483,69
290446,538504,95
639546,861608,32
46515,793188,2
119990,676533,58
497572,703653,64
299808,882508,97
318300,676037,23
157050,540517,4
485971,730168,64
937226,965963,82
944773,806075,11
702753,184428,89
690755,535332,53
330248,480746,95
905595,336892,70
147891,616778,49
188316,42434,79
190045,91193,80
684482,96529,20
363936,678804,23
665789,922666,73
249883,785982,10
6487,38901,61
822706,227730,12
465889,212366,13
247882,166075,7
236129,633031,77
360700,285099,25
672078,619512,53
148607,651002,58
399793,321712,72
24047,166567,48
496299,297695,17
374693,476535,95
131925,275620,50
353809,481397,95
846812,375489,41
854688,749306,42
589615,671165,18
281245,892186,47
984063,156896,46
967254,650457,75
233862,525750,4
294905,478063,95
818531,57035,52
601967,274727,45
353266,343610,25
60736,803086,2
472059,902524,38
726189,70879,21
276959,863402,10
207707,937294,35
110217,427088,90
82206,645291,49
418374,618593,3
693445,746177,15
11761,680446,28
258131,418569,67
905206,803736,11
400785,6811,31
486892,197797,13
381747,33272,93
215700,270200,96
252735,717594,1
616209,628414,18
765755,44589,21
413698,36750,31
669388,412275,56
106014,785356,43
484967,845731,38
206917,667176,77
240464,488961,67
971271,164388,46
885608,413901,94
439789,535815,55
451655,980427,44
37226,661488,28
644619,126512,20
292473,601398,77
711789,39925,21
23289,426991,24
441666,88754,33
697551,753889,83
623441,178417,81
660444,95090,20
183429,897801,35
350229,302072,25
937829,104719,46
19339,32371,61
61305,362573,24
777235,898,52
95227,481947,74
99263,321699,50
800667,815018,86
9192,505630,74
132203,943439,84
384489,118871,93
875794,476761,94
930516,193398,14
441779,992127,44
687628,968247,73
335525,170555,7
534559,345753,17
82571,783700,2
662522,7318,21
999516,876893,11
956619,902013,82
148324,892781,35
976122,687161,75
127391,70936,6
222909,441242,67
956185,602789,75
87901,367062,24
223834,987025,47
937058,144846,46
439045,44820,31
300250,307729,25
5574,691837,28
717811,260409,85
700245,27534,21
764167,355222,36
221639,101081,80
869255,570760,26
773186,940810,60
210473,431993,67
513573,635052,3
319684,930129,47
678532,98484,20
231799,851561,10
200644,234845,96
55903,572620,49
35125,348668,24
66846,489003,74
679080,310410,40
75342,273182,37
375973,985667,44
119701,826555,43
924873,352304,68
189005,623785,77
967410,268502,5
728600,595710,53
102436,643253,49
169705,233873,96
711595,791222,83
82044,924564,84
147855,6806,79
396184,674832,23
916063,278243,5
443418,533230,55
5633,675526,28
570865,537750,39
976676,8837,16
525337,345989,17
49038,187034,48
484653,563378,3
697575,144198,89
544473,971440,91
1173,729987,28
897010,59856,76
12524,493128,74
7243,736825,28
833230,105147,76
207029,547775,4
455577,891831,38
11471,803866,2
588490,764731,66
842605,669174,88
807621,694627,42
597270,324506,45
977058,422797,68
951929,86898,46
508953,986645,91
544542,131793,63
56719,286266,37
282869,196009,7
339407,422017,29
847895,580548,26
271368,890159,47
917185,131920,46
185828,220766,96
421535,753848,30
936974,735943,92
6424,974719,57
103501,549650,4
972851,720026,92
491481,321430,17
285118,983544,47
428867,973615,44
550302,937540,91
240450,258639,71
945704,455362,94
270875,606871,77
689894,59804,20
141903,966499,84
959991,578850,19
740206,647341,15
869832,278941,70
164799,784701,43
473367,887805,38
341458,894012,97
663399,760267,32
807837,332996,36
673449,660320,15
2287,452728,74
12225,470352,74
211719,375568,65
186165,878589,35
456264,442159,54
373044,761679,69
543486,374583,87
626890,148764,63
291799,274881,71
936343,127511,46
86116,361827,24
233232,944053,47
707682,12952,21
697113,384322,56
301378,272062,71
560771,883024,91
987929,134701,46
930290,389555,68
262146,892986,47
422659,640615,3
821153,122781,62
595084,592921,18
229050,652480,77
242622,751112,1
951209,971874,82
301352,838020,97
606578,767460,66
710263,396481,56
672775,342185,40
103813,793615,43
289343,998899,47
508574,615651,3
260407,664103,77
586028,378789,59
308913,902537,97
947558,617217,75
573498,782384,66
529017,197879,13
767187,115605,62
981045,433853,68
774636,310676,36
548260,618324,18
174109,250414,96
718460,161766,89
816887,436424,78
991573,372980,68
691235,594050,53
212245,213746,96
442635,368048,17
794543,893558,60
40899,399967,24
248680,578359,77
489804,141836,33
851281,482870,26
598464,389657,59
979846,280576,5
656353,336969,40
443351,409160,54
759273,105520,62
487017,310510,17
744581,178788,89
901512,720405,92
847165,317652,70
788798,334577,36
243628,663403,77
824505,470003,78
341481,273732,25
613804,219289,81
594938,133821,63
135251,171009,98
160620,555747,4
442150,224147,9
255259,152231,7
555823,730198,64
450245,267976,72
873643,322222,70
595166,959092,27
465348,117523,33
209650,600075,77
466774,80081,31
926329,818623,11
598494,890107,27
32171,707299,28
580389,605198,18
569562,630099,18
84728,34895,6
489555,967353,91
305076,426880,29
580548,271196,45
996328,293868,5
41617,464949,74
403664,386554,29
818825,992453,60
172700,569378,4
547558,822263,66
789063,796695,42
66622,726194,28
152070,849973,43
513015,244175,13
864615,592816,88
467937,624779,3
666205,922476,73
69144,118889,48
180678,662836,58
291448,367937,65
922280,766190,92
357697,822157,97
6310,67010,61
241490,729943,1
168594,574838,4
313976,8049,93
294922,767435,69
296710,808218,69
731945,810564,83
150221,771250,43
404778,108395,33
807193,508337,34
627130,183586,81
546174,553896,39
342655,14621,93
742954,837359,83
507096,771711,66
152641,440986,90
652402,920787,27
676384,990317,73
257843,578790,77
726245,6123,21
911105,943799,82
439822,89398,33
514024,211681,13
737007,886492,73
284746,733351,69
430491,274072,72
344397,292372,25
901535,98817,76
830760,590586,88
981327,163273,46
139246,317642,50
612431,130521,63
677692,982680,73
914810,224739,14
191054,57337,79
669299,914879,73
375622,85876,93
331176,88498,93
402675,761890,30
90780,745521,2
983570,862409,11
509389,307125,17
861598,881567,86
502765,982219,91
166353,895276,35
919842,787477,11
129735,467251,90
88562,467264,74
321060,60337,93
88366,179806,98
4688,800354,2
559102,834498,66
417430,756358,30
113646,58523,6
601183,92210,63
785975,895854,60
620728,585871,18
749465,268221,85
5308,225187,37
734438,702136,15
814254,175332,0
815264,145945,0
908158,414934,94
809069,32099,52
500152,60408,31
284697,914564,47
78633,600870,49
826246,716761,42
610420,338114,59
682946,279903,40
345246,559428,8
317817,554097,8
712799,27724,21
973166,5267,16
538267,662772,64
223007,92175,80
194904,767480,1
39980,951958,57
569394,813592,66
54758,325175,24
231980,890556,35
586856,292664,45
819429,156442,0
325094,867233,97
594135,641982,18
799960,934104,60
491448,779008,30
795635,245478,12
764174,474691,78
145975,416324,90
163518,262639,96
185165,76877,79
80376,891628,57
600630,794264,66
210603,616137,77
421799,190343,9
105250,946909,84
713457,74754,20
402659,496020,55
620579,77121,63
179938,226586,96
246870,154468,7
148301,503364,4
50397,33145,61
72777,171504,48
470675,642273,3
684467,851524,32
573478,454193,87
623409,644298,18
732555,54271,21
146526,664917,58
261599,695194,1
136362,842206,43
967962,549590,19
971577,301562,5
368980,458152,29
175832,221082,96
728847,737197,15
85325,67205,6
518665,205662,13
563184,437829,87
603134,882937,32
522293,184653,13
477208,438000,54
474363,625121,3
424425,323952,72
662528,118851,20
544535,8340,22
179649,367914,65
535689,325607,17
477202,340241,17
435851,359042,72
425627,528389,55
643332,484550,99
845357,916935,60
930686,43464,16
505785,737468,64
636969,550957,53
950736,32085,16
267583,283495,71
716943,667243,15
367407,9689,93
848430,572835,26
638424,4018,22
535211,302991,45
379021,214592,9
651870,983152,27
837702,268423,12
393688,721337,30
525050,524852,39
193088,241298,96
499586,551925,39
211286,96074,80
732506,233888,85
960959,848228,11
178820,435067,90
177573,484401,4
331746,662441,23
658146,463294,99
586611,177677,81
223490,212111,96
965481,845310,11
138352,288446,50
914801,73361,76
987156,139195,46
458447,130973,33
267040,148909,7
729823,137417,89
572681,64707,22
539311,213797,13
289808,807464,69
48249,935738,57
963280,856050,11
640207,968501,27
608550,909050,27
417161,227481,9
273319,682334,1
987993,207704,14
892582,634833,88
653883,814002,32
946064,504542,19
852700,339318,41
925811,111247,46
733077,832398,83
113547,394738,90
377415,223581,9
730380,507154,34
744184,512044,34
935900,683194,92
446639,669040,3
566149,272102,45
232993,926723,47
440263,511832,55
373846,231987,9
18322,941247,57
549549,282833,45
581593,833811,66
870593,60638,76
155807,661486,58
605519,963722,27
288283,185339,7
6671,119830,48
988386,818865,11
676822,363046,56
721172,749694,83
120572,456153,90
566116,712924,64
121106,437663,90
805638,358254,36
177901,988248,35
492031,571643,3
611520,826400,32
320641,21762,93
762440,333738,36
136394,380293,90
585510,682307,18
544097,647436,18
469918,916651,44
161711,886872,35
669521,655531,15
519154,427646,87
454980,853456,38
40576,971433,57
876531,859173,86
126649,597855,49
161501,349126,50
774685,137345,62
358671,186086,9
552943,322633,45
501475,296399,17
581471,798587,66
863399,163417,0
564951,139699,63
925992,152410,46
555256,192891,13
923160,555085,19
319079,773505,69
303196,825237,69
774996,365813,36
230342,366421,65
442776,737724,30
937575,828618,11
586493,196878,81
930076,794301,11
827642,186892,0
101007,625394,49
7015,908119,57
758044,447897,78
810591,618629,88
307870,383311,29
318791,926353,47
215639,247411,96
236891,436063,67
923718,941993,82
84489,18919,61
978174,185953,14
328282,443278,29
177430,79099,79
428703,211955,9
337151,509918,95
202999,814642,10
693461,9816,21
993693,1329,16
346475,215729,9
764357,548678,34
637638,785538,32
551784,848779,66
441657,931921,44
811815,178838,0
733447,55746,21
937309,368026,68
413368,477124,55
39287,303941,24
353149,390148,29
228816,714666,1
399131,200066,9
513282,734672,64
643629,480505,99
860880,818753,86
783749,476699,78
883418,621184,88
250117,732327,1
226167,199749,96
189277,181221,98
789126,848512,86
956122,547865,19
977900,570078,19
313902,758327,69
209374,953982,35
584994,2981,22
110113,679202,58
353367,41869,93
708461,113160,20
881485,130904,76
117949,376241,90
489602,749097,30
88583,820093,2
307625,259472,71
953614,392403,68
122726,665742,58
138268,875066,43
242565,797015,10
442532,638256,3
181070,249641,96
730091,652387,15
670359,730239,15
131217,370922,90
92727,470201,74
672493,597894,53
817405,136537,0
789922,228951,12
982536,498614,19
221094,937960,35
295359,103929,80
740080,526481,34
576161,548284,39
24199,723802,28
942423,314301,5
470699,40290,31
170221,915790,35
684587,864818,32
11789,145301,48
76596,352287,24
888442,46569,76
700616,268836,85
335615,687118,23
400994,522667,55
470535,287897,17
697811,124869,20
688892,217231,89
7223,400581,24
575238,33689,22
221411,268954,96
312055,713985,23
946640,192382,14
377602,364976,29
157012,905008,35
486036,822400,38
87864,733518,28
239884,736193,1
208879,636978,77
692912,783138,83
201419,263676,96
615648,198664,81
962492,615641,75
87898,308177,50
533516,812581,66
53466,604152,49
990127,81128,46
522120,281571,45
376225,222206,9
629028,77145,20
579685,782191,66
299912,627256,23
300486,281724,71
948260,406288,68
495298,480550,54
606287,872309,32
901451,691213,92
233411,950968,47
920500,844556,11
453748,155237,33
77643,954746,84
421586,600035,3
802628,783379,42
258687,768428,1
970727,13555,16
826039,247425,12
487390,566048,3
583266,956765,27
365457,245596,9
735206,608946,53
568344,158798,63
928424,38920,16
136536,761497,58
483704,624006,3
681335,210488,89
678195,429313,99
467277,535534,55
721883,696616,15
28021,958062,57
157896,769765,43
443199,856136,38
80478,604578,49
144783,375528,90
506327,848622,38
799952,798449,86
546966,871958,91
12898,790952,2
544597,50359,22
383838,171721,9
131553,21130,79
141188,954533,84
841984,241108,12
307179,761990,69
777942,872662,86
845296,905948,60
273827,214759,71
457694,464041,54
146157,468569,90
243205,560269,77
443365,635632,3
68248,56729,61
445885,996059,44
766556,508848,34
209824,520500,4
55495,717269,28
140356,978797,84
656790,682736,15
759000,519730,34
103895,172417,98
827631,10932,52
736916,350935,56
176099,702320,58
898657,743790,92
895162,997537,82
607491,106103,63
280498,332476,65
930878,269470,5
987444,984461,82
845398,607917,88
270463,681755,1
267282,224092,71
324571,73078,93
237724,432460,67
368673,298415,25
469016,766686,30
704473,83985,20
548799,680805,64
303587,388407,29
969519,722190,92
855023,373413,41
959553,211748,14
852546,756663,42
244950,888554,10
941443,840655,11
895814,953655,82
94037,485433,74
682877,122595,20
457900,933619,44
346859,664399,23
561039,399191,87
210888,407847,67
695666,60068,21
565821,753549,66
913204,235121,14
683291,79087,20
215504,991068,47
892569,421674,94
90685,147447,98
151071,56064,79
280301,32151,51
366382,794337,69
437363,769815,30
289237,222572,71
771413,142489,62
815914,82529,62
76385,803380,2
420719,35193,31
505045,301195,17
197778,70672,80
800807,170958,0
303406,353349,25
746815,733848,42
792513,771512,42
806054,356624,36
794210,289776,36
274597,166406,7
791771,310398,36
865924,585047,26
888762,425437,94
333963,916648,97
105033,290210,50
575778,111276,63
218821,725219,1
757869,515176,34
576005,925480,91
554485,245806,45
275612,226631,71
992340,260326,5
310845,387080,29
662528,114602,20
119516,714650,58
132627,75304,6
640850,780380,32
853661,482292,26
897609,117414,76
382537,314206,72
870676,454882,94
218152,482819,67
750571,848766,83
210450,42584,51
719386,736640,15
723720,563464,53
145257,346560,50
638946,779593,32
620914,705478,15
974895,60859,16
865193,311554,70
304026,780249,69
648127,81291,20
272972,841037,10
312897,863825,97
321470,946751,47
56616,547200,74
797117,159786,0
528193,345261,17
802938,984557,60
458092,153004,33
547549,669289,64
751456,735068,42
291144,257772,71
375814,315905,25
423259,716627,30
357271,661209,23
955529,576124,19
919733,961358,82
549166,833028,66
711930,420526,56
793073,187080,0
262844,628728,77
45971,644115,49
656424,521255,99
741453,606514,53
697235,443885,99
391093,101835,93
553537,310919,45
630526,254770,81
932587,993826,82
240563,149192,80
476883,988202,44
714043,926275,73
908862,251386,14
60639,164886,48
245320,107693,80
997875,298279,5
177995,578425,4
602901,972217,27
62625,539232,74
886038,640974,88
853343,136068,0
908377,99401,76
642820,883261,32
974658,89368,46
14600,390807,24
294582,45624,51
809025,290793,12
372397,879895,97
402852,734603,30
483464,581867,3
439128,440497,54
434009,404836,54
83600,73285,6
709509,726818,15
645204,955586,27
548300,280701,45
743270,151253,89
113725,384138,90
208663,10473,51
28020,944992,57
489790,908877,91
497479,134849,33
418637,40069,31
440706,950530,44
569191,400153,87
374610,86321,93
811542,591028,88
413575,971481,44
688626,746222,15
757301,970144,73
221123,430136,67
312242,855826,97
870926,659740,88
262512,43064,51
789649,636875,88
974570,609448,75
8089,958011,57
306536,957633,47
940645,436135,94
127625,5330,79
584387,792762,66
964004,20709,16
60460,166079,48
305651,83203,93
402777,474221,55
243448,633964,77
45933,6282,61
589766,198707,81
673001,142200,20
961468,401753,68
274397,803352,10
951904,658608,75
235035,240993,96
374723,977493,44
734206,816688,83
90104,379496,90
205370,654328,77
306350,832947,97
347191,255643,25
603805,153026,63
910286,182694,14
546929,251382,45
987063,578140,19
799686,337802,36
453076,862968,38
911558,571222,26
537390,924302,91
759594,505919,34
980819,628563,75
260511,424551,67
433017,728753,30
152287,499386,4
189012,739099,1
45181,357320,24
479644,388186,54
247087,798629,10
562443,987117,91
476724,310832,17
162870,367973,90
533331,710537,64
998833,389857,68
341139,524442,95
296946,771578,69
914777,657382,75
622178,960715,27
745285,19537,21
367327,680513,23
391256,854150,97
710569,545786,53
39720,574685,49
747561,268099,85
953273,674825,75
796985,930797,60
908441,171473,14
952115,211506,14
787029,611083,88
481862,656425,3
541228,425888,87
911297,172372,14
65875,174936,48
159696,16295,79
875347,966796,60
952072,483168,94
617389,468589,99
583285,271777,45
761430,359814,36
403016,490252,55
675593,704601,15
233278,719255,1
525597,720116,64
992680,979187,82
208784,41298,51
110977,192022,98
319272,15477,93
121943,507088,4
629694,267937,45
226809,987108,47
326497,442989,29
318711,578691,8
66209,788955,2
977424,581617,19
246629,94304,80
974568,574316,19
534958,45720,22
426094,365504,72
32858,252853,37
703911,643764,15
747977,251936,85
303910,817270,69
866256,176800,0
481483,293618,17
845619,321365,70
188643,539425,4
123227,90132,6
860341,755535,42
289719,311805,25
519246,980640,91
629819,373144,59
444904,507120,55
166833,969413,35
931282,62962,16
207535,49865,51
84811,421939,90
537135,631789,18
492007,166065,13
60263,847394,2
153504,957985,84
859486,387636,41
9036,881949,57
930257,837647,11
348864,361270,29
874006,427800,94
38292,583491,49
734116,289678,85
620721,469478,99
519480,905870,91
960546,910833,82
373419,54604,93
738185,679185,15
62515,703049,28
147872,298307,50
652641,950663,27
798877,726768,42
797272,757006,42
877,749458,28
142467,456128,90
158870,144118,98
198166,578048,77
262439,816993,10
211296,262706,96
303553,826803,69
80918,995480,84
38856,61991,61
886260,384177,41
878193,805173,86
552123,546478,39
661416,429349,99
70307,653648,49
867563,147931,0
276431,982328,47
992620,975064,82
910565,878461,11
299051,155462,7
855666,191216,0
778769,778219,42
531144,951395,91
106273,133201,98
724716,315212,40
783906,112714,62
388918,560963,8
118351,131094,98
307633,391025,29
972295,362264,68
572794,950236,27
623231,648020,18
279591,90301,80
695420,924677,73
50868,946144,57
852697,289010,70
400909,80236,93
530029,204595,13
643897,991945,27
635015,706284,15
524445,355800,17
935745,66799,16
706374,31804,21
533796,520799,39
82208,676299,28
571091,326879,45
865268,569972,26
528058,71215,22
920139,790929,11
158460,238967,96
328451,291513,25
461594,12795,31
53913,127132,48
715913,363008,56
81680,797025,2
609695,153873,63
155147,557809,4
105515,401647,90
496317,601726,3
223149,476486,67
313600,684492,23
261321,23603,51
704468,2967,21
869617,654510,88
357421,181966,9
304023,716323,69
247474,297020,71
18694,198242,48
854263,603400,88
354462,453708,29
485042,102231,33
204190,834839,10
143194,670626,58
211759,36388,51
579307,413969,87
580153,643850,18
191942,973849,35
485855,766610,30
421559,146677,33
213175,833880,10
32496,160666,48
321940,860071,97
229585,644525,77
532006,441206,87
351081,627161,23
706811,373462,56
792106,938575,60
635511,40397,22
958132,328878,68
453627,111506,33
88874,714540,28
278036,960261,47
114466,834568,43
599713,380786,59
876038,582052,26
551135,942734,91
533879,915443,91
852979,33504,52
107299,383051,90
954353,826492,11
862874,332142,70
324810,94134,93
117129,601714,49
9403,47954,61
976646,490739,19
855300,29265,52
868955,528684,26
605477,256829,45
532183,401428,87
809455,517412,34
156759,655040,58
257865,953078,47
389425,75051,93
395014,4161,31
943949,951123,82
540244,882994,91
490063,489846,54
853324,820063,86
807105,23307,52
726443,340516,56
59592,568899,49
493927,439828,54
199522,382241,65
334170,403013,29
454290,259457,72
698145,735922,15
653799,408136,59
550104,609306,18
612202,294927,45
849252,392747,41
906256,460424,94
359263,149555,9
575668,256528,45
473022,86728,33
639055,605884,18
95315,963017,84
441829,828476,38
210282,219793,96
64572,275847,37
170088,674576,58
602810,435517,87
749460,189825,89
391284,326675,72
436066,972719,44
500085,929411,91
627395,633848,18
89419,874624,43
815270,252227,12
191321,535210,4
277861,11183,51
965902,926296,82
267552,759755,1
208160,559082,4
500578,226161,13
99681,347117,50
11571,488539,74
886615,343965,41
35402,13630,61
86233,330534,50
300764,951641,47
231067,545989,77
442515,363441,17
363177,924358,97
689359,63612,20
137490,805585,43
475549,556927,3
286379,178252,7
886004,80731,76
852316,884684,86
897333,489478,94
668426,241454,81
122766,335452,50
958337,778092,92
393004,222288,9
999065,293110,5
313757,322385,25
335890,308660,25
648733,265871,40
501287,136494,33
67971,394146,24
413985,858545,38
574512,828858,66
617691,549257,39
363827,845602,97
43521,465627,74
794882,584894,34
320437,590267,8
624615,913405,27
610102,986747,27
273387,829194,10
272392,100408,80
565614,280269,45
495129,637973,3
423944,241261,9
880285,966749,60
162141,111135,98
861009,993474,60
320478,283182,25
454226,186211,13
658182,66879,20
43908,971335,57
238965,286995,71
535849,20202,22
543046,985857,91
300322,520581,95
416603,848618,38
728755,199191,89
805350,531708,34
429340,919234,44
579723,418029,87
824434,270447,12
413154,890393,38
849434,452043,78
501490,558449,39
861232,731590,42
845767,808828,86
975387,334584,68
353307,33966,93
877491,992951,60
541546,767769,66
897056,829431,11
254770,920065,47
533365,272047,45
308981,49304,93
653504,442657,99
742728,34613,21
742753,457315,78
98691,700767,58
792316,459259,78
777969,338981,36
261327,137860,7
24637,85065,61
702893,523409,53
942582,986318,82
50024,764552,2
829061,43849,52
978310,461329,94
572504,89810,63
447585,563567,55
870862,587316,26
34016,712580,28
338022,140635,7
654145,226822,81
212531,9409,51
143084,818460,43
873430,747653,42
815036,317864,36
355994,206110,9
104642,724333,58
869180,315457,70
901194,380762,41
481214,763715,30
773841,960878,60
492286,862411,38
546181,666267,64
962217,995837,82
41548,309354,24
323093,238310,71
292246,778781,69
973001,243616,5
456654,990756,44
644206,180946,81
161621,368979,90
441662,25713,31
160668,353019,50
196628,738319,1
944198,150706,46
928135,165252,14
398952,192838,9
38952,678856,28
540988,398900,87
326248,254285,25
768345,587831,34
681003,632423,53
145065,114841,98
134702,940715,84
597889,728435,66
814962,68619,52
294251,484582,95
370584,417897,29
603858,53817,22
515088,88463,22
801163,162107,0
532532,272332,45
92004,316225,50
801320,801581,86
177734,189664,98
683596,198111,89
662746,786578,32
18957,619718,49
601523,807753,66
911892,173415,14
601521,769983,66
110526,622131,49
155984,635295,58
413493,584813,3
954861,350841,68
585577,803787,66
251449,112080,80
740572,797936,83
918316,145153,46
589125,434005,87
337678,357840,29
224015,32727,51
51154,756426,2
265735,210164,71
238242,143530,80
319926,1836,93
870503,545383,26
256183,670661,1
812127,431654,78
819177,924239,60
687702,221992,89
31496,365145,24
992443,993350,82
249425,95995,80
395840,895051,97
127981,992197,84
862342,395634,41
427570,179407,9
298593,462743,95
338331,341108,25
15148,606920,49
510841,716092,64
362174,72087,93
579359,302700,45
485224,161817,33
666322,890260,32
615217,965049,27
583347,329338,45
199666,795792,10
878042,261509,70
192523,749501,1
864739,683983,88
707240,588843,53
688205,664477,15
868935,205119,0
438702,265993,72
559778,205532,13
379815,551844,8
852769,503733,26
249469,826688,10
158355,474747,4
80248,739783,28
548855,622138,18
274131,329745,65
31437,367204,24
609077,758717,66
771104,945553,60
909992,236037,14
87934,907489,84
171181,45733,79
645968,788124,32
8780,569659,49
266679,83145,80
419425,277292,72
457135,79489,31
973621,660357,75
621917,562491,18
796794,718596,42
459440,812268,38
802520,955953,60
711307,948116,73
999523,994688,82
731868,517718,34
291460,572471,8
530835,755680,66
720245,161140,89
285686,531010,95
692001,462214,99
432737,18131,31
741444,456405,78
802459,933806,60
481562,626222,3
916344,995180,82
5256,349706,24
522843,423980,87
834547,233853,12
383804,594042,8
64335,281088,37
257650,339205,65
26523,783896,2
944697,535683,19
225906,817319,10
684041,691821,15
437205,104553,33
227023,585704,77
927636,792555,11
483970,85522,33
375920,91669,93
689699,786206,83
778954,883542,86
700110,764320,83
929667,919360,82
693790,536900,53
689671,302732,40
32091,364763,24
588211,68229,22
725931,738193,15
825905,1430,52
36024,461895,74
85707,480507,74
896083,475724,94
496488,484992,54
270452,499604,95
856801,265823,70
701401,448395,99
181621,516063,4
471253,353866,17
426556,139335,33
807829,196520,0
917499,414711,94
61287,57642,61
801934,106334,62
168787,804843,43
11445,369362,24
873568,68453,76
504581,497687,39
631514,871624,32
385919,146647,9
696861,154459,89
993785,552813,19
134521,903590,35
649209,260288,81
668817,816167,32
335527,209680,9
91962,616759,49
874581,87120,76
239494,183354,7
644236,679626,15
486406,28899,31
710768,888546,73
802102,941875,60
98658,146707,98
706142,136080,89
100530,615176,49
264690,661300,77
475871,975311,44
54017,877335,57
379938,625605,23
552031,1560,22
233574,694353,1
992915,933750,82
543142,587734,39
60186,551112,74
549654,48470,22
638135,150104,63
799005,882166,86
567202,973949,27
164509,912175,35
940300,637523,75
859625,732878,42
491094,817193,38
570139,335243,45
439680,703920,30
796198,709476,42
176797,432529,90
524753,534328,39
464790,729573,30
949714,859153,11
791328,861322,86
251471,484224,67
362398,831006,97
732089,227292,85
98435,405506,90
354965,901937,97
871217,556512,26
299646,158634,7
169590,310911,50
482435,296743,17
368680,416030,29
218897,3468,51
298655,510029,95
67452,667298,28
282552,854794,10
534360,991410,91
644262,120634,20
509230,633199,3
187052,789607,10
933293,858954,11
446588,819879,38
716135,94644,20
693680,681464,15
368547,170973,9
552065,571954,39
839112,965840,60
873180,542780,26
507600,246409,13
399616,352466,72
902603,63379,76
222748,735494,1
448992,219589,13
646993,12210,21
216018,628218,77
469413,432828,54
541675,939586,91
633266,306340,40
666378,828446,32
707571,153047,89
267912,801923,10
932127,269160,5
785977,918159,60
503424,61040,31
902341,654848,88
38989,302344,37
498881,696893,64
689007,156253,89
151924,397182,90
438673,780594,30
454620,807844,38
439983,795013,38
785074,749591,42
380864,184302,9
570255,292399,45
357436,438052,29
351988,878070,97
738440,973795,73
582230,545129,39
986663,861096,11
440710,25186,31
308152,119321,7
438219,152999,33
463220,349622,17
104110,779896,2
724160,972539,73
470074,548581,55
4486,400673,24
122386,949800,84
303924,61633,93
870615,441775,94
914552,885072,11
408293,195417,9
381698,211104,9
39517,175498,48
597726,986537,27
734726,544436,34
348383,277859,25
990287,760008,92
460086,671700,3
271231,587133,77
949957,931784,82
504758,469649,54
396571,169858,9
811065,579080,26
601400,735886,66
44774,532076,74
610747,831990,32
264089,547925,77
978352,177074,46
97843,463341,74
378099,725730,30
345329,958603,47
248968,406783,67
807434,556127,34
839620,500620,26
935755,236319,14
814865,443082,78
895654,259162,70
738184,662687,15
780858,887030,86
313394,224970,71
86677,780612,2
752053,769944,83
464647,334626,17
71165,74508,6
264458,759002,1
550863,361216,87
970389,337856,68
359002,756559,69
494418,699943,64
943422,106997,46
315055,133490,7
577684,135346,63
776487,427867,78
164726,554262,4
496929,885865,38
743667,827247,83
557002,546839,39
733646,389960,56
60428,614203,49
918520,573909,19
688724,392475,56
336424,282852,25
900423,420224,94
720208,549713,53
27525,620819,49
109094,554558,4
465264,704534,30
114303,103995,6
854656,217504,12
596911,289522,45
4781,358404,24
707352,475225,99
109743,459680,90
851583,559585,26
952423,382795,68
643621,338934,59
473830,674079,64
261513,250141,71
130697,631121,49
266254,939642,47
566372,30669,22
466522,849075,38
414219,780996,30
209325,126657,80
725409,964372,73
204667,854535,10
177780,955489,35
919241,690099,92
495455,126293,33
613258,29503,22
871798,319657,70
481145,618702,3
532360,391031,87
60686,950043,57
379302,944826,44
696410,573070,53
601486,188413,81
669027,346244,40
323331,234650,71
775316,746426,42
196615,514219,4
491173,147911,33
940257,908176,82
721611,117297,20
426649,705571,30
544606,200413,13
357850,392564,29
830532,767373,42
245667,940960,47
715201,391097,56
174073,647322,58
548043,971243,91
696372,925877,73
215634,161900,80
55018,692313,28
712377,927157,73
736419,9442,21
702278,193423,89
873701,299579,70
34149,951728,57
693823,90131,20
832839,531748,26
92617,615242,49
375174,558060,8
315037,842529,97
397334,996283,44
540533,740281,64
919056,576565,19
343349,683385,23
665875,370513,59
214538,748167,1
446293,846754,38
396340,293551,72
723051,330260,40
694860,516403,99
187296,898200,35
62859,473736,74
89044,570969,49
282264,12729,51
946365,557043,19
228743,489589,67
526077,787772,66
90832,613466,49
524275,492640,39
809019,193754,0
435362,129505,33
599866,953626,27
608512,275670,45
195504,844361,10
176793,362577,65
840003,933959,60
49911,856005,2
892507,374373,41
98489,310047,50
966367,742655,92
818864,662743,88
726565,387198,56
638107,672312,15
548576,932851,91
435298,66872,31
925143,885400,11
928200,271243,5
793021,314549,36
640995,213778,81
977363,555885,19
772577,705172,42
829628,567413,26
525039,331274,17
737436,99259,62
247223,87075,80
474772,494537,55
692599,516586,99
266871,307844,71
934273,338196,68
70992,164320,48
727164,453575,78
251208,60588,51
310708,79585,93
587223,463827,87
549220,753440,66
81967,628838,49
883188,745269,92
738993,263774,85
252134,618627,77
279758,899576,47
184474,455079,67
515722,746013,64
252630,954000,47
891029,525111,26
545027,275310,45
150651,2932,79
294089,760183,69
408843,427214,54
199685,114638,80
727531,622335,53
598898,686753,18
261990,281647,71
655805,124417,20
76785,539114,74
891933,733319,92
906484,293005,70
545655,831439,66
3921,905456,57
5526,882332,57
369770,735118,69
141150,313866,50
158647,389433,90
207380,435936,67
778949,800379,83
979574,702166,92
313365,734695,69
33476,640808,49
73189,99124,6
985379,271688,5
269841,230461,71
362685,654859,23
231651,368074,65
235097,287191,71
820091,274543,12
249241,9917,51
678295,115614,20
125262,280675,50
313908,856657,97
850144,379250,41
65252,690552,28
113330,747760,58
609669,721912,66
190006,433261,67
828784,379513,41
481946,68224,31
642831,69959,20
808594,54329,52
113497,553255,4
565972,294944,45
126846,906555,84
471429,321953,17
80407,412935,90
201160,909171,35
437240,709054,30
74241,785185,2
605176,201206,81
672562,764634,83
207786,266759,96
434289,103170,33
980116,815910,11
15355,87549,61
442900,826637,38
293995,178349,7
517254,501914,39
669621,331681,40
572627,152685,63
177783,14391,79
872634,375753,41
296348,732522,69
500094,87285,33
7657,704407,28
979880,855337,11
659977,236226,81
250389,302308,71
902957,15090,16
632960,159258,81
656166,187857,81
320460,984458,47
788390,486668,34
441296,874194,38
590725,325379,45
651586,222481,81
242704,129406,80
939541,869561,11
717435,943433,73
289923,747777,69
896686,607217,88
503987,509549,39
1682,269753,37
749156,73985,62
479922,62532,31
980282,610942,75
105635,416264,90
164514,990134,84
188208,222138,96
473590,627330,3
543549,428615,87
741584,806742,83
915616,768114,92
702680,955289,73
549590,963876,91
868379,853343,86
146423,932871,35
765242,436944,78
734316,657662,15
329395,152620,7
99952,893283,84
418872,996885,44
657946,111299,20
609638,196207,81
665238,668164,15
840772,871409,86
774441,34308,52
620934,51083,22
552081,836282,66
396369,779991,30
322735,223456,71
635159,131277,63
376563,909277,97
220471,462544,67
991298,759093,92
87453,832851,43
741322,411507,56
214559,108407,80
999143,604129,75
603262,36722,22
195439,746900,1
158912,850667,43
166604,115325,98
279049,977652,47
408719,356568,72
852463,347729,41
286178,796032,69
910094,951507,82
987254,793666,11
152247,829269,43
528978,544597,39
44935,228151,37
537233,287012,45
813435,402472,78
352614,388736,29
488699,565002,3
995051,822396,11
13678,886824,57
857035,191593,0
108236,122851,98
756995,824486,83
150788,309716,50
399455,650874,23
241976,906605,47
325059,280044,25
708504,841474,83
656512,6583,21
640576,162587,81
612522,674038,18
560270,464324,87
893828,579301,26
321782,196547,7
368760,752038,69
508559,365599,17
628076,74059,20
714313,465553,99
562909,827049,66
219854,97050,80
135472,891008,35
175929,855071,43
188255,16365,79
59868,211032,37
817586,180635,0
938772,941440,82
785949,446675,78
272453,129615,7
442444,158165,33
280727,193529,7
651742,843516,32
984877,840599,11
951422,551836,19
711018,91314,20
725873,755499,83
678151,685964,15
8159,142032,48
132353,464406,90
284504,660414,23
587088,197138,81
311943,828816,97
913459,516004,26
485725,589431,3
581964,80122,22
626225,979941,27
871247,54104,76
340678,789414,69
686328,119098,20
688543,346397,40
908514,402216,94
58528,682053,28
272175,455770,67
127667,704592,58
91144,861484,43
977341,175070,46
406881,461404,55
831509,179175,0
408950,234339,9
538043,894743,91
960292,642988,75
712940,382726,56
482845,180348,13
114864,521113,4
355929,99462,93
661398,131774,20
740526,28087,21
72247,272030,37
10248,251930,37
198355,767121,1
17276,362470,24
49752,191072,48
354880,472929,95
518018,336337,17
830708,721522,42
630718,481481,99
252647,245298,71
727503,155203,89
502937,871887,38
811566,3548,52
638851,172409,81
678430,374539,56
877053,644820,88
501485,464392,54
40094,866828,57
788481,12168,52
523886,952386,91
757139,249761,85
738267,64984,21
195586,226239,96
409432,327501,72
317846,46767,93
16563,382757,24
998970,702863,92
19046,121363,48
756934,800922,83
112704,223258,37
300602,220496,71
883752,223518,14
681928,178903,89
832802,905771,60
305708,34757,93
161672,236110,96
302437,72991,93
760684,831855,83
998637,93618,46
439369,475287,55
162233,661430,58
655312,829326,32
490510,14172,31
203609,66059,80
254487,174726,7
620893,363857,59
350442,888545,97
786935,21641,52
735543,282751,85
203236,793177,10
928064,975354,82
788256,226468,12
248845,346382,65
643177,876585,32
771289,66630,62
864525,82475,76
174043,154096,98
905097,968233,82
106408,401808,90
188752,363141,65
321696,753521,69
431382,242732,72
597235,742365,66
933300,987721,82
637817,794245,32
886756,714001,92
229172,706534,1
729733,634738,53
54282,331635,24
796682,838679,86
688114,147061,89
664881,667225,15
57874,690168,28
657937,960117,27
694185,168199,89
920640,203439,14
206170,110557,80
144705,65636,79
158263,941452,35
986022,78691,46
566910,61587,22
104101,630804,49
929296,691151,92
185061,332708,65
831986,200734,0
749530,353269,36
404256,347057,72
988728,551931,19
315847,440924,29
619610,799650,32
731251,142957,89
694893,67684,20
577555,981491,27
919501,65172,76
355170,346690,25
834055,972260,60
779262,59879,62
398575,857604,97
750971,571883,53
642750,704931,15
776813,907664,60
109388,488309,74
18447,55251,61
616118,103227,63
944677,190610,14
593289,423058,87
341075,451556,29
307720,860379,97
402792,727874,30
383161,802457,97
896709,992447,82
56994,914718,57
678475,138713,20
358225,704085,23
559016,390220,87
434006,350200,72
818301,192531,0
872938,478734,94
91124,537121,74
393711,112491,33
652164,923250,27
68032,415056,90
860760,794799,86
190971,651142,77
748752,284219,85
871819,665261,88
58332,394125,24
63536,859468,2
79395,393250,90
366335,994811,44
800002,641310,88
509060,787132,66
338856,158585,7
354169,520302,95
719521,998148,73
882981,277365,70
687378,767482,83
85428,791894,2
369500,194908,9
834106,821170,86
420066,57967,31
261084,54311,51
815993,407314,78
740859,627479,53
45850,611005,49
164433,637471,58
986132,931881,82
136689,334619,50
951539,519416,19
837109,291735,70
203639,570053,77
893430,890659,11
313439,975644,47
665164,420696,99
638107,672288,15
153963,666035,58
59348,468570,74
268265,744266,1
891606,233354,14
988942,164043,46
82746,720882,28
873647,395500,41
183476,691724,58
806534,417166,78
324512,78816,93
677118,332329,40
455914,548574,55
893985,218642,14
730842,268588,85
163299,576881,4
647679,550837,53
928598,956074,82
742461,555660,34
981977,87476,46
214692,338468,65
639572,295846,40
289153,798885,69
863909,733934,42
229066,927139,35
429759,964289,44
818938,905304,60
455037,821781,38
684952,995527,73
822753,18389,52
70937,240041,37
377460,976235,44
587928,315384,45
668721,204499,81
21890,916891,57
187595,925093,35
47259,283392,37
986079,33093,16
205561,863813,10
111738,997105,84
345191,640965,23
700689,491511,99
826568,128578,0
17854,84332,61
369419,833065,97
338204,205871,9
86560,829287,2
829949,961778,60
603205,77624,63
634115,581481,18
961196,824024,11
375197,938742,44
444591,241006,72
598401,327478,59
934315,37459,16
577749,233042,45
740501,607937,53
597629,355913,59
836566,175557,0
593397,223945,81
843815,14220,52
996326,265544,5
6362,929288,57
548836,301922,45
405529,737987,30
361289,195685,9
893968,928245,82
21213,533108,74
950154,248537,5
167070,960353,35
653279,662935,15
962557,711074,92
37491,118308,48
416531,644500,3
113898,297950,50
647953,161163,81
682686,916851,73
527574,948806,91
583622,941817,27
126646,548033,4
791941,165645,0
7945,541111,74
464490,700059,30
900155,921713,82
246499,922173,47
976847,873194,11
777344,826649,83
493520,602720,3
919338,328377,70
37572,477177,74
928073,129776,46
160354,75080,79
874598,376743,41
926882,113907,46
451018,264014,72
290055,961966,47
778481,931340,60
47409,819754,2
620922,850305,32
81664,537346,74
185885,169283,98
143769,340872,50
39713,461281,74
765011,546981,34
112862,877555,43
78375,254308,37
158693,166552,98
252053,266403,71
443798,923218,44
531980,997333,91
185426,471313,67
364579,479593,95
521854,803166,66
823094,744740,42
850538,8553,52
754085,911901,73
331625,637908,23
331571,722943,69
511835,415936,87
642212,663744,15
561657,771752,66
845337,587539,88
768258,126663,62
839033,629980,88
82735,537150,74
892533,804957,11
912979,448058,94
520675,997756,91
296419,916393,47
826693,237557,12
637163,806109,32
279119,153298,7
489103,365647,17
440680,511064,55
459311,650101,3
252403,140406,80
815311,941738,60
801994,119700,62
813133,337567,36
489177,604029,3
927973,452405,94
586986,475611,87
602374,104119,63
937191,370627,68
128304,420426,90
104518,646213,49
903370,945466,82
448965,761747,30
686386,100861,20
183301,744829,1
357013,322779,25
955738,99845,46
98853,434807,90
808612,355699,36
239105,647397,77
806602,562955,34
588234,453591,87
515082,988653,91
299751,927433,47
367399,891753,97
705501,356234,56
239586,734517,1
39232,387669,24
566603,897052,91
764621,990346,73
752391,451622,78
426554,107959,33
472837,974783,44
189120,550857,4
253909,455776,67
233284,807043,10
984967,345015,68
671210,29289,21
273977,740758,1
936506,859806,11
769486,758280,42
415389,445375,54
425057,947097,44
873878,269749,70
677052,216343,81
88089,518866,74
595724,339958,59
683586,35628,21
806727,664484,88
983568,839102,11
789856,114476,62
1505,300734,24
442308,883352,38
507226,950580,91
404398,718290,30
307779,852450,97
132817,258515,50
873884,377471,41
163168,367998,90
948505,527122,19
349965,862056,97
577549,871358,32
919746,187078,14
230513,246126,96
640385,960420,27
794966,856,52
400143,216369,9
523783,227532,13
144010,392802,90
835693,493531,26
780511,63272,62
414481,192619,9
350510,23909,93
842323,930127,60
651531,293115,40
393437,508606,55
153675,825653,43
751977,489347,34
462525,658177,3
984679,502519,19
848636,36629,52
632701,807515,32
910598,426925,94
335706,220836,9
598261,986447,27
219588,617878,77
691638,364220,56
449727,575290,3
904654,535703,26
562839,650636,18
248767,38650,51
599542,516483,39
544796,390629,87
317204,256418,71
631908,479756,99
265035,455599,67
266550,909230,47
431088,298157,72
127291,389487,90
118353,171400,98
727242,758435,83
20474,113536,48
212603,230009,96
776523,24510,52
948005,126000,46
689736,396209,56
97237,273565,50
808693,708338,42
46568,670837,28
767552,257364,85
523366,221656,13
382963,465770,55
207650,974987,35
618400,463487,99
837935,184081,0
853701,153717,0
524453,498005,39
977355,415504,68
379271,412508,29
22212,321476,24
54113,491993,74
941010,559627,19
660749,210311,81
703306,469124,99
572652,575238,39
34503,901341,57
851907,11669,52
121777,718396,58
85022,979533,84
11802,365073,24
789225,505339,34
242796,683363,1
293528,328704,25
535729,9490,22
512205,644505,64
201679,625781,77
517247,381043,87
200021,763085,1
179990,95470,80
572110,457338,87
485947,322062,17
899263,926437,82
633644,658480,18
75982,42916,61
290094,624249,77
769189,764915,42
938873,648919,75
385188,859818,97
971735,957801,82
768125,882084,86
196007,290390,96
600850,491762,99
54771,550160,74
548775,276753,45
402198,752438,30
239159,548024,77
649110,601012,53
210815,176204,96
462408,694909,30
335910,640631,23
87093,776822,2
63933,524404,74
659777,885632,32
818681,574191,26
443079,836478,38
701945,606343,53
809039,527776,34
336622,609051,8
328846,926552,47
567626,92846,63
462755,535665,55
934899,847742,11
11346,703965,28
553016,545128,39
967058,358936,68
649378,106605,20
726222,626559,53
591455,596883,18
825724,943918,60
431406,641884,3
155968,369402,90
548679,649596,18
775279,116717,62
666181,509995,99
501558,695988,64
484125,698355,64
266491,928484,47
36242,128416,48
303309,728665,69
685837,869408,32
152977,87930,6
849605,317700,70
588770,469592,87
441636,586638,3
627677,383233,59
6927,430766,24
895927,853647,11
259789,278292,71
258104,959287,47
741646,861008,83
976443,94251,46
86001,431539,90
884702,202992,14
697794,834284,83
822356,347223,36
786475,285823,85
839609,314134,70
653339,672701,15
99521,665349,58
536162,280046,45
749710,387928,56
918533,799527,11
660081,982703,27
302427,896772,97
55847,622421,49
32266,306500,24
354329,218709,9
844268,623556,88
110067,896549,84
311477,998439,47
777968,323884,36
524934,575194,39
288533,377064,65
330622,774344,69
412543,623551,3
27428,989044,57
874880,111696,76
288709,333835,25
780831,442648,78
597783,954776,27
932186,256872,5
249454,576636,77
526023,884703,91
208533,826548,10
802852,546649,34
546427,809578,66
593412,475828,99
255989,415909,67
192172,846313,10
988814,13216,16
130884,777447,43
561692,368849,87
257808,984385,47
562773,537507,39
892235,804885,11
708579,97841,20
417643,328954,72
746253,287209,85
130704,746279,58
713269,916352,73
144414,167801,98
231990,63558,80
229663,948312,47
280595,976225,47
417908,788474,30
898702,489033,94
186425,247527,96
190353,267984,96
12138,14921,61
786947,231826,12
314382,819284,69
711179,790105,83
295972,405567,29
379092,410743,29
361258,678175,23
89265,281920,50
239890,832301,10
492917,470334,54
916532,164813,14
20227,971563,57
74371,958528,84
991254,21153,16
520947,562627,39
79033,321459,50
771840,318588,36
523854,425319,87
344797,9338,93
945133,855381,11
389183,6560,93
265074,111050,80
424769,99358,33
920986,21523,16
740187,329050,36
359526,566092,8
322584,673922,23
622218,630308,18
592288,588483,18
638014,114277,63
663402,803335,32
660286,429084,99
625125,478427,99
934690,339251,68
804762,638473,88
826726,787501,42
534460,680889,64
706589,641537,15
313208,96739,93
906605,310909,70
459723,574082,3
602035,413347,87
128374,583909,49
775179,444621,78
749282,188514,89
359523,508482,95
72925,663146,49
498597,930673,91
833717,293063,70
514833,813434,66
388995,844543,97
236371,693171,1
139819,947332,84
811567,8635,52
138413,315868,50
801015,673243,88
200525,223821,96
763551,7056,21
590476,143178,63
409123,139643,33
995757,702449,92
62265,496860,74
742088,285157,85
643041,592123,53
811695,162319,0
101568,55246,6
520268,159936,13
46296,102444,48
792933,829903,86
185660,395368,65
964638,676483,75
652849,435565,99
550568,397819,87
152064,754179,58
490488,635032,3
987000,521830,19
407496,798676,30
362071,334469,25
428098,53461,31
524284,646999,64
128815,997524,84
391913,897729,97
131898,814592,43
857323,38682,52
143491,655835,58
625899,492098,99
705739,357787,56
326824,935308,47
723834,481253,34
427939,385921,54
184573,128983,98
817850,612324,88
342845,210738,9
881800,427627,94
130671,190591,98
267235,427266,67
67747,628410,49
691842,801718,83
477036,544904,55
215598,561719,77
816658,586970,88
209710,606022,77
413297,298958,72
603735,989949,27
79590,675763,28
550824,712230,64
462383,277724,72
714113,98931,20
741811,619232,53
444505,811136,38
776045,990718,60
13863,995951,57
953366,228704,14
835594,833887,86
140233,909858,35
984806,637788,75
303375,836684,97
148193,692898,58
545404,609567,18
996409,659240,75
861061,858248,86
588379,893258,27
553,302109,24
553475,261748,45
200798,827698,10
130502,349047,50
447881,536121,55
588399,229221,81
523185,171775,13
27688,360948,24
461790,311938,17
756203,505861,34
9825,129801,48
575003,78633,22
600173,119382,63
467887,790558,38
921829,195578,14
92933,926286,84
102048,130149,98
422412,484742,55
71809,896248,57
247182,394950,65
930477,537869,19
968182,245945,5
611228,917209,27
533037,760546,66
504739,158097,13
140300,33192,79
866613,180893,0
274111,983804,47
798125,100753,62
355945,381289,29
337149,479427,95
731777,976307,73
792547,348660,36
928703,715504,92
489538,676932,64
200834,424584,67
991452,344550,68
858842,562249,26
729703,133921,89
819681,391462,41
316090,530390,95
270822,715025,1
432784,810919,38
124769,8727,79
684872,656654,15
390260,104710,93
875568,683202,88
591536,959650,27
843084,720645,42
885627,737099,92
424288,13200,31
867503,136263,76
175784,415960,90
41967,350887,24
370304,703190,23
530290,584858,39
713165,178672,89
940850,873719,11
601849,286603,45
940481,679218,75
626374,474533,99
488915,205711,13
401028,84201,93
175296,214159,96
386127,641387,23
791552,621400,88
871793,238403,12
855829,924247,60
826691,201572,0
826413,532837,26
405812,489540,55
714764,54502,21
20711,106190,48
741376,307548,85
975924,361745,68
852747,125140,76
240505,174832,7
416873,392404,54
148569,3519,79
147042,337802,50
439983,800248,38
783854,249551,12
217802,605584,77
53951,765247,2
517932,887348,91
661536,440960,99
227993,889612,35
710972,310963,40
356093,860033,97
590797,530256,39
25609,417438,24
889163,178373,14
925235,435272,94
619462,304408,45
195946,276109,96
566582,553216,39
914974,981726,82
876146,388581,41
892621,296835,70
909231,445786,94
326123,154086,7
734435,655225,15
376752,77031,93
666373,739124,15
466795,429505,54
693956,329443,40
950934,348955,68
902963,108279,76
853403,151829,0
803287,847353,86
467492,144703,33
30574,868973,57
829608,233431,12
281467,629755,77
301707,790169,69
382906,505122,55
601844,199714,81
607957,948931,27
692609,692664,15
604029,916382,27
644941,535503,99
214766,574095,77
825564,264114,12
971981,90327,46
140247,137941,98
390566,243692,9
744170,272283,85
275760,714148,1
699847,344722,40
751476,60285,21
212392,681330,1
123396,925688,84
53287,608609,49
901716,144058,76
184126,621452,77
747658,895350,73
158646,377811,90
873764,362032,41
683503,641032,15
825182,840911,86
199260,979533,35
14526,140223,48
739877,115585,62
645795,881160,32
665054,573625,53
930878,282618,5
970928,401402,68
377619,656876,23
121896,716710,58
760007,442054,78
608636,356569,59
857229,454242,94
449819,113962,33
365341,297652,25
637426,222279,81
843758,57242,52
81743,869167,43
102831,282566,50
95369,874429,43
543409,90667,22
852745,95658,76
737657,809584,83
681826,458221,99
329314,786449,69
863653,428241,41
451844,147923,33
142381,3093,79
984662,215605,14
673323,545517,53
518864,560591,39
866827,771295,42
155186,214598,96
756696,800286,83
415388,428290,54
278066,460679,67
640640,238870,81
689148,517946,99
126412,614812,49
161132,154923,98
797646,38277,52
335809,957734,47
648046,719996,15
984715,118110,46
84900,928852,84
217477,147341,80
364358,768258,69
118876,958933,84
802684,725854,42
433749,28142,31
995563,442586,68
548134,501244,39
413189,477128,55
105874,427443,90
43231,585471,49
12472,619423,49
654726,981077,27
967103,101831,46
479304,674999,64
714045,958269,73
635340,165944,81
22378,117352,48
350474,426084,29
196838,261986,96
202554,334918,65
977030,958552,82
393412,90396,93
300428,299656,25
323528,539249,8
159444,782065,43
169668,619777,77
599049,219616,81
99443,343280,50
515300,650995,64
276175,682348,1
237983,787733,10
437784,837347,38
304980,808332,69
645195,801329,32
938495,299800,5
749170,309003,85
428162,134752,33
785094,78314,62
231041,119045,80
793097,581905,34
81180,406022,90
27826,685708,28
709456,828054,83
108689,751596,58
84450,356691,24
908231,641616,75
647369,343484,59
945879,398898,68
290685,546575,95
297761,481631,95
786677,681881,42
374329,353567,29
411834,696195,30
964449,500440,19
908429,972949,82
364581,526903,8
667783,437339,99
363141,322690,25
458820,393258,54
491298,258674,13
550181,907967,91
203540,908460,35
500243,591520,3
679881,761771,83
97192,519361,74
