x,y,cluster_id
242578,13469,40
383138,414652,18
67768,993126,37
484308,765337,20
31833,30935,98
932640,887879,99
591329,478778,60
833354,186335,86
735652,115053,3
698658,355604,70
638300,908210,36
294000,264971,53
377493,541620,47
9281,999465,37
12901,842497,35
852470,467010,19
53607,976747,37
196754,856972,64
144213,800662,33
729397,985790,29
183405,499760,65
469862,970991,61
450770,95791,26
974081,390235,22
680670,26669,6
231241,468739,4
97960,415410,32
796294,316402,9
778534,828493,5
487140,369048,8
602845,24264,46
811111,355792,9
806109,274877,24
859817,951019,73
777276,680837,66
835185,961129,73
705424,73751,6
536857,957185,61
418065,418776,68
381617,836927,23
240062,726211,90
431612,116690,26
223913,309587,84
244801,377033,84
807539,314736,9
775229,283334,43
996348,632867,97
600910,509480,60
834128,199442,86
35980,730005,14
197911,293197,41
770346,214750,43
309220,60662,40
557590,416916,63
115944,685545,49
959950,893088,99
136133,997800,7
27973,148064,76
522975,641339,2
989146,578132,97
680530,674978,12
362046,914709,23
530369,917610,62
283108,208988,53
471815,806578,67
161689,514298,65
813117,64168,15
479624,43309,56
902915,294501,24
685730,66033,6
821219,242774,24
310257,492554,47
356179,307990,78
396981,70916,56
886516,684032,96
528226,902819,62
686503,63316,6
152140,23765,80
418942,174793,59
752751,490316,50
747743,329274,9
117577,118127,76
374985,376969,78
728744,14480,6
382012,490499,18
827576,79664,15
923967,118042,79
938251,195973,69
726117,857863,44
103637,838910,35
565110,810400,74
406969,934977,38
160874,816054,33
431739,248100,21
830522,596218,42
645779,608168,12
495466,304382,21
755627,828610,44
455550,438144,68
897430,118944,79
98993,780745,33
997533,539816,82
698849,561277,10
384785,92576,52
929386,192648,69
841254,969376,73
318446,127999,52
288386,909935,88
279052,41813,40
755507,809000,44
866244,973541,73
313587,467795,4
243042,823442,64
599615,743697,0
327666,83176,52
951140,823081,99
527120,310801,8
646964,528517,71
786098,952490,73
515310,819254,20
207082,441170,4
757169,750570,66
841330,249551,24
217528,1761,80
607765,712493,0
871078,223776,69
14974,680695,14
452619,175360,59
288399,131390,52
272306,650010,89
719640,990750,29
535380,148002,95
469616,838895,67
313226,398227,4
5279,739131,14
580105,833601,74
347811,666053,45
354997,440055,18
14917,711650,14
706767,635577,12
146365,957588,7
183773,679719,49
48126,868372,35
730391,687771,66
373259,371670,78
663645,885499,29
586741,364693,92
406085,74556,56
75646,387667,13
531298,530090,75
229012,19601,80
439383,726733,91
208291,749221,90
166750,575130,65
211249,463602,4
769233,500985,50
67848,329471,13
430095,618497,31
83209,503956,48
994746,709053,16
62870,660778,14
710643,782564,44
561766,616936,54
851959,876326,51
416611,994392,38
751597,103922,3
622708,854272,74
763144,172256,86
113940,992884,7
414314,380142,68
62500,450930,48
789565,228458,43
697292,386877,11
247648,231501,53
849283,902588,51
803927,613533,42
663457,738469,0
452902,931007,27
436138,171789,59
273068,465220,4
955457,369525,22
607397,533230,71
999677,575269,97
555215,505000,60
540809,380896,63
724384,729940,66
104473,885740,7
639572,287519,17
332946,834822,23
860169,869593,51
256492,871667,64
117700,192914,76
305697,859094,23
796018,674653,42
900226,112347,79
221747,915444,34
880066,285789,24
257319,771158,90
861762,644236,96
684291,882927,29
369671,66247,52
417820,301777,21
980466,702029,16
7364,783108,35
703318,672688,12
870522,869668,51
524434,177186,95
980344,642136,97
393063,217912,85
447246,868568,27
31640,773725,35
9819,42467,98
744825,278843,43
523351,969780,61
102327,819686,35
470454,926986,27
854907,426604,19
934752,387852,83
632230,906357,36
147351,540271,65
343122,859703,23
37949,811880,35
271485,855588,64
870383,540877,1
534808,524330,75
423039,21274,56
554457,763045,20
498689,467937,75
617602,46054,46
32396,486973,48
571333,395104,63
522923,772502,20
453133,808894,67
94785,52884,98
826935,303685,24
42690,506413,48
285958,109358,40
982686,19644,30
173411,524345,65
675854,86444,3
873180,538256,1
478759,506532,75
299840,413003,4
344194,871591,23
838942,102171,15
196498,555389,65
424329,714240,91
233338,727393,90
302701,508484,47
92123,325340,13
998452,999447,25
711751,399947,11
915277,68584,30
703078,646216,12
966967,821532,99
497813,752719,20
952957,363209,22
467852,199519,59
319607,637251,45
293620,877284,88
523256,367777,8
237859,699470,90
999000,202858,77
442180,722977,91
79262,168652,76
539282,715609,2
251904,750679,90
674102,637241,12
116274,231005,41
506655,355788,8
732259,84308,6
967997,128374,79
585623,581955,71
922186,193661,69
864539,311585,24
811253,744298,5
429059,196341,59
917628,585903,1
274474,86126,40
521532,393337,63
826258,922274,73
661199,778269,0
376760,214791,85
994520,904005,99
626417,198418,57
813554,408777,94
327680,324291,78
367317,511847,47
620384,803852,74
341576,879053,23
250295,716161,90
534048,751257,20
386673,821553,67
854750,796623,5
844887,19776,15
383249,271130,85
883418,620394,96
964801,416189,83
902504,390258,87
74399,429715,32
223790,239575,53
552139,814155,74
516846,642578,2
822119,358702,9
709654,167894,3
807477,278000,24
359047,513118,47
989323,555229,82
734375,650304,12
661679,842450,44
72134,360306,13
669352,806694,44
106581,312340,41
513709,915202,62
801957,495907,39
725267,570966,10
239062,924139,34
4986,808315,35
353592,834880,23
839796,454535,19
374671,108680,52
592807,314266,17
880309,355704,87
327136,184438,85
855266,459639,19
154120,306519,41
672925,858988,44
25724,353126,13
998767,287106,77
403714,223334,85
576057,802292,74
127505,976868,7
225842,738540,90
646862,809815,74
561670,1315,46
111739,2849,80
893928,255271,69
349886,542663,47
542610,659326,2
304556,687893,45
434005,323590,21
589821,134435,95
462490,70127,26
629891,585425,71
253674,504712,4
696317,16186,6
52367,132880,76
315584,25240,40
210313,743236,90
574919,671006,54
608211,212948,57
31110,873539,35
579454,892040,62
521551,712622,2
41863,596998,14
751981,550487,50
35726,446954,48
959509,480178,82
357800,549171,47
923869,471037,19
731501,345154,70
16405,722120,14
675589,628740,12
237498,636867,89
829868,607283,42
621287,975722,36
973083,621237,97
132736,906385,7
616378,468377,60
14476,303459,13
245720,816957,64
608290,539205,71
424689,751438,91
430810,628092,31
345266,893285,23
456783,165931,59
810127,812538,5
334136,834506,23
549359,88853,46
352562,523797,47
458504,87214,26
817071,518386,39
520241,704018,2
443985,70005,56
588148,7255,46
937220,858295,99
379421,943657,38
52889,905543,37
469229,342547,21
188338,400091,32
335425,498812,47
536861,26511,46
579792,570720,71
104485,89116,98
780534,447421,94
815274,324253,9
733585,370990,70
235025,68069,40
47294,877899,35
859542,324578,24
186882,928701,7
689450,600241,10
266814,354545,84
842451,76321,15
733023,918199,29
184514,137053,72
455505,682579,91
107825,225534,41
556607,898878,62
458725,805522,67
420218,606961,31
197918,418513,32
953410,967169,25
215132,729668,90
532081,695311,2
97791,579595,65
262600,528353,47
31083,414922,13
596607,175765,95
82470,85277,98
252503,829532,64
958437,460401,83
966716,608715,97
679522,741861,0
466695,750819,91
22240,788280,35
625487,571436,71
128128,461503,32
481417,186445,59
589343,103250,46
330431,556650,47
624015,829410,74
905440,730891,58
89809,423409,32
243339,806022,64
817059,316019,9
347653,17202,40
127524,307548,41
960467,574613,97
532236,291130,93
25211,730439,14
503756,634589,31
538167,985049,61
730439,490467,50
283424,520330,47
197125,91670,72
697768,401666,11
808041,751828,5
983132,511241,82
432666,828883,67
48384,205276,76
80313,821012,35
757363,8609,6
707157,189128,3
680946,675023,12
127441,915777,7
464064,524562,75
320625,760533,55
294147,739293,55
312291,675442,45
165789,427107,32
397577,92002,52
290437,384309,4
82044,925550,37
721616,213077,43
186101,803504,64
504920,205865,93
980372,124577,79
776937,996788,73
17328,239384,76
332762,745003,55
267561,910812,88
19009,497406,48
906774,166610,79
230936,355255,84
779472,588468,42
394199,317563,78
290800,475775,4
362539,193552,85
44196,805903,35
813759,851464,81
564542,260234,93
763298,762542,66
44144,930766,37
389826,819942,67
765440,760514,66
966042,280601,77
70368,685962,14
964895,1139,30
146132,46477,80
147215,254032,41
524450,432983,63
161411,846487,7
913975,182299,69
909292,474804,19
46046,897454,37
512430,424367,63
349529,550215,47
478212,309860,21
823446,666155,42
77972,484115,48
526598,538193,75
414083,500447,18
18624,25006,98
287518,320761,84
30486,382682,13
751338,737903,66
952214,869233,99
200549,641193,49
542255,683283,2
943362,87182,30
283571,981982,34
172243,900475,7
299713,279151,53
697794,836100,44
339123,647658,45
193305,887822,7
638140,228485,57
149953,269467,41
948273,637831,97
40760,64007,98
770440,791028,5
808978,506184,39
446060,935134,38
809826,753518,5
387116,265002,85
893533,617219,96
601806,554563,71
553467,135407,95
786284,90982,15
141422,887534,7
789736,94881,15
675275,347341,70
775765,297738,9
89194,87366,98
364210,280764,85
805982,141354,86
738005,650951,12
540762,602548,54
28278,269437,13
431553,118445,26
710573,606347,10
879124,448669,19
782282,820982,5
259457,706066,90
852164,326385,24
562070,710548,2
196002,221354,53
306021,297215,84
301958,10359,40
109793,296194,41
136531,678842,49
313124,676199,45
877292,655694,96
250228,591121,89
977002,486192,82
430209,531175,75
471716,133042,26
41837,161437,76
279457,847490,64
779934,351890,9
223913,306152,84
499712,666297,2
460131,429919,68
652146,630747,12
974738,421745,83
270729,152068,72
810341,405655,94
858824,260347,24
659526,658617,12
390842,895279,23
965477,784319,99
64369,856170,35
654323,218280,57
638217,520501,71
65709,374082,13
205302,517220,65
918035,424475,83
152224,438185,32
585705,946647,36
297843,849297,23
146692,467539,32
943533,961072,25
748604,789923,44
252586,226657,53
426687,344493,21
895017,552102,1
178670,911525,7
1627,348707,13
724558,661643,12
239147,350197,84
768439,165283,86
911430,418744,83
831055,548144,39
672461,65380,6
854762,994810,73
776296,213350,43
780540,535883,50
586894,931210,36
856026,239074,24
130708,813366,33
255189,965174,34
693344,48560,6
150135,330008,41
458016,877102,27
468099,356033,21
855049,823421,5
250833,762169,90
776482,340047,9
179205,906942,7
983798,704694,16
802638,939609,73
16014,161869,76
544660,113148,95
689317,352054,70
984868,680902,16
922855,425236,83
955076,975835,25
863676,810105,58
443603,642803,31
599618,782140,74
441281,616519,31
840588,775751,5
54643,393956,13
230453,232462,53
997603,714695,16
888529,521034,1
25289,44722,98
644519,436345,28
654821,587228,10
546599,692868,2
35328,765762,35
175141,595542,65
289130,412239,4
502562,564201,75
536599,627309,54
189077,819114,64
865331,624967,96
821899,668647,42
957923,814533,99
856777,853233,51
292285,447019,4
63966,92841,98
380868,255788,85
36412,991412,37
667741,733999,0
325196,583595,47
488764,667166,2
67141,453105,48
335806,898567,23
222368,343760,84
589718,397795,63
753452,271553,43
218,666513,14
86064,492552,48
331103,860917,23
437529,555893,75
900287,138799,79
797276,820266,5
220819,307277,84
411484,813708,67
5974,405751,13
461672,330896,21
385117,664285,45
653832,955598,29
749923,957199,29
647581,895951,29
263295,210696,53
172066,923309,7
62027,503377,48
270310,113454,72
826725,781561,5
697279,176449,3
591138,271203,17
123186,389876,32
648284,724937,0
27815,496005,48
365009,710649,45
888142,6528,15
732732,42238,6
906359,176035,69
626265,636628,54
812437,629874,42
297298,690003,45
894775,491711,19
190341,69922,80
185334,911032,7
728059,491349,50
114253,261181,41
681789,835962,44
22854,118492,98
508964,170729,95
444857,724577,91
966472,504457,82
421891,732427,91
916412,152779,79
759500,932912,81
463855,26065,56
87796,603038,14
264076,325429,84
490573,73370,26
133243,423548,32
587391,294335,17
900293,241081,69
864629,826222,51
319393,42303,40
989090,639798,97
88958,130479,76
963129,319547,22
637683,550394,71
476744,645707,31
401749,208499,59
255176,755091,90
824497,334896,9
604644,259054,17
936577,58469,30
702505,2611,6
893644,477155,19
557158,159383,95
757319,269378,43
436915,244025,59
341386,678381,45
556456,363597,8
976096,261845,77
837832,455306,19
340140,738492,55
838163,10166,15
863728,683183,96
273097,950126,34
773734,164077,86
652271,725725,0
272943,365600,84
655343,351713,92
243255,402613,4
723965,680854,12
123297,261724,41
804150,361057,9
297167,501711,47
271521,465598,4
320205,686505,45
102040,1116,80
758899,819795,44
307084,162805,52
267077,770362,55
487890,978026,61
686407,447194,28
993502,791547,99
542651,338569,8
337652,918201,88
220304,659358,89
838643,89632,15
452402,525893,75
691637,347229,70
881189,156135,79
175218,898030,7
202446,516774,65
433467,286153,21
381265,933473,38
891852,364863,87
261152,191209,53
652788,414443,11
552273,60222,46
152052,547179,65
447529,629865,31
149661,361168,32
155977,515622,65
69174,623831,14
735693,807013,44
480659,444560,68
731063,990739,29
351500,667669,45
522571,854045,62
946983,952144,25
692021,812608,44
511050,224011,93
966500,978391,25
824190,168318,86
933801,405607,83
51988,766692,35
795650,499217,39
350803,954842,88
41902,262928,13
39298,496141,48
658151,545651,10
758756,412482,94
598829,521751,71
72999,895807,37
831767,524524,39
688145,665722,12
805639,387532,94
260766,707758,90
302174,653878,45
737836,820310,44
953547,269616,77
448563,15009,56
273042,21652,40
919776,682284,96
152520,417282,32
268832,274600,53
218522,701903,90
886238,17152,15
282081,937983,88
695537,894112,29
351414,225027,85
30544,369400,13
509515,434505,63
726246,31457,6
698925,838227,44
90299,656945,14
284910,495104,4
222096,768958,90
885650,129575,79
781288,108898,86
254319,347684,84
541060,609374,54
749789,707047,66
349649,565372,47
222516,835035,64
435364,172746,59
346145,673032,45
650491,814657,74
945008,765865,58
904353,475219,19
18253,782937,35
825366,939543,73
903418,749907,58
692057,410394,11
498846,114126,26
122227,272752,41
145801,483149,65
299740,744382,55
830073,38872,15
337565,463319,18
3177,407989,13
72370,324033,13
34459,166962,76
135095,541866,65
145298,37440,80
268732,595015,89
419959,266128,21
816027,971400,73
326940,881076,23
254108,809641,64
647788,378185,92
160600,220332,41
127164,246854,41
886556,346737,87
621975,539081,71
345074,661911,45
740201,573687,10
967708,277254,77
808407,912229,81
848464,150921,86
545608,35536,46
268556,622215,89
580360,118124,95
315317,532872,47
993768,265875,77
564594,145663,95
159422,415063,32
968169,19403,30
118412,165552,76
446318,280092,21
512132,404636,63
722206,119429,3
246048,329758,84
247805,860895,64
73814,600265,14
654149,291218,17
505451,130000,26
916369,427290,83
469615,830755,67
513926,568692,75
9142,661204,14
862551,907201,51
328505,197791,85
274385,597895,89
821890,507690,39
751772,35476,6
258163,962228,34
177659,927442,7
532199,682958,2
486770,152062,26
719304,358104,70
657716,242012,57
511020,725362,2
167867,340893,32
389685,436554,18
168204,4930,80
865417,75490,15
772478,47852,15
256073,828780,64
314452,8313,40
721180,884284,81
175914,600878,49
972434,711106,16
562233,463928,60
242174,218545,53
91632,73475,98
895381,682700,96
148105,206138,41
574866,777720,74
148148,932684,7
622352,886595,74
15845,313634,13
260497,179452,53
64106,436877,48
606106,827812,74
44174,442853,48
38842,831778,35
702222,253625,43
684563,456885,28
867658,729092,58
855769,925571,51
78773,940038,37
234979,302275,84
337800,408333,18
861433,115931,86
468418,707094,91
134634,805523,33
436332,443267,68
989277,779134,99
921152,804133,58
79997,512120,48
203381,227984,53
728568,57905,6
220248,712328,90
108589,67620,98
493188,26330,56
535295,713444,2
856125,894547,51
661345,229144,57
224344,555068,89
35232,161004,76
9371,502253,48
372830,154043,52
16201,300869,13
720729,295774,70
84228,635636,14
135320,335573,32
983496,627689,97
581780,989074,36
382185,391124,78
625693,35387,46
753161,377106,9
29806,965724,37
925212,50386,30
854117,145873,86
699758,848907,44
591717,993080,36
705928,543080,10
548909,523414,71
34276,83044,98
721979,309497,70
730015,369676,70
153033,40352,80
209195,951779,34
557925,45782,46
460857,634163,31
390532,680045,45
524206,332584,8
751909,350477,9
478207,238507,93
593432,812433,74
564719,245211,93
275696,632427,89
204459,355115,84
423492,636566,31
768454,409700,94
836554,972956,73
474675,868969,27
767850,268745,43
799870,421564,94
235436,983230,34
153839,583642,65
273905,538073,47
393064,234339,85
545063,884139,62
738266,52157,6
605151,789116,74
681866,121999,3
443740,940641,38
357292,15947,40
37314,142958,76
695613,169161,3
93245,177303,76
934087,209417,69
683274,802244,44
329324,964006,88
61453,846185,35
847387,38238,15
669441,304301,70
388493,413164,18
51053,57149,98
518097,671399,2
204299,655409,49
463472,580675,31
405447,351155,78
865230,932593,51
90591,573776,48
453396,227115,59
122325,925423,7
585910,392221,63
72148,603604,14
784572,309345,9
163232,447450,32
297934,391186,4
669410,783276,0
523323,500049,75
335821,143853,52
748186,770163,66
143503,855783,7
153310,696870,49
299309,495168,47
296116,831163,55
359620,145829,52
962045,96997,30
234047,631645,89
66130,450176,48
123385,735202,33
555062,930672,62
816155,122266,86
936490,602538,97
859314,500129,19
668252,320747,70
798684,496473,39
232905,438296,4
452176,736052,91
833106,26009,15
141307,949091,7
378831,13075,56
751950,25212,6
745536,240149,43
197255,274272,41
693050,102709,3
239531,813463,64
883097,219721,69
867177,651950,96
333819,497642,47
879322,774805,58
158403,282467,41
437674,987061,38
535721,864875,62
956956,569361,97
264541,152769,72
589402,90625,46
137783,724098,33
924659,744082,58
796387,879672,81
662489,457969,28
99091,428118,32
386559,904085,23
965117,737080,16
103915,513843,48
163639,293112,41
348921,321667,78
270602,23702,40
371931,49495,56
872748,275667,24
146722,969327,7
488819,596305,31
101812,161350,76
820818,492225,39
838009,433553,19
730040,787800,44
559365,254691,93
592493,41438,46
452454,404403,68
808356,44645,15
358498,278535,85
343883,656200,45
766914,538329,50
711036,394351,11
869030,793574,58
611259,433397,60
107854,709571,33
774190,821240,5
593434,860854,74
389015,175340,59
944062,863325,99
904945,420155,83
559495,443429,63
713401,137053,3
465648,155552,59
372323,636105,45
22946,669984,14
428548,614195,31
788360,968954,73
216611,582131,89
884498,772624,58
501411,221118,93
341683,672160,45
4474,207135,76
324423,585788,47
344812,260619,85
228897,75460,72
268969,564252,89
387670,572543,47
734233,269060,43
105796,122725,76
641645,133418,3
366279,58809,52
406691,267197,85
787883,956607,73
696008,810665,44
849490,387349,87
187938,683689,49
762548,145832,86
1247,969778,37
61106,10156,98
697222,216741,57
769867,168569,86
150759,807388,33
778061,878874,81
241909,774239,90
648644,768397,0
455517,880961,27
327679,309241,78
420151,482812,18
636180,292454,17
283061,412256,4
793444,429173,94
119609,276762,41
548990,875193,62
372582,989898,38
231415,399510,4
579637,962833,36
345796,794865,55
300875,814105,55
673124,211328,57
790360,581230,42
737625,272812,43
162626,267198,41
810016,945471,73
547859,873238,62
515237,603928,31
230113,513108,65
812783,457341,94
545122,879278,62
31104,780084,35
886726,208887,69
780325,939040,73
450219,837236,67
428397,72104,56
867855,48646,15
608610,922980,36
532228,163787,95
773860,276242,43
807459,978869,73
853246,522099,39
922630,658647,96
895314,558027,1
773335,454523,94
174958,527402,65
56195,480200,48
725944,955187,29
842620,914593,51
569582,966320,36
948107,839537,99
99223,647872,49
791721,463593,94
608784,844791,74
403138,543117,47
168961,736218,33
621532,98395,46
739130,569993,10
886779,105735,79
90082,19726,98
544786,233272,93
618436,55810,46
12355,661680,14
871635,576546,1
12552,975694,37
495722,605387,31
741714,238,6
11499,271766,13
575154,628918,54
240742,158462,72
282576,257007,53
524368,60129,46
591842,94499,46
259734,350116,84
402581,190496,59
670601,797720,44
292782,790946,55
446040,594992,31
46015,390610,13
993732,668097,16
708336,11153,6
462346,653469,31
865517,751617,58
431338,506075,75
602926,391413,92
489633,271500,21
104404,719744,33
745281,939802,29
260342,573491,89
663712,21535,6
954379,255236,77
765984,902903,81
96337,148934,76
139275,799879,33
576323,263659,17
322871,501548,47
522994,972856,61
798314,263975,43
641468,162387,57
254220,677608,90
560911,234065,93
939487,973489,25
429920,667674,31
601719,95697,46
383606,280928,85
567093,146859,95
273254,582893,89
691052,527648,10
180700,26089,80
486346,33361,56
709503,624747,12
129371,350974,32
833279,930390,73
77562,595368,14
360088,413,56
943914,376378,22
799696,494948,39
600324,662232,54
147557,4582,80
18892,533151,48
684244,98451,3
679476,966777,29
621846,377735,92
606424,184923,57
2469,507869,48
760893,341951,9
170468,58201,80
188936,450198,32
481465,983623,61
765368,550158,50
515568,161918,95
368816,699929,45
707770,504196,28
38803,178018,76
956165,274246,77
263093,811242,64
549946,951166,61
249375,258902,53
377096,861000,23
827171,274018,24
425691,597573,31
415183,994431,38
415829,847539,67
602008,949619,36
251351,457359,4
837562,920270,73
979574,700914,16
267319,837844,64
649455,398050,11
39719,571985,48
367024,584263,47
718978,870128,44
256065,700404,90
700113,814213,44
483066,903289,27
588381,928039,36
554483,212161,93
794661,879351,81
255422,893973,88
5303,142275,76
223110,819353,64
874756,39219,15
161644,755281,33
15347,948811,37
672529,211090,57
803106,813531,5
27758,542002,48
434785,444295,68
271661,811357,64
483756,491700,75
12831,661349,14
301021,267390,53
34347,278044,13
95313,930538,37
560008,66389,46
812235,235757,24
383949,40690,56
881513,594492,1
627292,901896,36
171516,683638,49
917026,460890,19
180264,702775,49
552612,754461,20
232109,67054,40
982663,621556,97
503817,659632,2
436894,880913,27
514167,613852,31
24935,94850,98
145688,579831,65
230428,819261,64
328540,776104,55
996164,541967,82
856088,277164,24
302927,303302,84
608687,211545,57
439819,46454,56
766181,205278,43
123733,592661,49
855691,599541,1
499790,974694,61
684477,16473,6
863901,591963,1
133589,246594,41
516366,566603,75
899298,515966,19
849073,384979,87
355820,267841,85
609764,307010,17
932852,445981,83
615953,326408,92
942830,155479,79
150533,8922,80
964888,880589,99
69581,457699,48
559233,40274,46
896103,804760,58
608177,643948,54
839299,99800,15
338913,115578,52
531827,427889,63
540352,710404,2
774367,798947,5
907227,773395,58
463358,658925,31
564644,975500,36
242637,2980,40
100307,862353,35
579898,353254,92
151113,757299,33
934581,513414,82
959552,206042,69
961499,920383,25
889004,501238,19
320196,545130,47
3435,746576,35
702916,912419,29
28342,348857,13
254831,960087,34
195418,396498,32
949062,889182,99
482897,60572,26
38358,696095,14
277616,897886,88
782126,192715,86
976367,815555,99
47561,367183,13
250198,93442,72
489054,543753,75
868320,862548,51
857057,565897,1
34491,702990,14
158204,950383,7
92834,265531,41
783404,680779,66
864418,276963,24
932470,28687,30
154262,697631,49
97959,397025,32
814029,399500,94
409374,358252,78
152011,861245,7
949625,357007,22
217499,509412,65
697051,337279,70
649929,369638,92
511522,150934,95
752145,317765,9
693008,399197,11
307755,451051,4
822738,772750,5
625918,811399,74
184419,543721,65
334906,773060,55
820718,807505,5
750658,320686,9
785342,246740,43
966998,336515,22
815811,338525,9
590288,980198,36
201272,782310,64
296841,20052,40
20866,697485,14
639954,718517,0
117304,528517,65
801422,503480,39
990531,856212,99
365333,163257,52
870528,967686,73
903693,378242,87
114596,19018,80
637913,404685,92
548960,376755,63
125468,753744,33
180463,52461,80
725937,832360,44
488572,444666,68
514411,717296,2
602637,521330,71
996356,770079,16
721412,781988,44
888241,674649,96
828435,516216,39
54127,717784,14
806198,773172,5
717055,545110,10
675831,706302,0
819734,276546,24
924551,936277,25
14241,361904,13
527166,86567,26
935600,639263,97
104474,906597,7
187777,975702,34
635548,659510,12
386401,243495,85
430963,196589,59
74268,225950,76
550329,381741,63
930692,149910,79
551242,725455,2
737414,718154,66
14629,885911,37
506598,393911,63
475021,678999,2
949483,969361,25
63705,704533,14
90754,306791,13
238242,139257,72
500294,441330,63
447531,654471,31
704467,984301,29
151992,535817,65
476856,532104,75
86363,514913,48
155124,175092,72
776137,545787,50
46215,751050,35
899979,947709,25
150080,410950,32
844016,388512,87
724458,966576,29
258840,327095,84
488267,305935,21
855019,307585,24
595217,815383,74
146287,651429,49
579234,196287,95
10309,278585,13
193866,317682,84
282931,235907,53
896855,456782,19
149574,896150,7
597415,755360,0
350980,924660,88
765605,525304,50
794308,950352,73
567872,236853,93
800813,264530,24
969201,370581,22
367793,498939,18
668545,236943,57
312609,24453,40
982474,440615,83
416742,188084,59
135925,497706,65
961435,847083,99
928276,542958,82
499754,378958,8
159582,94952,80
874509,882619,51
179285,257453,41
12982,203487,76
10752,721330,14
394248,133799,52
761338,821643,44
360747,87044,52
954615,230061,77
651675,711518,0
490738,842402,27
254990,631384,89
673267,605070,10
412090,2655,56
632375,328978,92
143520,145335,72
656858,826975,74
978240,284650,77
129133,340829,32
317550,74956,40
795116,523358,39
81564,856555,35
130503,370288,32
441438,248965,21
364857,159503,52
778416,850863,81
466530,971393,61
218310,136577,72
452236,745810,91
838533,224679,24
181327,578062,65
493051,709459,2
877720,847493,51
822971,678187,42
297579,423227,4
186750,722863,90
158476,506997,65
103082,506982,48
852662,692375,96
749167,264103,43
795872,227019,43
509287,592673,31
62189,224082,76
146216,458424,32
748036,254604,43
136100,437518,32
369257,118654,52
218680,367580,84
919956,701102,16
434314,524580,75
632318,384484,92
31709,939447,37
300288,943997,88
764675,893321,81
56236,171276,76
644175,660743,12
107918,794424,33
884694,52976,15
381471,391468,78
416627,264816,21
776791,534620,50
360716,560627,47
459909,704880,91
926502,721595,16
857947,527426,39
456404,796534,67
359700,488333,18
428072,611545,31
243076,392482,4
449116,295463,21
861457,523474,39
35660,343037,13
422954,593877,31
298042,197567,53
511678,780876,20
184322,907815,7
648739,370588,92
476892,135705,26
806736,819782,5
87898,315510,13
784424,814768,5
808639,807053,5
154885,161933,72
618360,782304,74
183469,563653,65
322168,691674,45
973753,875743,99
628993,494229,60
513687,542189,75
579436,590646,71
1329,351664,13
425282,730685,91
633715,862316,74
955479,742365,16
936087,815174,99
633311,73692,46
551892,663472,54
977056,382373,22
559254,385409,63
581022,243863,93
620345,146350,95
720456,720330,66
594062,407779,63
553845,486004,60
282944,451203,4
369869,403591,18
156053,790084,33
945671,905708,25
240476,689488,90
232479,283954,84
419288,976058,38
612061,912972,36
323431,912937,88
738606,751718,66
130905,120610,72
99089,395412,32
690142,229444,57
266216,302794,84
73476,914392,37
187987,513432,65
267309,666485,90
629584,419521,60
895081,633322,96
255640,542391,89
976002,675323,16
155109,922417,7
78647,827960,35
526706,360790,8
802648,112274,86
2696,326488,13
283871,23940,40
366885,250377,85
98251,318207,13
117525,248070,41
319077,733301,55
593578,280697,17
689268,540515,10
437002,698227,91
114725,192087,76
420168,778446,67
344590,527895,47
333144,161882,52
757749,492506,50
555424,19196,46
638441,282668,17
806620,874882,81
158318,859313,7
474740,959667,61
137082,937656,7
199555,929304,7
825561,215035,86
98511,689352,14
945270,154596,79
297508,226904,53
583530,404522,63
816610,772620,5
439778,361037,68
949771,802371,99
462480,903543,27
848070,526143,39
885616,554063,1
150036,671530,49
416868,308881,21
377294,183520,85
432834,645844,31
707546,740104,66
939596,798308,99
175216,871413,7
842428,703073,96
564368,344779,8
701073,934733,29
72950,77787,98
370613,900643,23
117706,301301,41
972525,237201,77
641695,968124,36
265998,633237,89
819211,491369,39
441982,406060,68
654656,810236,74
650921,34420,6
502268,630748,31
981852,989594,25
115967,65038,80
95760,439556,32
622380,348375,92
139959,294460,41
994231,44761,30
312977,210368,85
660995,353646,92
729113,215931,43
163043,280095,41
560459,650478,54
585070,283993,17
83739,402733,32
748310,850522,81
729120,328897,70
779478,687315,66
716464,612782,10
41966,325984,13
817062,367055,9
105570,319508,41
985034,482703,82
793321,352556,9
409054,982992,38
157585,547487,65
617918,359611,92
982900,608371,97
905399,55600,30
483297,773789,20
75356,517709,48
142626,118354,72
184423,606121,89
85691,214293,76
638219,560689,71
512251,407412,63
373729,276984,85
273457,998579,34
122545,625229,49
233725,229815,53
500913,856350,27
674480,993035,29
954025,313159,22
278790,629290,89
487476,17135,56
4565,739554,14
686417,619084,12
957943,151239,79
875498,505404,19
338261,159107,52
126081,46319,80
498717,945760,61
394182,17790,56
998900,525119,82
686535,610058,10
250482,855968,64
258509,761231,90
22548,980160,37
557999,296889,17
828594,189759,86
283321,785083,55
901814,790843,58
707819,315321,70
615167,113610,95
455838,270732,21
193164,515266,65
89202,230667,76
821111,414213,94
689897,109471,3
880706,37874,15
553728,519739,71
255202,192476,53
945325,93932,30
725917,488884,50
689664,193891,57
736071,161548,3
140826,874258,7
660527,488716,28
854288,26314,15
261920,98504,40
562220,245439,93
101742,984765,37
955899,810508,99
211777,338149,84
281804,288377,84
753290,550223,50
601289,873116,74
472743,398130,68
375548,836279,23
350232,364730,78
29361,480928,48
972295,366873,22
48551,1771,98
768158,447923,94
246552,799580,64
546738,30260,46
584984,828868,74
788940,727599,66
763882,569139,50
523443,511583,75
178129,823764,64
5093,605523,14
33573,263042,13
962840,459098,83
67424,199124,76
692065,544420,10
83468,855268,35
505736,911692,27
821867,122202,86
858017,695332,96
445916,511949,75
342937,744871,55
50570,938489,37
188180,757236,33
865898,159981,86
808412,989178,73
127998,262449,41
993705,203015,77
75276,164882,76
178256,960386,7
215869,125298,72
895538,317158,24
477585,780458,20
171723,155807,72
656736,762081,0
311292,887653,88
795626,98444,86
563748,917503,62
485947,318235,21
577285,435434,60
353729,135301,52
4940,38098,98
325248,448307,18
704363,232399,43
944267,306864,77
479426,717079,2
948340,765752,58
3712,391831,13
510152,139749,26
768994,482184,50
71325,774551,35
880603,305922,24
635826,328753,92
356958,401138,78
934269,261498,77
668,232162,76
955871,334649,22
451182,23349,56
436483,974807,38
596843,143468,95
268774,293049,84
275284,704814,90
821293,481305,39
296768,790396,55
198206,256078,41
907177,928476,25
906825,19552,30
613702,490084,60
846799,160303,86
223203,380972,84
4238,235973,76
998417,400464,22
598673,902218,62
586080,260836,17
880712,133559,79
734726,550408,50
711715,804720,44
940338,261410,77
525945,566742,75
245010,890290,64
120636,543869,65
819450,496208,39
775091,961085,73
972313,666060,16
475116,282028,21
45402,73875,98
618326,221168,57
187134,173262,72
25010,346286,13
38012,870850,35
386523,300523,78
902434,210237,69
464392,37261,56
250149,259355,53
980821,662146,16
689160,726988,0
500733,832968,27
706156,367834,11
197512,599976,89
812397,964734,73
295297,60486,40
596013,202505,57
505973,889124,27
509641,547389,75
982911,800290,99
475040,9311,56
501832,291985,21
392523,145788,52
263213,824818,64
723617,844065,44
213967,146511,72
415514,546904,75
820392,332608,9
148652,395572,32
378805,589644,47
162998,510465,65
397449,934304,38
848397,19401,15
75273,129264,76
549782,200565,93
899119,501601,19
412281,217109,59
964259,302515,77
384354,837852,23
792826,38791,15
973617,583752,97
130046,697597,49
529302,992877,61
286924,339565,84
74671,2733,98
937242,229782,69
952073,505880,82
340050,235234,85
585967,362300,92
180989,883290,7
468424,808422,67
154377,627630,49
579590,180689,95
853862,865781,51
182641,654700,49
548920,713517,2
87150,736320,33
333683,225694,85
248651,83404,40
777006,150050,86
899638,217241,69
181602,194039,72
217422,217279,53
808228,898584,81
513149,498741,75
349859,84797,52
187391,481162,65
895888,206203,69
664727,72408,6
967290,256805,77
123998,48087,80
213876,619782,89
681492,838677,44
645907,763770,0
685379,167063,3
844162,843276,51
946322,842699,99
248668,369411,84
693936,990944,29
810059,663165,42
826107,392494,87
649635,425133,11
225417,598504,89
65050,296349,13
753066,786788,44
551256,964254,61
218405,747744,90
347455,679858,45
389291,819241,67
995262,370934,22
299124,384750,4
496050,119173,26
954990,528199,82
450541,249264,21
387351,219666,85
937882,986524,25
513466,839628,27
630319,779980,0
127718,564851,65
461741,487289,75
882542,884272,51
962724,511529,82
283458,81512,40
982686,15692,30
746828,943657,29
57537,38989,98
298791,780725,55
652077,461848,28
279927,744454,90
38926,234091,76
380026,104045,52
697901,624950,12
536745,89336,46
478008,896976,27
482482,75279,26
221694,11060,80
899420,557177,1
482675,320272,21
814027,356565,9
793068,107455,86
997388,100180,30
739529,270242,43
965662,889330,99
971823,444881,83
131712,693749,49
848923,860404,51
816885,392244,87
460759,980937,38
611240,122995,95
187638,646888,49
251308,739837,90
453145,24331,56
935479,600588,97
89116,787429,35
332212,503563,47
395020,101521,52
274033,681332,90
147885,507427,65
342340,724872,45
930402,267352,77
386731,789151,67
266112,549422,89
136647,631639,49
964332,538166,82
964959,72936,30
851605,928536,73
906832,128894,79
328140,52040,40
647792,451377,28
301995,641305,45
423197,686058,91
592866,307988,17
364807,319069,78
593037,173339,95
322113,761604,55
286086,250464,53
564616,501269,60
841902,854087,51
654213,364370,92
966962,731779,16
22459,470884,48
153244,588531,65
443903,691860,91
99034,466069,48
235489,875460,64
856301,857188,51
764895,601439,42
397183,461721,18
159380,712294,49
532482,439497,63
629816,331469,92
6182,908779,37
854880,983874,73
973615,550380,82
252918,796504,64
845140,273376,24
644953,741321,0
395518,482858,18
406733,976923,38
160663,269645,41
924571,274822,77
944343,581326,97
355923,998955,38
453123,648227,31
755532,231224,43
198377,125068,72
29554,727486,14
872186,833442,51
672226,105496,3
74709,636755,14
944997,572538,97
657911,512550,28
442694,366638,68
95546,843433,35
587182,770090,74
908141,142076,79
875623,608146,1
121952,663443,49
491625,751064,20
139145,610977,49
693121,300331,70
678024,562287,10
360884,393459,78
877706,607302,1
928253,150849,79
325031,796711,55
329322,923591,88
800315,900302,81
378106,828224,23
964203,365902,22
731095,526524,50
296938,652421,45
251952,566351,89
673920,579525,10
91674,765255,33
652013,392734,11
691916,35020,6
596305,98392,46
679337,621292,12
62118,18727,98
748388,171543,3
123919,706836,49
793895,2085,15
56483,320598,13
296391,445621,4
565661,66217,46
914427,791244,58
446143,325544,21
418654,328243,21
793603,94099,15
525698,422601,63
670810,316135,70
289282,963987,88
740697,901476,81
118862,721231,33
736983,481008,50
311942,821608,55
767156,603502,42
68954,910806,37
920554,752031,58
391821,347951,78
19090,848691,35
958200,470330,83
845414,880932,51
834665,217815,24
818484,276402,24
496827,177470,59
754507,8282,6
195655,384886,32
789740,161820,86
717977,39662,6
610344,55919,46
847114,459968,19
694133,302923,70
234321,234622,53
306235,897556,88
236024,859912,64
554031,610119,54
274140,472506,4
412230,363886,78
846133,965895,73
805621,86397,15
81292,281776,41
821048,368884,87
845224,684612,96
275836,981809,34
270006,5574,40
689294,968030,29
688679,638952,12
878181,602431,1
65722,590606,14
329749,94063,52
932585,962865,25
877073,974537,25
56962,361010,13
511502,817773,20
320042,954805,88
415542,30667,56
434152,808783,67
230606,804050,64
684031,511462,28
148877,179903,72
634733,964717,36
13187,649375,14
46569,699849,14
378133,286293,85
739405,189805,43
64667,860162,35
759155,126764,3
524966,105688,26
314426,572619,47
12514,335998,13
123070,448772,32
514531,737321,20
163445,33015,80
888656,657891,96
182199,232656,41
265988,473477,4
738342,319927,70
16839,28442,98
40785,488486,48
985455,556887,82
616183,202840,57
135449,493984,65
395475,752681,91
325713,267179,85
479305,684696,2
689364,153263,3
902853,264551,69
312810,405632,4
463858,74331,26
281336,421060,4
759439,900982,81
811875,197518,86
691952,644483,12
838481,351647,87
141060,804371,33
70835,524125,48
980485,20554,30
463804,164116,59
305037,766483,55
290446,538504,47
639546,861608,74
46515,793188,35
119990,676533,49
497572,703653,2
299808,882508,88
318300,676037,45
157050,540517,65
485971,730168,20
937226,965963,25
944773,806075,99
702753,184428,3
690755,535332,10
330248,480746,18
905595,336892,87
147891,616778,49
188316,42434,80
190045,91193,72
684482,96529,3
363936,678804,45
665789,922666,29
249883,785982,64
6487,38901,98
822706,227730,24
465889,212366,59
247882,166075,72
236129,633031,89
360700,285099,85
672078,619512,12
148607,651002,49
399793,321712,78
24047,166567,76
496299,297695,21
374693,476535,18
131925,275620,41
353809,481397,18
846812,375489,87
854688,749306,58
589615,671165,54
281245,892186,88
984063,156896,79
967254,650457,97
233862,525750,65
294905,478063,4
818531,57035,15
601967,274727,17
353266,343610,78
60736,803086,35
472059,902524,27
726189,70879,6
276959,863402,64
207707,937294,34
110217,427088,32
82206,645291,14
418374,618593,31
693445,746177,0
11761,680446,14
258131,418569,4
905206,803736,58
400785,6811,56
486892,197797,59
381747,33272,56
215700,270200,53
252735,717594,90
616209,628414,54
765755,44589,6
413698,36750,56
669388,412275,11
106014,785356,33
484967,845731,27
206917,667176,49
240464,488961,4
971271,164388,79
885608,413901,87
439789,535815,75
451655,980427,38
37226,661488,14
644619,126512,3
292473,601398,89
711789,39925,6
23289,426991,48
441666,88754,26
697551,753889,0
623441,178417,57
660444,95090,3
183429,897801,7
350229,302072,78
937829,104719,79
19339,32371,98
61305,362573,13
777235,898,15
95227,481947,48
99263,321699,13
800667,815018,5
9192,505630,48
132203,943439,7
384489,118871,52
875794,476761,19
930516,193398,69
441779,992127,38
687628,968247,29
335525,170555,52
534559,345753,8
82571,783700,35
662522,7318,6
999516,876893,99
956619,902013,99
148324,892781,7
976122,687161,16
127391,70936,80
222909,441242,4
956185,602789,97
87901,367062,13
223834,987025,34
937058,144846,79
439045,44820,56
300250,307729,84
5574,691837,14
717811,260409,43
700245,27534,6
764167,355222,9
221639,101081,72
869255,570760,1
773186,940810,73
210473,431993,4
513573,635052,31
319684,930129,88
678532,98484,3
231799,851561,64
200644,234845,53
55903,572620,48
35125,348668,13
66846,489003,48
679080,310410,70
75342,273182,41
375973,985667,38
119701,826555,33
924873,352304,22
189005,623785,49
967410,268502,77
728600,595710,10
102436,643253,49
169705,233873,41
711595,791222,44
82044,924564,37
147855,6806,80
396184,674832,45
916063,278243,77
443418,533230,75
5633,675526,14
570865,537750,71
976676,8837,30
525337,345989,8
49038,187034,76
484653,563378,75
697575,144198,3
544473,971440,61
1173,729987,14
897010,59856,30
12524,493128,48
7243,736825,14
833230,105147,86
207029,547775,65
455577,891831,27
11471,803866,35
588490,764731,74
842605,669174,96
807621,694627,66
597270,324506,17
977058,422797,83
951929,86898,30
508953,986645,61
544542,131793,95
56719,286266,13
282869,196009,53
339407,422017,18
847895,580548,1
271368,890159,88
917185,131920,79
185828,220766,41
421535,753848,91
936974,735943,16
6424,974719,37
103501,549650,65
972851,720026,16
491481,321430,21
285118,983544,34
428867,973615,38
550302,937540,62
240450,258639,53
945704,455362,83
270875,606871,89
689894,59804,6
141903,966499,7
959991,578850,97
740206,647341,12
869832,278941,24
164799,784701,33
473367,887805,27
341458,894012,23
663399,760267,0
807837,332996,9
673449,660320,12
2287,452728,48
12225,470352,48
211719,375568,84
186165,878589,7
456264,442159,68
373044,761679,91
543486,374583,8
626890,148764,57
291799,274881,53
936343,127511,79
86116,361827,13
233232,944053,34
707682,12952,6
697113,384322,11
301378,272062,53
560771,883024,62
987929,134701,79
930290,389555,83
262146,892986,88
422659,640615,31
821153,122781,86
595084,592921,71
229050,652480,89
242622,751112,90
951209,971874,25
301352,838020,55
606578,767460,0
710263,396481,11
672775,342185,70
103813,793615,33
289343,998899,34
508574,615651,31
260407,664103,90
586028,378789,92
308913,902537,88
947558,617217,97
573498,782384,74
529017,197879,93
767187,115605,86
981045,433853,83
774636,310676,9
548260,618324,54
174109,250414,41
718460,161766,3
816887,436424,94
991573,372980,22
691235,594050,10
212245,213746,53
442635,368048,68
794543,893558,81
40899,399967,13
248680,578359,89
489804,141836,26
851281,482870,19
598464,389657,92
979846,280576,77
656353,336969,92
443351,409160,68
759273,105520,3
487017,310510,21
744581,178788,3
901512,720405,58
847165,317652,24
788798,334577,9
243628,663403,90
824505,470003,39
341481,273732,85
613804,219289,57
594938,133821,95
135251,171009,76
160620,555747,65
442150,224147,59
255259,152231,72
555823,730198,2
450245,267976,21
873643,322222,24
595166,959092,36
465348,117523,26
209650,600075,89
466774,80081,26
926329,818623,99
598494,890107,62
32171,707299,14
580389,605198,54
569562,630099,54
84728,34895,98
489555,967353,61
305076,426880,4
580548,271196,17
996328,293868,77
41617,464949,48
403664,386554,68
818825,992453,73
172700,569378,65
547558,822263,74
789063,796695,5
66622,726194,14
152070,849973,7
513015,244175,93
864615,592816,1
467937,624779,31
666205,922476,29
69144,118889,76
180678,662836,49
291448,367937,84
922280,766190,58
357697,822157,23
6310,67010,98
241490,729943,90
168594,574838,65
313976,8049,40
294922,767435,55
296710,808218,55
731945,810564,44
150221,771250,33
404778,108395,52
807193,508337,39
627130,183586,57
546174,553896,71
342655,14621,40
742954,837359,44
507096,771711,20
152641,440986,32
652402,920787,29
676384,990317,29
257843,578790,89
726245,6123,6
911105,943799,25
439822,89398,26
514024,211681,93
737007,886492,81
284746,733351,90
430491,274072,21
344397,292372,78
901535,98817,79
830760,590586,42
981327,163273,79
139246,317642,41
612431,130521,95
677692,982680,29
914810,224739,69
191054,57337,80
669299,914879,29
375622,85876,52
331176,88498,52
402675,761890,91
90780,745521,33
983570,862409,99
509389,307125,8
861598,881567,51
502765,982219,61
166353,895276,7
919842,787477,58
129735,467251,32
88562,467264,48
321060,60337,40
88366,179806,76
4688,800354,35
559102,834498,74
417430,756358,91
113646,58523,80
601183,92210,46
785975,895854,81
620728,585871,71
749465,268221,43
5308,225187,76
734438,702136,66
814254,175332,86
815264,145945,86
908158,414934,83
809069,32099,15
500152,60408,26
284697,914564,88
78633,600870,14
826246,716761,66
610420,338114,92
682946,279903,70
345246,559428,47
317817,554097,47
712799,27724,6
973166,5267,30
538267,662772,2
223007,92175,72
194904,767480,33
39980,951958,37
569394,813592,74
54758,325175,13
231980,890556,64
586856,292664,17
819429,156442,86
325094,867233,23
594135,641982,54
799960,934104,73
491448,779008,20
795635,245478,43
764174,474691,94
145975,416324,32
163518,262639,41
185165,76877,80
80376,891628,37
600630,794264,74
210603,616137,89
421799,190343,59
105250,946909,7
713457,74754,6
402659,496020,18
620579,77121,46
179938,226586,41
246870,154468,72
148301,503364,65
50397,33145,98
72777,171504,76
470675,642273,31
684467,851524,44
573478,454193,60
623409,644298,54
732555,54271,6
146526,664917,49
261599,695194,90
136362,842206,33
967962,549590,82
971577,301562,77
368980,458152,18
175832,221082,41
728847,737197,66
85325,67205,98
518665,205662,93
563184,437829,63
603134,882937,62
522293,184653,95
477208,438000,68
474363,625121,31
424425,323952,21
662528,118851,3
544535,8340,46
179649,367914,32
535689,325607,8
477202,340241,21
435851,359042,68
425627,528389,75
643332,484550,28
845357,916935,51
930686,43464,30
505785,737468,20
636969,550957,71
950736,32085,30
267583,283495,84
716943,667243,12
367407,9689,56
848430,572835,1
638424,4018,46
535211,302991,8
379021,214592,85
651870,983152,36
837702,268423,24
393688,721337,91
525050,524852,75
193088,241298,41
499586,551925,75
211286,96074,72
732506,233888,43
960959,848228,99
178820,435067,32
177573,484401,65
331746,662441,45
658146,463294,28
586611,177677,95
223490,212111,53
965481,845310,99
138352,288446,41
914801,73361,30
987156,139195,79
458447,130973,26
267040,148909,72
729823,137417,3
572681,64707,46
539311,213797,93
289808,807464,55
48249,935738,37
963280,856050,99
640207,968501,36
608550,909050,36
417161,227481,59
273319,682334,90
987993,207704,77
892582,634833,96
653883,814002,74
946064,504542,82
852700,339318,87
925811,111247,79
733077,832398,44
113547,394738,32
377415,223581,85
730380,507154,50
744184,512044,50
935900,683194,16
446639,669040,31
566149,272102,17
232993,926723,34
440263,511832,75
373846,231987,85
18322,941247,37
549549,282833,93
581593,833811,74
870593,60638,15
155807,661486,49
605519,963722,36
288283,185339,53
6671,119830,98
988386,818865,99
676822,363046,11
721172,749694,66
120572,456153,32
566116,712924,2
121106,437663,32
805638,358254,9
177901,988248,34
492031,571643,75
611520,826400,74
320641,21762,40
762440,333738,9
136394,380293,32
585510,682307,54
544097,647436,54
469918,916651,27
161711,886872,7
669521,655531,12
519154,427646,63
454980,853456,27
40576,971433,37
876531,859173,51
126649,597855,49
161501,349126,32
774685,137345,86
358671,186086,85
552943,322633,8
501475,296399,21
581471,798587,74
863399,163417,86
564951,139699,95
925992,152410,79
555256,192891,95
923160,555085,1
319079,773505,55
303196,825237,55
774996,365813,9
230342,366421,84
442776,737724,91
937575,828618,99
586493,196878,95
930076,794301,58
827642,186892,86
101007,625394,49
7015,908119,37
758044,447897,94
810591,618629,42
307870,383311,4
318791,926353,88
215639,247411,53
236891,436063,4
923718,941993,25
84489,18919,98
978174,185953,79
328282,443278,18
177430,79099,80
428703,211955,59
337151,509918,47
202999,814642,64
693461,9816,6
993693,1329,30
346475,215729,85
764357,548678,50
637638,785538,0
551784,848779,62
441657,931921,38
811815,178838,86
733447,55746,6
937309,368026,22
413368,477124,18
39287,303941,13
353149,390148,78
228816,714666,90
399131,200066,59
513282,734672,20
643629,480505,28
860880,818753,5
783749,476699,94
883418,621184,96
250117,732327,90
226167,199749,53
189277,181221,72
789126,848512,81
956122,547865,82
977900,570078,97
313902,758327,55
209374,953982,34
584994,2981,46
110113,679202,49
353367,41869,40
708461,113160,3
881485,130904,79
117949,376241,32
489602,749097,20
88583,820093,35
307625,259472,85
953614,392403,83
122726,665742,49
138268,875066,7
242565,797015,64
442532,638256,31
181070,249641,41
730091,652387,12
670359,730239,0
131217,370922,32
92727,470201,48
672493,597894,10
817405,136537,86
789922,228951,43
982536,498614,82
221094,937960,34
295359,103929,40
740080,526481,50
576161,548284,71
24199,723802,14
942423,314301,22
470699,40290,56
170221,915790,7
684587,864818,44
11789,145301,76
76596,352287,13
888442,46569,15
700616,268836,43
335615,687118,45
400994,522667,47
470535,287897,21
697811,124869,3
688892,217231,57
7223,400581,13
575238,33689,46
221411,268954,53
312055,713985,45
946640,192382,69
377602,364976,78
157012,905008,7
486036,822400,67
87864,733518,33
239884,736193,90
208879,636978,89
692912,783138,44
201419,263676,41
615648,198664,57
962492,615641,97
87898,308177,13
533516,812581,20
53466,604152,14
990127,81128,30
522120,281571,93
376225,222206,85
629028,77145,46
579685,782191,74
299912,627256,45
300486,281724,84
948260,406288,83
495298,480550,75
606287,872309,74
901451,691213,96
233411,950968,34
920500,844556,99
453748,155237,59
77643,954746,37
421586,600035,31
802628,783379,5
258687,768428,90
970727,13555,30
826039,247425,24
487390,566048,75
583266,956765,36
365457,245596,85
735206,608946,10
568344,158798,95
928424,38920,30
136536,761497,33
483704,624006,31
681335,210488,57
678195,429313,11
467277,535534,75
721883,696616,66
28021,958062,37
157896,769765,33
443199,856136,27
80478,604578,14
144783,375528,32
506327,848622,27
799952,798449,5
546966,871958,62
12898,790952,35
544597,50359,46
383838,171721,59
131553,21130,80
141188,954533,7
841984,241108,24
307179,761990,55
777942,872662,81
845296,905948,51
273827,214759,53
457694,464041,68
146157,468569,32
243205,560269,89
443365,635632,31
68248,56729,98
445885,996059,38
766556,508848,50
209824,520500,65
55495,717269,14
140356,978797,7
656790,682736,12
759000,519730,50
103895,172417,76
827631,10932,15
736916,350935,70
176099,702320,49
898657,743790,58
895162,997537,25
607491,106103,46
280498,332476,84
930878,269470,77
987444,984461,25
845398,607917,42
270463,681755,90
267282,224092,53
324571,73078,40
237724,432460,4
368673,298415,78
469016,766686,20
704473,83985,6
548799,680805,2
303587,388407,4
969519,722190,16
855023,373413,87
959553,211748,69
852546,756663,58
244950,888554,64
941443,840655,99
895814,953655,25
94037,485433,48
682877,122595,3
457900,933619,27
346859,664399,45
561039,399191,63
210888,407847,4
695666,60068,6
565821,753549,20
913204,235121,69
683291,79087,6
215504,991068,34
892569,421674,19
90685,147447,76
151071,56064,80
280301,32151,40
366382,794337,55
437363,769815,91
289237,222572,53
771413,142489,86
815914,82529,15
76385,803380,35
420719,35193,56
505045,301195,21
197778,70672,80
800807,170958,86
303406,353349,84
746815,733848,66
792513,771512,5
806054,356624,9
794210,289776,9
274597,166406,53
791771,310398,9
865924,585047,1
888762,425437,19
333963,916648,88
105033,290210,41
575778,111276,95
218821,725219,90
757869,515176,50
576005,925480,62
554485,245806,93
275612,226631,53
992340,260326,77
310845,387080,4
662528,114602,3
119516,714650,33
132627,75304,80
640850,780380,0
853661,482292,19
897609,117414,79
382537,314206,78
870676,454882,19
218152,482819,4
750571,848766,81
210450,42584,80
719386,736640,66
723720,563464,10
145257,346560,32
638946,779593,0
620914,705478,0
974895,60859,30
865193,311554,24
304026,780249,55
648127,81291,46
272972,841037,64
312897,863825,23
321470,946751,88
56616,547200,48
797117,159786,86
528193,345261,8
802938,984557,73
458092,153004,59
547549,669289,2
751456,735068,66
291144,257772,53
375814,315905,78
423259,716627,91
357271,661209,45
955529,576124,97
919733,961358,25
549166,833028,74
711930,420526,11
793073,187080,86
262844,628728,89
45971,644115,14
656424,521255,28
741453,606514,10
697235,443885,28
391093,101835,52
553537,310919,8
630526,254770,17
932587,993826,25
240563,149192,72
476883,988202,61
714043,926275,29
908862,251386,69
60639,164886,76
245320,107693,72
997875,298279,77
177995,578425,65
602901,972217,36
62625,539232,48
886038,640974,96
853343,136068,86
908377,99401,79
642820,883261,74
974658,89368,30
14600,390807,13
294582,45624,40
809025,290793,24
372397,879895,23
402852,734603,91
483464,581867,31
439128,440497,68
434009,404836,68
83600,73285,98
709509,726818,66
645204,955586,36
548300,280701,93
743270,151253,3
113725,384138,32
208663,10473,80
28020,944992,37
489790,908877,27
497479,134849,26
418637,40069,56
440706,950530,38
569191,400153,63
374610,86321,52
811542,591028,42
413575,971481,38
688626,746222,0
757301,970144,73
221123,430136,4
312242,855826,23
870926,659740,96
262512,43064,40
789649,636875,42
974570,609448,97
8089,958011,37
306536,957633,88
940645,436135,83
127625,5330,80
584387,792762,74
964004,20709,30
60460,166079,76
305651,83203,40
402777,474221,18
243448,633964,89
45933,6282,98
589766,198707,95
673001,142200,3
961468,401753,83
274397,803352,55
951904,658608,16
235035,240993,53
374723,977493,38
734206,816688,44
90104,379496,32
205370,654328,49
306350,832947,55
347191,255643,85
603805,153026,95
910286,182694,69
546929,251382,93
987063,578140,97
799686,337802,9
453076,862968,27
911558,571222,1
537390,924302,62
759594,505919,50
980819,628563,97
260511,424551,4
433017,728753,91
152287,499386,65
189012,739099,90
45181,357320,13
479644,388186,68
247087,798629,64
562443,987117,61
476724,310832,21
162870,367973,32
533331,710537,2
998833,389857,22
341139,524442,47
296946,771578,55
914777,657382,96
622178,960715,36
745285,19537,6
367327,680513,45
391256,854150,23
710569,545786,10
39720,574685,48
747561,268099,43
953273,674825,16
796985,930797,73
908441,171473,79
952115,211506,69
787029,611083,42
481862,656425,31
541228,425888,63
911297,172372,79
65875,174936,76
159696,16295,80
875347,966796,25
952072,483168,82
617389,468589,60
583285,271777,17
761430,359814,9
403016,490252,18
675593,704601,0
233278,719255,90
525597,720116,2
992680,979187,25
208784,41298,80
110977,192022,76
319272,15477,40
121943,507088,65
629694,267937,17
226809,987108,34
326497,442989,18
318711,578691,47
66209,788955,35
977424,581617,97
246629,94304,72
974568,574316,97
534958,45720,46
426094,365504,68
32858,252853,76
703911,643764,12
747977,251936,43
303910,817270,55
866256,176800,86
481483,293618,21
845619,321365,24
188643,539425,65
123227,90132,80
860341,755535,58
289719,311805,84
519246,980640,61
629819,373144,92
444904,507120,75
166833,969413,7
931282,62962,30
207535,49865,80
84811,421939,32
537135,631789,54
492007,166065,59
60263,847394,35
153504,957985,7
859486,387636,87
9036,881949,37
930257,837647,99
348864,361270,78
874006,427800,19
38292,583491,14
734116,289678,43
620721,469478,60
519480,905870,62
960546,910833,25
373419,54604,56
738185,679185,66
62515,703049,14
147872,298307,41
652641,950663,29
798877,726768,66
797272,757006,5
877,749458,35
142467,456128,32
158870,144118,72
198166,578048,89
262439,816993,64
211296,262706,53
303553,826803,55
80918,995480,37
38856,61991,98
886260,384177,87
878193,805173,58
552123,546478,71
661416,429349,11
70307,653648,14
867563,147931,86
276431,982328,34
992620,975064,25
910565,878461,51
299051,155462,52
855666,191216,86
778769,778219,5
531144,951395,61
106273,133201,76
724716,315212,70
783906,112714,86
388918,560963,47
118351,131094,76
307633,391025,4
972295,362264,22
572794,950236,36
623231,648020,54
279591,90301,40
695420,924677,29
50868,946144,37
852697,289010,24
400909,80236,56
530029,204595,93
643897,991945,36
635015,706284,0
524445,355800,8
935745,66799,30
706374,31804,6
533796,520799,75
82208,676299,14
571091,326879,8
865268,569972,1
528058,71215,46
920139,790929,58
158460,238967,41
328451,291513,85
461594,12795,56
53913,127132,76
715913,363008,70
81680,797025,35
609695,153873,95
155147,557809,65
105515,401647,32
496317,601726,31
223149,476486,4
313600,684492,45
261321,23603,40
704468,2967,6
869617,654510,96
357421,181966,85
304023,716323,45
247474,297020,84
18694,198242,76
854263,603400,1
354462,453708,18
485042,102231,26
204190,834839,64
143194,670626,49
211759,36388,80
579307,413969,63
580153,643850,54
191942,973849,34
485855,766610,20
421559,146677,59
213175,833880,64
32496,160666,76
321940,860071,23
229585,644525,89
532006,441206,63
351081,627161,45
706811,373462,11
792106,938575,73
635511,40397,46
958132,328878,22
453627,111506,26
88874,714540,14
278036,960261,34
114466,834568,35
599713,380786,92
876038,582052,1
551135,942734,61
533879,915443,62
852979,33504,15
107299,383051,32
954353,826492,99
862874,332142,87
324810,94134,52
117129,601714,49
9403,47954,98
976646,490739,82
855300,29265,15
868955,528684,1
605477,256829,17
532183,401428,63
809455,517412,39
156759,655040,49
257865,953078,34
389425,75051,52
395014,4161,56
943949,951123,25
540244,882994,62
490063,489846,75
853324,820063,5
807105,23307,15
726443,340516,70
59592,568899,48
493927,439828,68
199522,382241,32
334170,403013,78
454290,259457,21
698145,735922,0
653799,408136,11
550104,609306,54
612202,294927,17
849252,392747,87
906256,460424,19
359263,149555,52
575668,256528,93
473022,86728,26
639055,605884,71
95315,963017,37
441829,828476,67
210282,219793,53
64572,275847,13
170088,674576,49
602810,435517,60
749460,189825,43
391284,326675,78
436066,972719,38
500085,929411,61
627395,633848,54
89419,874624,35
815270,252227,24
191321,535210,65
277861,11183,40
965902,926296,25
267552,759755,90
208160,559082,65
500578,226161,93
99681,347117,13
11571,488539,48
886615,343965,87
35402,13630,98
86233,330534,13
300764,951641,88
231067,545989,89
442515,363441,68
363177,924358,88
689359,63612,6
137490,805585,33
475549,556927,75
286379,178252,53
886004,80731,15
852316,884684,51
897333,489478,19
668426,241454,57
122766,335452,32
958337,778092,99
393004,222288,85
999065,293110,77
313757,322385,78
335890,308660,78
648733,265871,17
501287,136494,26
67971,394146,13
413985,858545,67
574512,828858,74
617691,549257,71
363827,845602,23
43521,465627,48
794882,584894,42
320437,590267,47
624615,913405,36
610102,986747,36
273387,829194,64
272392,100408,40
565614,280269,17
495129,637973,31
423944,241261,59
880285,966749,25
162141,111135,72
861009,993474,73
320478,283182,85
454226,186211,59
658182,66879,6
43908,971335,37
238965,286995,84
535849,20202,46
543046,985857,61
300322,520581,47
416603,848618,67
728755,199191,43
805350,531708,39
429340,919234,38
579723,418029,63
824434,270447,24
413154,890393,27
849434,452043,19
501490,558449,75
861232,731590,58
845767,808828,5
975387,334584,22
353307,33966,40
877491,992951,25
541546,767769,20
897056,829431,51
254770,920065,34
533365,272047,93
308981,49304,40
653504,442657,28
742728,34613,6
742753,457315,94
98691,700767,14
792316,459259,94
777969,338981,9
261327,137860,72
24637,85065,98
702893,523409,50
942582,986318,25
50024,764552,35
829061,43849,15
978310,461329,83
572504,89810,46
447585,563567,75
870862,587316,1
34016,712580,14
338022,140635,52
654145,226822,57
212531,9409,80
143084,818460,33
873430,747653,58
815036,317864,9
355994,206110,85
104642,724333,33
869180,315457,24
901194,380762,87
481214,763715,20
773841,960878,73
492286,862411,27
546181,666267,2
962217,995837,25
41548,309354,13
323093,238310,85
292246,778781,55
973001,243616,77
456654,990756,38
644206,180946,57
161621,368979,32
441662,25713,56
160668,353019,32
196628,738319,90
944198,150706,79
928135,165252,79
398952,192838,59
38952,678856,14
540988,398900,63
326248,254285,85
768345,587831,42
681003,632423,12
145065,114841,72
134702,940715,7
597889,728435,0
814962,68619,15
294251,484582,4
370584,417897,18
603858,53817,46
515088,88463,26
801163,162107,86
532532,272332,93
92004,316225,13
801320,801581,5
177734,189664,72
683596,198111,57
662746,786578,0
18957,619718,14
601523,807753,74
911892,173415,79
601521,769983,74
110526,622131,49
155984,635295,49
413493,584813,31
954861,350841,22
585577,803787,74
251449,112080,72
740572,797936,44
918316,145153,79
589125,434005,60
337678,357840,78
224015,32727,80
51154,756426,35
265735,210164,53
238242,143530,72
319926,1836,40
870503,545383,1
256183,670661,90
812127,431654,94
819177,924239,73
687702,221992,57
31496,365145,13
992443,993350,25
249425,95995,72
395840,895051,23
127981,992197,7
862342,395634,87
427570,179407,59
298593,462743,4
338331,341108,78
15148,606920,14
510841,716092,2
362174,72087,52
579359,302700,17
485224,161817,59
666322,890260,29
615217,965049,36
583347,329338,17
199666,795792,64
878042,261509,24
192523,749501,90
864739,683983,96
707240,588843,10
688205,664477,12
868935,205119,69
438702,265993,21
559778,205532,93
379815,551844,47
852769,503733,39
249469,826688,64
158355,474747,65
80248,739783,33
548855,622138,54
274131,329745,84
31437,367204,13
609077,758717,0
771104,945553,73
909992,236037,69
87934,907489,37
171181,45733,80
645968,788124,0
8780,569659,48
266679,83145,40
419425,277292,21
457135,79489,26
973621,660357,16
621917,562491,71
796794,718596,66
459440,812268,67
802520,955953,73
711307,948116,29
999523,994688,25
731868,517718,50
291460,572471,47
530835,755680,20
720245,161140,3
285686,531010,47
692001,462214,28
432737,18131,56
741444,456405,94
802459,933806,73
481562,626222,31
916344,995180,25
5256,349706,13
522843,423980,63
834547,233853,24
383804,594042,47
64335,281088,13
257650,339205,84
26523,783896,35
944697,535683,82
225906,817319,64
684041,691821,12
437205,104553,26
227023,585704,89
927636,792555,58
483970,85522,26
375920,91669,52
689699,786206,44
778954,883542,81
700110,764320,0
929667,919360,25
693790,536900,10
689671,302732,70
32091,364763,13
588211,68229,46
725931,738193,66
825905,1430,15
36024,461895,48
85707,480507,48
896083,475724,19
496488,484992,75
270452,499604,4
856801,265823,24
701401,448395,28
181621,516063,65
471253,353866,21
426556,139335,59
807829,196520,86
917499,414711,83
61287,57642,98
801934,106334,86
168787,804843,33
11445,369362,13
873568,68453,15
504581,497687,75
631514,871624,74
385919,146647,52
696861,154459,3
993785,552813,82
134521,903590,7
649209,260288,17
668817,816167,44
335527,209680,85
91962,616759,14
874581,87120,15
239494,183354,53
644236,679626,12
486406,28899,56
710768,888546,29
802102,941875,73
98658,146707,76
706142,136080,3
100530,615176,49
264690,661300,89
475871,975311,61
54017,877335,35
379938,625605,45
552031,1560,46
233574,694353,90
992915,933750,25
543142,587734,54
60186,551112,48
549654,48470,46
638135,150104,57
799005,882166,81
567202,973949,36
164509,912175,7
940300,637523,97
859625,732878,58
491094,817193,20
570139,335243,8
439680,703920,91
796198,709476,66
176797,432529,32
524753,534328,75
464790,729573,91
949714,859153,99
791328,861322,81
251471,484224,4
362398,831006,23
732089,227292,43
98435,405506,32
354965,901937,23
871217,556512,1
299646,158634,52
169590,310911,41
482435,296743,21
368680,416030,18
218897,3468,80
298655,510029,47
67452,667298,14
282552,854794,64
534360,991410,61
644262,120634,3
509230,633199,31
187052,789607,33
933293,858954,99
446588,819879,67
716135,94644,3
693680,681464,12
368547,170973,52
552065,571954,71
839112,965840,73
873180,542780,1
507600,246409,93
399616,352466,78
902603,63379,30
222748,735494,90
448992,219589,59
646993,12210,6
216018,628218,89
469413,432828,68
541675,939586,61
633266,306340,17
666378,828446,44
707571,153047,3
267912,801923,64
932127,269160,77
785977,918159,81
503424,61040,26
902341,654848,96
38989,302344,13
498881,696893,2
689007,156253,3
151924,397182,32
438673,780594,67
454620,807844,67
439983,795013,67
785074,749591,66
380864,184302,85
570255,292399,17
357436,438052,18
351988,878070,23
738440,973795,29
582230,545129,71
986663,861096,99
440710,25186,56
308152,119321,52
438219,152999,59
463220,349622,21
104110,779896,33
724160,972539,29
470074,548581,75
4486,400673,13
122386,949800,7
303924,61633,40
870615,441775,19
914552,885072,51
408293,195417,59
381698,211104,85
39517,175498,76
597726,986537,36
734726,544436,50
348383,277859,85
990287,760008,16
460086,671700,31
271231,587133,89
949957,931784,25
504758,469649,75
396571,169858,59
811065,579080,42
601400,735886,0
44774,532076,48
610747,831990,74
264089,547925,89
978352,177074,79
97843,463341,48
378099,725730,91
345329,958603,88
248968,406783,4
807434,556127,39
839620,500620,39
935755,236319,69
814865,443082,94
895654,259162,69
738184,662687,12
780858,887030,81
313394,224970,85
86677,780612,33
752053,769944,66
464647,334626,21
71165,74508,98
264458,759002,90
550863,361216,8
970389,337856,22
359002,756559,55
494418,699943,2
943422,106997,79
315055,133490,52
577684,135346,95
776487,427867,94
164726,554262,65
496929,885865,27
743667,827247,44
557002,546839,71
733646,389960,11
60428,614203,14
918520,573909,1
688724,392475,11
336424,282852,85
900423,420224,83
720208,549713,10
27525,620819,14
109094,554558,65
465264,704534,91
114303,103995,98
854656,217504,69
596911,289522,17
4781,358404,13
707352,475225,28
109743,459680,32
851583,559585,1
952423,382795,22
643621,338934,92
473830,674079,2
261513,250141,53
130697,631121,49
266254,939642,34
566372,30669,46
466522,849075,27
414219,780996,67
209325,126657,72
725409,964372,29
204667,854535,64
177780,955489,7
919241,690099,96
495455,126293,26
613258,29503,46
871798,319657,24
481145,618702,31
532360,391031,63
60686,950043,37
379302,944826,38
696410,573070,10
601486,188413,57
669027,346244,70
323331,234650,85
775316,746426,66
196615,514219,65
491173,147911,26
940257,908176,25
721611,117297,3
426649,705571,91
544606,200413,93
357850,392564,78
830532,767373,5
245667,940960,34
715201,391097,11
174073,647322,49
548043,971243,61
696372,925877,29
215634,161900,72
55018,692313,14
712377,927157,29
736419,9442,6
702278,193423,57
873701,299579,24
34149,951728,37
693823,90131,3
832839,531748,39
92617,615242,14
375174,558060,47
315037,842529,23
397334,996283,38
540533,740281,20
919056,576565,1
343349,683385,45
665875,370513,11
214538,748167,90
446293,846754,67
396340,293551,78
723051,330260,70
694860,516403,28
187296,898200,7
62859,473736,48
89044,570969,48
282264,12729,40
946365,557043,82
228743,489589,4
526077,787772,20
90832,613466,14
524275,492640,75
809019,193754,86
435362,129505,26
599866,953626,36
608512,275670,17
195504,844361,64
176793,362577,32
840003,933959,73
49911,856005,35
892507,374373,87
98489,310047,13
966367,742655,16
818864,662743,42
726565,387198,11
638107,672312,12
548576,932851,62
435298,66872,56
925143,885400,99
928200,271243,77
793021,314549,9
640995,213778,57
977363,555885,82
772577,705172,66
829628,567413,1
525039,331274,8
737436,99259,3
247223,87075,72
474772,494537,75
692599,516586,28
266871,307844,84
934273,338196,22
70992,164320,76
727164,453575,28
251208,60588,40
310708,79585,40
587223,463827,60
549220,753440,20
81967,628838,14
883188,745269,58
738993,263774,43
252134,618627,89
279758,899576,88
184474,455079,32
515722,746013,20
252630,954000,34
891029,525111,1
545027,275310,93
150651,2932,80
294089,760183,55
408843,427214,68
199685,114638,72
727531,622335,12
598898,686753,54
261990,281647,84
655805,124417,3
76785,539114,48
891933,733319,58
906484,293005,24
545655,831439,74
3921,905456,37
5526,882332,37
369770,735118,91
141150,313866,41
158647,389433,32
207380,435936,4
778949,800379,5
979574,702166,16
313365,734695,55
33476,640808,14
73189,99124,98
985379,271688,77
269841,230461,53
362685,654859,45
231651,368074,84
235097,287191,84
820091,274543,24
249241,9917,40
678295,115614,3
125262,280675,41
313908,856657,23
850144,379250,87
65252,690552,14
113330,747760,33
609669,721912,0
190006,433261,32
828784,379513,87
481946,68224,26
642831,69959,46
808594,54329,15
113497,553255,65
565972,294944,17
126846,906555,7
471429,321953,21
80407,412935,32
201160,909171,7
437240,709054,91
74241,785185,35
605176,201206,57
672562,764634,0
207786,266759,53
434289,103170,26
980116,815910,99
15355,87549,98
442900,826637,67
293995,178349,53
517254,501914,75
669621,331681,70
572627,152685,95
177783,14391,80
872634,375753,87
296348,732522,55
500094,87285,26
7657,704407,14
979880,855337,99
659977,236226,57
250389,302308,84
902957,15090,30
632960,159258,57
656166,187857,57
320460,984458,88
788390,486668,39
441296,874194,27
590725,325379,17
651586,222481,57
242704,129406,72
939541,869561,99
717435,943433,29
289923,747777,55
896686,607217,1
503987,509549,75
1682,269753,13
749156,73985,6
479922,62532,26
980282,610942,97
105635,416264,32
164514,990134,7
188208,222138,41
473590,627330,31
543549,428615,63
741584,806742,44
915616,768114,58
702680,955289,29
549590,963876,61
868379,853343,51
146423,932871,7
765242,436944,94
734316,657662,12
329395,152620,52
99952,893283,7
418872,996885,38
657946,111299,3
609638,196207,57
665238,668164,12
840772,871409,51
774441,34308,15
620934,51083,46
552081,836282,74
396369,779991,67
322735,223456,85
635159,131277,3
376563,909277,23
220471,462544,4
991298,759093,16
87453,832851,35
741322,411507,94
214559,108407,72
999143,604129,97
603262,36722,46
195439,746900,90
158912,850667,7
166604,115325,72
279049,977652,34
408719,356568,78
852463,347729,87
286178,796032,55
910094,951507,25
987254,793666,99
152247,829269,33
528978,544597,75
44935,228151,76
537233,287012,93
813435,402472,94
352614,388736,78
488699,565002,75
995051,822396,99
13678,886824,37
857035,191593,86
108236,122851,76
756995,824486,44
150788,309716,41
399455,650874,45
241976,906605,34
325059,280044,85
708504,841474,44
656512,6583,6
640576,162587,57
612522,674038,54
560270,464324,60
893828,579301,1
321782,196547,85
368760,752038,91
508559,365599,8
628076,74059,46
714313,465553,28
562909,827049,74
219854,97050,72
135472,891008,7
175929,855071,64
188255,16365,80
59868,211032,76
817586,180635,86
938772,941440,25
785949,446675,94
272453,129615,72
442444,158165,59
280727,193529,53
651742,843516,74
984877,840599,99
951422,551836,82
711018,91314,3
725873,755499,66
678151,685964,12
8159,142032,76
132353,464406,32
284504,660414,45
587088,197138,95
311943,828816,55
913459,516004,82
485725,589431,31
581964,80122,46
626225,979941,36
871247,54104,15
340678,789414,55
686328,119098,3
688543,346397,70
908514,402216,83
58528,682053,14
272175,455770,4
127667,704592,49
91144,861484,35
977341,175070,79
406881,461404,18
831509,179175,86
408950,234339,85
538043,894743,62
960292,642988,97
712940,382726,11
482845,180348,59
114864,521113,65
355929,99462,52
661398,131774,3
740526,28087,6
72247,272030,41
10248,251930,76
198355,767121,90
17276,362470,13
49752,191072,76
354880,472929,18
518018,336337,8
830708,721522,66
630718,481481,60
252647,245298,53
727503,155203,3
502937,871887,27
811566,3548,15
638851,172409,57
678430,374539,11
877053,644820,96
501485,464392,75
40094,866828,35
788481,12168,15
523886,952386,61
757139,249761,43
738267,64984,6
195586,226239,53
409432,327501,78
317846,46767,40
16563,382757,13
998970,702863,16
19046,121363,98
756934,800922,44
112704,223258,41
300602,220496,53
883752,223518,69
681928,178903,57
832802,905771,51
305708,34757,40
161672,236110,41
302437,72991,40
760684,831855,44
998637,93618,30
439369,475287,68
162233,661430,49
655312,829326,74
490510,14172,56
203609,66059,80
254487,174726,53
620893,363857,92
350442,888545,23
786935,21641,15
735543,282751,43
203236,793177,64
928064,975354,25
788256,226468,43
248845,346382,84
643177,876585,74
771289,66630,15
864525,82475,15
174043,154096,72
905097,968233,25
106408,401808,32
188752,363141,32
321696,753521,55
431382,242732,59
597235,742365,0
933300,987721,25
637817,794245,74
886756,714001,96
229172,706534,90
729733,634738,12
54282,331635,13
796682,838679,5
688114,147061,3
664881,667225,12
57874,690168,14
657937,960117,29
694185,168199,3
920640,203439,69
206170,110557,72
144705,65636,80
158263,941452,7
986022,78691,30
566910,61587,46
104101,630804,49
929296,691151,16
185061,332708,84
831986,200734,86
749530,353269,9
404256,347057,78
988728,551931,82
315847,440924,4
619610,799650,74
731251,142957,3
694893,67684,6
577555,981491,36
919501,65172,30
355170,346690,78
834055,972260,73
779262,59879,15
398575,857604,23
750971,571883,10
642750,704931,0
776813,907664,81
109388,488309,48
18447,55251,98
616118,103227,46
944677,190610,69
593289,423058,60
341075,451556,18
307720,860379,23
402792,727874,91
383161,802457,67
896709,992447,25
56994,914718,37
678475,138713,3
358225,704085,45
559016,390220,63
434006,350200,21
818301,192531,86
872938,478734,19
91124,537121,48
393711,112491,52
652164,923250,29
68032,415056,32
860760,794799,58
190971,651142,49
748752,284219,43
871819,665261,96
58332,394125,13
63536,859468,35
79395,393250,32
366335,994811,38
800002,641310,42
509060,787132,20
338856,158585,52
354169,520302,47
719521,998148,29
882981,277365,24
687378,767482,0
85428,791894,35
369500,194908,85
834106,821170,5
420066,57967,56
261084,54311,40
815993,407314,94
740859,627479,12
45850,611005,14
164433,637471,49
986132,931881,25
136689,334619,41
951539,519416,82
837109,291735,24
203639,570053,89
893430,890659,51
313439,975644,88
665164,420696,11
638107,672288,12
153963,666035,49
59348,468570,48
268265,744266,90
891606,233354,69
988942,164043,79
82746,720882,14
873647,395500,87
183476,691724,49
806534,417166,94
324512,78816,40
677118,332329,70
455914,548574,75
893985,218642,69
730842,268588,43
163299,576881,65
647679,550837,71
928598,956074,25
742461,555660,50
981977,87476,30
214692,338468,84
639572,295846,17
289153,798885,55
863909,733934,58
229066,927139,34
429759,964289,38
818938,905304,81
455037,821781,67
684952,995527,29
822753,18389,15
70937,240041,76
377460,976235,38
587928,315384,17
668721,204499,57
21890,916891,37
187595,925093,7
47259,283392,13
986079,33093,30
205561,863813,64
111738,997105,37
345191,640965,45
700689,491511,28
826568,128578,86
17854,84332,98
369419,833065,23
338204,205871,85
86560,829287,35
829949,961778,73
603205,77624,46
634115,581481,71
961196,824024,99
375197,938742,38
444591,241006,59
598401,327478,17
934315,37459,30
577749,233042,93
740501,607937,10
597629,355913,92
836566,175557,86
593397,223945,57
843815,14220,15
996326,265544,77
6362,929288,37
548836,301922,8
405529,737987,91
361289,195685,85
893968,928245,25
21213,533108,48
950154,248537,77
167070,960353,7
653279,662935,12
962557,711074,16
37491,118308,98
416531,644500,31
113898,297950,41
647953,161163,57
682686,916851,29
527574,948806,61
583622,941817,36
126646,548033,65
791941,165645,86
7945,541111,48
464490,700059,91
900155,921713,25
246499,922173,34
976847,873194,99
777344,826649,5
493520,602720,31
919338,328377,22
37572,477177,48
928073,129776,79
160354,75080,80
874598,376743,87
926882,113907,79
451018,264014,21
290055,961966,88
778481,931340,73
47409,819754,35
620922,850305,74
81664,537346,48
185885,169283,72
143769,340872,32
39713,461281,48
765011,546981,50
112862,877555,7
78375,254308,41
158693,166552,72
252053,266403,53
443798,923218,27
531980,997333,61
185426,471313,65
364579,479593,18
521854,803166,20
823094,744740,5
850538,8553,15
754085,911901,81
331625,637908,45
331571,722943,45
511835,415936,63
642212,663744,12
561657,771752,20
845337,587539,1
768258,126663,86
839033,629980,42
82735,537150,48
892533,804957,58
912979,448058,83
520675,997756,61
296419,916393,88
826693,237557,24
637163,806109,74
279119,153298,72
489103,365647,8
440680,511064,75
459311,650101,31
252403,140406,72
815311,941738,73
801994,119700,86
813133,337567,9
489177,604029,31
927973,452405,83
586986,475611,60
602374,104119,46
937191,370627,22
128304,420426,32
104518,646213,49
903370,945466,25
448965,761747,91
686386,100861,3
183301,744829,33
357013,322779,78
955738,99845,79
98853,434807,32
808612,355699,9
239105,647397,89
806602,562955,39
588234,453591,60
515082,988653,61
299751,927433,88
367399,891753,23
705501,356234,70
239586,734517,90
39232,387669,13
566603,897052,62
764621,990346,73
752391,451622,94
426554,107959,26
472837,974783,61
189120,550857,65
253909,455776,4
233284,807043,64
984967,345015,22
671210,29289,6
273977,740758,90
936506,859806,99
769486,758280,66
415389,445375,68
425057,947097,38
873878,269749,24
677052,216343,57
88089,518866,48
595724,339958,92
683586,35628,6
806727,664484,42
983568,839102,99
789856,114476,86
1505,300734,13
442308,883352,27
507226,950580,61
404398,718290,91
307779,852450,23
132817,258515,41
873884,377471,87
163168,367998,32
948505,527122,82
349965,862056,23
577549,871358,62
919746,187078,69
230513,246126,53
640385,960420,36
794966,856,15
400143,216369,85
523783,227532,93
144010,392802,32
835693,493531,39
780511,63272,15
414481,192619,59
350510,23909,40
842323,930127,73
651531,293115,17
393437,508606,18
153675,825653,33
751977,489347,50
462525,658177,31
984679,502519,82
848636,36629,15
632701,807515,74
910598,426925,83
335706,220836,85
598261,986447,36
219588,617878,89
691638,364220,11
449727,575290,31
904654,535703,1
562839,650636,54
248767,38650,40
599542,516483,71
544796,390629,63
317204,256418,85
631908,479756,60
265035,455599,4
266550,909230,88
431088,298157,21
127291,389487,32
118353,171400,76
727242,758435,66
20474,113536,98
212603,230009,53
776523,24510,15
948005,126000,79
689736,396209,11
97237,273565,41
808693,708338,66
46568,670837,14
767552,257364,43
523366,221656,93
382963,465770,18
207650,974987,34
618400,463487,60
837935,184081,86
853701,153717,86
524453,498005,75
977355,415504,83
379271,412508,18
22212,321476,13
54113,491993,48
941010,559627,82
660749,210311,57
703306,469124,28
572652,575238,71
34503,901341,37
851907,11669,15
121777,718396,33
85022,979533,37
11802,365073,13
789225,505339,39
242796,683363,90
293528,328704,84
535729,9490,46
512205,644505,2
201679,625781,89
517247,381043,63
200021,763085,90
179990,95470,72
572110,457338,60
485947,322062,21
899263,926437,25
633644,658480,12
75982,42916,98
290094,624249,89
769189,764915,66
938873,648919,97
385188,859818,23
971735,957801,25
768125,882084,81
196007,290390,41
600850,491762,60
54771,550160,48
548775,276753,93
402198,752438,91
239159,548024,89
649110,601012,10
210815,176204,72
462408,694909,91
335910,640631,45
87093,776822,33
63933,524404,48
659777,885632,29
818681,574191,42
443079,836478,67
701945,606343,10
809039,527776,39
336622,609051,45
328846,926552,88
567626,92846,46
462755,535665,75
934899,847742,99
11346,703965,14
553016,545128,71
967058,358936,22
649378,106605,3
726222,626559,12
591455,596883,54
825724,943918,73
431406,641884,31
155968,369402,32
548679,649596,54
775279,116717,86
666181,509995,28
501558,695988,2
484125,698355,2
266491,928484,88
36242,128416,76
303309,728665,55
685837,869408,44
152977,87930,80
849605,317700,24
588770,469592,60
441636,586638,31
627677,383233,92
6927,430766,48
895927,853647,51
259789,278292,53
258104,959287,34
741646,861008,81
976443,94251,30
86001,431539,32
884702,202992,69
697794,834284,44
822356,347223,9
786475,285823,9
839609,314134,24
653339,672701,12
99521,665349,49
536162,280046,93
749710,387928,94
918533,799527,58
660081,982703,29
302427,896772,88
55847,622421,14
32266,306500,13
354329,218709,85
844268,623556,42
110067,896549,7
311477,998439,88
777968,323884,9
524934,575194,75
288533,377064,84
330622,774344,55
412543,623551,31
27428,989044,37
874880,111696,79
288709,333835,84
780831,442648,94
597783,954776,36
932186,256872,77
249454,576636,89
526023,884703,62
208533,826548,64
802852,546649,39
546427,809578,20
593412,475828,60
255989,415909,4
192172,846313,64
988814,13216,30
130884,777447,33
561692,368849,8
257808,984385,34
562773,537507,71
892235,804885,58
708579,97841,3
417643,328954,21
746253,287209,43
130704,746279,33
713269,916352,29
144414,167801,72
231990,63558,40
229663,948312,34
280595,976225,34
417908,788474,67
898702,489033,19
186425,247527,41
190353,267984,41
12138,14921,98
786947,231826,43
314382,819284,55
711179,790105,44
295972,405567,4
379092,410743,18
361258,678175,45
89265,281920,41
239890,832301,64
492917,470334,75
916532,164813,79
20227,971563,37
74371,958528,37
991254,21153,30
520947,562627,75
79033,321459,13
771840,318588,9
523854,425319,63
344797,9338,40
945133,855381,99
389183,6560,56
265074,111050,72
424769,99358,26
920986,21523,30
740187,329050,70
359526,566092,47
322584,673922,45
622218,630308,54
592288,588483,71
638014,114277,3
663402,803335,44
660286,429084,11
625125,478427,60
934690,339251,22
804762,638473,42
826726,787501,5
534460,680889,2
706589,641537,12
313208,96739,52
906605,310909,24
459723,574082,31
602035,413347,60
128374,583909,65
775179,444621,94
749282,188514,43
359523,508482,47
72925,663146,14
498597,930673,61
833717,293063,24
514833,813434,20
388995,844543,23
236371,693171,90
139819,947332,7
811567,8635,15
138413,315868,41
801015,673243,42
200525,223821,53
763551,7056,6
590476,143178,95
409123,139643,59
995757,702449,16
62265,496860,48
742088,285157,43
643041,592123,71
811695,162319,86
101568,55246,98
520268,159936,95
46296,102444,98
792933,829903,5
185660,395368,32
964638,676483,16
652849,435565,28
550568,397819,63
152064,754179,33
490488,635032,31
987000,521830,82
407496,798676,67
362071,334469,78
428098,53461,56
524284,646999,2
128815,997524,7
391913,897729,23
131898,814592,33
857323,38682,15
143491,655835,49
625899,492098,60
705739,357787,70
326824,935308,88
723834,481253,28
427939,385921,68
184573,128983,72
817850,612324,42
342845,210738,85
881800,427627,19
130671,190591,76
267235,427266,4
67747,628410,14
691842,801718,44
477036,544904,75
215598,561719,89
816658,586970,42
209710,606022,89
413297,298958,21
603735,989949,36
79590,675763,14
550824,712230,2
462383,277724,21
714113,98931,3
741811,619232,10
444505,811136,67
776045,990718,73
13863,995951,37
953366,228704,77
835594,833887,5
140233,909858,7
984806,637788,97
303375,836684,55
148193,692898,49
545404,609567,54
996409,659240,16
861061,858248,51
588379,893258,62
553,302109,13
553475,261748,93
200798,827698,64
130502,349047,32
447881,536121,75
588399,229221,93
523185,171775,95
27688,360948,13
461790,311938,21
756203,505861,50
9825,129801,76
575003,78633,46
600173,119382,95
467887,790558,67
921829,195578,69
92933,926286,37
102048,130149,76
422412,484742,18
71809,896248,37
247182,394950,4
930477,537869,82
968182,245945,77
611228,917209,36
533037,760546,20
504739,158097,26
140300,33192,80
866613,180893,69
274111,983804,34
798125,100753,86
355945,381289,78
337149,479427,18
731777,976307,29
792547,348660,9
928703,715504,16
489538,676932,2
200834,424584,32
991452,344550,22
858842,562249,1
729703,133921,3
819681,391462,87
316090,530390,47
270822,715025,90
432784,810919,67
124769,8727,80
684872,656654,12
390260,104710,52
875568,683202,96
591536,959650,36
843084,720645,58
885627,737099,58
424288,13200,56
867503,136263,86
175784,415960,32
41967,350887,13
370304,703190,45
530290,584858,54
713165,178672,3
940850,873719,99
601849,286603,17
940481,679218,16
626374,474533,60
488915,205711,59
401028,84201,52
175296,214159,41
386127,641387,45
791552,621400,42
871793,238403,69
855829,924247,51
826691,201572,86
826413,532837,39
405812,489540,18
714764,54502,6
20711,106190,98
741376,307548,70
975924,361745,22
852747,125140,86
240505,174832,72
416873,392404,68
148569,3519,80
147042,337802,32
439983,800248,67
783854,249551,43
217802,605584,89
53951,765247,35
517932,887348,62
661536,440960,28
227993,889612,64
710972,310963,70
356093,860033,23
590797,530256,71
25609,417438,13
889163,178373,69
925235,435272,83
619462,304408,17
195946,276109,41
566582,553216,71
914974,981726,25
876146,388581,87
892621,296835,24
909231,445786,19
326123,154086,52
734435,655225,12
376752,77031,52
666373,739124,0
466795,429505,68
693956,329443,70
950934,348955,22
902963,108279,79
853403,151829,86
803287,847353,81
467492,144703,26
30574,868973,35
829608,233431,24
281467,629755,89
301707,790169,55
382906,505122,18
601844,199714,57
607957,948931,36
692609,692664,12
604029,916382,36
644941,535503,71
214766,574095,89
825564,264114,24
971981,90327,30
140247,137941,72
390566,243692,85
744170,272283,43
275760,714148,90
699847,344722,70
751476,60285,6
212392,681330,90
123396,925688,7
53287,608609,14
901716,144058,79
184126,621452,49
747658,895350,81
158646,377811,32
873764,362032,87
683503,641032,12
825182,840911,5
199260,979533,34
14526,140223,76
739877,115585,3
645795,881160,74
665054,573625,10
930878,282618,77
970928,401402,83
377619,656876,45
121896,716710,33
760007,442054,94
608636,356569,92
857229,454242,19
449819,113962,26
365341,297652,78
637426,222279,57
843758,57242,15
81743,869167,35
102831,282566,41
95369,874429,35
543409,90667,46
852745,95658,15
737657,809584,44
681826,458221,28
329314,786449,55
863653,428241,19
451844,147923,59
142381,3093,80
984662,215605,77
673323,545517,10
518864,560591,75
866827,771295,58
155186,214598,41
756696,800286,44
415388,428290,68
278066,460679,4
640640,238870,57
689148,517946,28
126412,614812,49
161132,154923,72
797646,38277,15
335809,957734,88
648046,719996,0
984715,118110,79
84900,928852,37
217477,147341,72
364358,768258,55
118876,958933,7
802684,725854,66
433749,28142,56
995563,442586,83
548134,501244,60
413189,477128,18
105874,427443,32
43231,585471,14
12472,619423,14
654726,981077,29
967103,101831,30
479304,674999,2
714045,958269,29
635340,165944,57
22378,117352,98
350474,426084,18
196838,261986,41
202554,334918,84
977030,958552,25
393412,90396,52
300428,299656,84
323528,539249,47
159444,782065,33
169668,619777,49
599049,219616,57
99443,343280,13
515300,650995,2
276175,682348,90
237983,787733,64
437784,837347,67
304980,808332,55
645195,801329,74
938495,299800,77
749170,309003,9
428162,134752,59
785094,78314,15
231041,119045,72
793097,581905,42
81180,406022,32
27826,685708,14
709456,828054,44
108689,751596,33
84450,356691,13
908231,641616,96
647369,343484,92
945879,398898,83
290685,546575,47
297761,481631,4
786677,681881,66
374329,353567,78
411834,696195,91
964449,500440,82
908429,972949,25
364581,526903,47
667783,437339,28
363141,322690,78
458820,393258,68
491298,258674,93
550181,907967,62
203540,908460,7
500243,591520,31
679881,761771,0
97192,519361,48
