x,y,cluster_id
242578,13469,82
383138,414652,0
67768,993126,76
484308,765337,31
31833,30935,68
932640,887879,25
591329,478778,20
833354,186335,13
735652,115053,71
698658,355604,18
638300,908210,69
294000,264971,42
377493,541620,93
9281,999465,76
12901,842497,6
852470,467010,53
53607,976747,76
196754,856972,64
144213,800662,38
729397,985790,84
183405,499760,73
469862,970991,45
450770,95791,81
974081,390235,3
680670,26669,29
231241,468739,52
97960,415410,75
796294,316402,34
778534,828493,99
487140,369048,72
602845,24264,39
811111,355792,65
806109,274877,34
859817,951019,60
777276,680837,94
835185,961129,60
705424,73751,29
536857,957185,70
418065,418776,72
381617,836927,21
240062,726211,22
431612,116690,4
223913,309587,79
244801,377033,79
807539,314736,34
775229,283334,7
996348,632867,9
600910,509480,90
834128,199442,13
35980,730005,61
197911,293197,58
770346,214750,7
309220,60662,82
557590,416916,33
115944,685545,91
959950,893088,25
136133,997800,30
27973,148064,2
522975,641339,62
989146,578132,51
680530,674978,98
362046,914709,46
530369,917610,70
283108,208988,50
471815,806578,21
161689,514298,73
813117,64168,1
479624,43309,81
902915,294501,36
685730,66033,29
821219,242774,34
310257,492554,93
356179,307990,42
396981,70916,32
886516,684032,49
528226,902819,85
686503,63316,29
152140,23765,55
418942,174793,86
752751,490316,5
747743,329274,18
117577,118127,2
374985,376969,0
728744,14480,29
382012,490499,57
827576,79664,1
923967,118042,92
938251,195973,92
726117,857863,66
103637,838910,6
565110,810400,37
406969,934977,45
160874,816054,38
431739,248100,47
830522,596218,44
645779,608168,23
495466,304382,26
755627,828610,99
455550,438144,24
897430,118944,92
98993,780745,38
997533,539816,51
698849,561277,59
384785,92576,32
929386,192648,92
841254,969376,60
318446,127999,32
288386,909935,12
279052,41813,82
755507,809000,99
866244,973541,60
313587,467795,52
243042,823442,64
599615,743697,78
327666,83176,32
951140,823081,25
527120,310801,26
646964,528517,90
786098,952490,83
515310,819254,85
207082,441170,52
757169,750570,8
841330,249551,34
217528,1761,55
607765,712493,78
871078,223776,34
14974,680695,61
452619,175360,4
288399,131390,56
272306,650010,77
719640,990750,84
535380,148002,4
469616,838895,85
313226,398227,0
5279,739131,61
580105,833601,37
347811,666053,88
354997,440055,0
14917,711650,61
706767,635577,98
146365,957588,30
183773,679719,28
48126,868372,6
730391,687771,98
373259,371670,0
663645,885499,69
586741,364693,95
406085,74556,81
75646,387667,17
531298,530090,96
229012,19601,55
439383,726733,31
208291,749221,22
166750,575130,48
211249,463602,52
769233,500985,5
67848,329471,43
430095,618497,16
83209,503956,14
994746,709053,67
62870,660778,11
710643,782564,8
561766,616936,62
851959,876326,40
416611,994392,45
751597,103922,71
622708,854272,37
763144,172256,13
113940,992884,30
414314,380142,72
62500,450930,74
789565,228458,7
697292,386877,18
247648,231501,50
849283,902588,40
803927,613533,44
663457,738469,78
452902,931007,45
436138,171789,4
273068,465220,52
955457,369525,3
607397,533230,90
999677,575269,51
555215,505000,90
540809,380896,33
724384,729940,8
104473,885740,30
639572,287519,95
332946,834822,46
860169,869593,40
256492,871667,64
117700,192914,2
305697,859094,46
796018,674653,94
900226,112347,92
221747,915444,12
880066,285789,34
257319,771158,22
861762,644236,87
684291,882927,66
369671,66247,32
417820,301777,47
980466,702029,67
7364,783108,6
703318,672688,98
870522,869668,40
524434,177186,4
980344,642136,9
393063,217912,86
447246,868568,85
31640,773725,6
9819,42467,68
744825,278843,7
523351,969780,70
102327,819686,38
470454,926986,85
854907,426604,65
934752,387852,3
632230,906357,69
147351,540271,48
343122,859703,46
37949,811880,6
271485,855588,64
870383,540877,27
534808,524330,96
423039,21274,81
554457,763045,37
498689,467937,24
617602,46054,39
32396,486973,74
571333,395104,33
522923,772502,31
453133,808894,21
94785,52884,68
826935,303685,34
42690,506413,74
285958,109358,82
982686,19644,10
173411,524345,73
675854,86444,29
873180,538256,27
478759,506532,24
299840,413003,0
344194,871591,46
838942,102171,1
196498,555389,73
424329,714240,31
233338,727393,22
302701,508484,93
92123,325340,43
998452,999447,41
711751,399947,18
915277,68584,10
703078,646216,98
966967,821532,25
497813,752719,31
952957,363209,3
467852,199519,4
319607,637251,88
293620,877284,46
523256,367777,33
237859,699470,77
999000,202858,36
442180,722977,31
79262,168652,2
539282,715609,62
251904,750679,22
674102,637241,23
116274,231005,58
506655,355788,26
732259,84308,29
967997,128374,92
585623,581955,90
922186,193661,92
864539,311585,34
811253,744298,94
429059,196341,86
917628,585903,35
274474,86126,82
521532,393337,33
826258,922274,83
661199,778269,78
376760,214791,86
994520,904005,25
626417,198418,19
813554,408777,65
327680,324291,42
367317,511847,93
620384,803852,37
341576,879053,46
250295,716161,77
534048,751257,31
386673,821553,21
854750,796623,99
844887,19776,1
383249,271130,42
883418,620394,87
964801,416189,3
902504,390258,54
74399,429715,75
223790,239575,50
552139,814155,37
516846,642578,62
822119,358702,65
709654,167894,71
807477,278000,34
359047,513118,93
989323,555229,51
734375,650304,98
661679,842450,66
72134,360306,17
669352,806694,66
106581,312340,43
513709,915202,85
801957,495907,53
725267,570966,59
239062,924139,12
4986,808315,6
353592,834880,46
839796,454535,53
374671,108680,32
592807,314266,95
880309,355704,65
327136,184438,86
855266,459639,53
154120,306519,89
672925,858988,66
25724,353126,17
998767,287106,36
403714,223334,86
576057,802292,37
127505,976868,30
225842,738540,22
646862,809815,66
561670,1315,39
111739,2849,55
893928,255271,36
349886,542663,93
542610,659326,62
304556,687893,77
434005,323590,72
589821,134435,63
462490,70127,81
629891,585425,90
253674,504712,52
696317,16186,29
52367,132880,2
315584,25240,82
210313,743236,22
574919,671006,62
608211,212948,19
31110,873539,6
579454,892040,69
521551,712622,31
41863,596998,11
751981,550487,44
35726,446954,74
959509,480178,54
357800,549171,93
923869,471037,54
731501,345154,18
16405,722120,61
675589,628740,23
237498,636867,28
829868,607283,44
621287,975722,69
973083,621237,9
132736,906385,30
616378,468377,20
14476,303459,43
245720,816957,64
608290,539205,90
424689,751438,21
430810,628092,16
345266,893285,46
456783,165931,4
810127,812538,99
334136,834506,46
549359,88853,39
352562,523797,93
458504,87214,81
817071,518386,53
520241,704018,62
443985,70005,81
588148,7255,39
937220,858295,25
379421,943657,45
52889,905543,76
469229,342547,72
188338,400091,89
335425,498812,93
536861,26511,39
579792,570720,90
104485,89116,68
780534,447421,5
815274,324253,34
733585,370990,18
235025,68069,56
47294,877899,6
859542,324578,34
186882,928701,30
689450,600241,98
266814,354545,79
842451,76321,1
733023,918199,84
184514,137053,56
455505,682579,16
107825,225534,58
556607,898878,70
458725,805522,21
420218,606961,16
197918,418513,52
953410,967169,41
215132,729668,22
532081,695311,62
97791,579595,11
262600,528353,15
31083,414922,17
596607,175765,63
82470,85277,68
252503,829532,64
958437,460401,54
966716,608715,9
679522,741861,78
466695,750819,31
22240,788280,6
625487,571436,90
128128,461503,75
481417,186445,4
589343,103250,63
330431,556650,93
624015,829410,37
905440,730891,49
89809,423409,75
243339,806022,64
817059,316019,34
347653,17202,82
127524,307548,89
960467,574613,51
532236,291130,26
25211,730439,61
503756,634589,62
538167,985049,70
730439,490467,5
283424,520330,93
197125,91670,56
697768,401666,18
808041,751828,99
983132,511241,51
432666,828883,21
48384,205276,2
80313,821012,6
757363,8609,29
707157,189128,71
680946,675023,98
127441,915777,30
464064,524562,57
320625,760533,97
294147,739293,97
312291,675442,88
165789,427107,75
397577,92002,32
290437,384309,0
82044,925550,76
721616,213077,7
186101,803504,38
504920,205865,4
980372,124577,92
776937,996788,83
17328,239384,43
332762,745003,97
267561,910812,12
19009,497406,74
906774,166610,92
230936,355255,79
779472,588468,44
394199,317563,72
290800,475775,52
362539,193552,86
44196,805903,6
813759,851464,40
564542,260234,19
763298,762542,8
44144,930766,76
389826,819942,21
765440,760514,8
966042,280601,36
70368,685962,61
964895,1139,10
146132,46477,55
147215,254032,58
524450,432983,33
161411,846487,38
913975,182299,92
909292,474804,54
46046,897454,76
512430,424367,33
349529,550215,93
478212,309860,26
823446,666155,94
77972,484115,14
526598,538193,96
414083,500447,57
18624,25006,68
287518,320761,79
30486,382682,17
751338,737903,8
952214,869233,25
200549,641193,28
542255,683283,62
943362,87182,10
283571,981982,12
172243,900475,30
299713,279151,42
697794,836100,66
339123,647658,88
193305,887822,30
638140,228485,19
149953,269467,58
948273,637831,9
40760,64007,68
770440,791028,99
808978,506184,53
446060,935134,45
809826,753518,99
387116,265002,47
893533,617219,87
601806,554563,90
553467,135407,63
786284,90982,1
141422,887534,30
789736,94881,1
675275,347341,18
775765,297738,34
89194,87366,68
364210,280764,42
805982,141354,13
738005,650951,98
540762,602548,96
28278,269437,43
431553,118445,4
710573,606347,98
879124,448669,54
782282,820982,99
259457,706066,77
852164,326385,34
562070,710548,62
196002,221354,58
306021,297215,42
301958,10359,82
109793,296194,43
136531,678842,91
313124,676199,88
877292,655694,87
250228,591121,15
977002,486192,51
430209,531175,57
471716,133042,4
41837,161437,2
279457,847490,64
779934,351890,65
223913,306152,79
499712,666297,62
460131,429919,24
652146,630747,23
974738,421745,3
270729,152068,50
810341,405655,65
858824,260347,34
659526,658617,23
390842,895279,46
965477,784319,80
64369,856170,6
654323,218280,19
638217,520501,90
65709,374082,17
205302,517220,73
918035,424475,54
152224,438185,75
585705,946647,70
297843,849297,46
146692,467539,75
943533,961072,41
748604,789923,8
252586,226657,50
426687,344493,72
895017,552102,35
178670,911525,30
1627,348707,17
724558,661643,98
239147,350197,79
768439,165283,13
911430,418744,54
831055,548144,44
672461,65380,29
854762,994810,60
776296,213350,7
780540,535883,44
586894,931210,69
856026,239074,34
130708,813366,38
255189,965174,12
693344,48560,29
150135,330008,89
458016,877102,85
468099,356033,72
855049,823421,40
250833,762169,22
776482,340047,18
179205,906942,30
983798,704694,67
802638,939609,83
16014,161869,2
544660,113148,39
689317,352054,18
984868,680902,67
922855,425236,54
955076,975835,41
863676,810105,40
443603,642803,16
599618,782140,37
441281,616519,16
840588,775751,99
54643,393956,17
230453,232462,50
997603,714695,67
888529,521034,27
25289,44722,68
644519,436345,20
654821,587228,23
546599,692868,62
35328,765762,61
175141,595542,48
289130,412239,52
502562,564201,96
536599,627309,62
189077,819114,64
865331,624967,87
821899,668647,94
957923,814533,80
856777,853233,40
292285,447019,52
63966,92841,68
380868,255788,86
36412,991412,76
667741,733999,78
325196,583595,15
488764,667166,16
67141,453105,74
335806,898567,46
222368,343760,79
589718,397795,33
753452,271553,7
218,666513,61
86064,492552,14
331103,860917,46
437529,555893,57
900287,138799,92
797276,820266,99
220819,307277,79
411484,813708,21
5974,405751,17
461672,330896,72
385117,664285,88
653832,955598,69
749923,957199,84
647581,895951,69
263295,210696,50
172066,923309,30
62027,503377,14
270310,113454,56
826725,781561,99
697279,176449,71
591138,271203,19
123186,389876,89
648284,724937,78
27815,496005,74
365009,710649,88
888142,6528,1
732732,42238,29
906359,176035,92
626265,636628,23
812437,629874,94
297298,690003,77
894775,491711,27
190341,69922,55
185334,911032,30
728059,491349,5
114253,261181,58
681789,835962,66
22854,118492,2
508964,170729,4
444857,724577,31
966472,504457,51
421891,732427,31
916412,152779,92
759500,932912,83
463855,26065,81
87796,603038,11
264076,325429,79
490573,73370,81
133243,423548,75
587391,294335,95
900293,241081,36
864629,826222,40
319393,42303,82
989090,639798,9
88958,130479,2
963129,319547,3
637683,550394,90
476744,645707,16
401749,208499,86
255176,755091,22
824497,334896,65
604644,259054,19
936577,58469,10
702505,2611,29
893644,477155,27
557158,159383,63
757319,269378,7
436915,244025,47
341386,678381,88
556456,363597,33
976096,261845,36
837832,455306,53
340140,738492,97
838163,10166,1
863728,683183,49
273097,950126,12
773734,164077,13
652271,725725,78
272943,365600,79
655343,351713,95
243255,402613,52
723965,680854,98
123297,261724,58
804150,361057,65
297167,501711,93
271521,465598,52
320205,686505,88
102040,1116,55
758899,819795,99
307084,162805,50
267077,770362,97
487890,978026,45
686407,447194,20
993502,791547,67
542651,338569,26
337652,918201,46
220304,659358,28
838643,89632,1
452402,525893,57
691637,347229,18
881189,156135,92
175218,898030,30
202446,516774,73
433467,286153,47
381265,933473,45
891852,364863,65
261152,191209,50
652788,414443,20
552273,60222,39
152052,547179,48
447529,629865,16
149661,361168,89
155977,515622,73
69174,623831,11
735693,807013,66
480659,444560,24
731063,990739,84
351500,667669,88
522571,854045,85
946983,952144,41
692021,812608,66
511050,224011,4
966500,978391,41
824190,168318,13
933801,405607,54
51988,766692,61
795650,499217,53
350803,954842,45
41902,262928,43
39298,496141,74
658151,545651,59
758756,412482,5
598829,521751,90
72999,895807,76
831767,524524,53
688145,665722,98
805639,387532,65
260766,707758,77
302174,653878,77
737836,820310,66
953547,269616,36
448563,15009,81
273042,21652,82
919776,682284,49
152520,417282,75
268832,274600,79
218522,701903,22
886238,17152,1
282081,937983,12
695537,894112,66
351414,225027,86
30544,369400,17
509515,434505,24
726246,31457,29
698925,838227,66
90299,656945,91
284910,495104,52
222096,768958,22
885650,129575,92
781288,108898,13
254319,347684,79
541060,609374,62
749789,707047,8
349649,565372,93
222516,835035,64
435364,172746,4
346145,673032,88
650491,814657,66
945008,765865,80
904353,475219,54
18253,782937,6
825366,939543,60
903418,749907,49
692057,410394,20
498846,114126,4
122227,272752,58
145801,483149,75
299740,744382,97
830073,38872,1
337565,463319,0
3177,407989,17
72370,324033,43
34459,166962,2
135095,541866,48
145298,37440,55
268732,595015,15
419959,266128,47
816027,971400,60
326940,881076,46
254108,809641,64
647788,378185,95
160600,220332,58
127164,246854,58
886556,346737,65
621975,539081,90
345074,661911,88
740201,573687,59
967708,277254,36
808407,912229,83
848464,150921,13
545608,35536,39
268556,622215,15
580360,118124,63
315317,532872,93
993768,265875,36
564594,145663,63
159422,415063,75
968169,19403,10
118412,165552,2
446318,280092,47
512132,404636,33
722206,119429,71
246048,329758,79
247805,860895,64
73814,600265,11
654149,291218,95
505451,130000,4
916369,427290,54
469615,830755,85
513926,568692,96
9142,661204,61
862551,907201,40
328505,197791,86
274385,597895,15
821890,507690,53
751772,35476,29
258163,962228,12
177659,927442,30
532199,682958,62
486770,152062,4
719304,358104,18
657716,242012,19
511020,725362,31
167867,340893,89
389685,436554,0
168204,4930,55
865417,75490,1
772478,47852,1
256073,828780,64
314452,8313,82
721180,884284,66
175914,600878,48
972434,711106,67
562233,463928,33
242174,218545,50
91632,73475,68
895381,682700,49
148105,206138,58
574866,777720,37
148148,932684,30
622352,886595,69
15845,313634,43
260497,179452,50
64106,436877,74
606106,827812,37
44174,442853,74
38842,831778,6
702222,253625,7
684563,456885,20
867658,729092,49
855769,925571,60
78773,940038,76
234979,302275,79
337800,408333,0
861433,115931,13
468418,707094,31
134634,805523,38
436332,443267,57
989277,779134,67
921152,804133,80
79997,512120,14
203381,227984,58
728568,57905,29
220248,712328,22
108589,67620,68
493188,26330,81
535295,713444,62
856125,894547,40
661345,229144,19
224344,555068,73
35232,161004,2
9371,502253,74
372830,154043,32
16201,300869,43
720729,295774,18
84228,635636,11
135320,335573,89
983496,627689,9
581780,989074,70
382185,391124,0
625693,35387,39
753161,377106,18
29806,965724,76
925212,50386,10
854117,145873,13
699758,848907,66
591717,993080,70
705928,543080,59
548909,523414,90
34276,83044,68
721979,309497,18
730015,369676,18
153033,40352,55
209195,951779,30
557925,45782,39
460857,634163,16
390532,680045,88
524206,332584,26
751909,350477,18
478207,238507,47
593432,812433,37
564719,245211,19
275696,632427,15
204459,355115,79
423492,636566,16
768454,409700,5
836554,972956,60
474675,868969,85
767850,268745,7
799870,421564,65
235436,983230,12
153839,583642,48
273905,538073,15
393064,234339,86
545063,884139,85
738266,52157,29
605151,789116,37
681866,121999,71
443740,940641,45
357292,15947,82
37314,142958,2
695613,169161,71
93245,177303,2
934087,209417,36
683274,802244,66
329324,964006,12
61453,846185,6
847387,38238,1
669441,304301,95
388493,413164,0
51053,57149,68
518097,671399,62
204299,655409,28
463472,580675,96
405447,351155,72
865230,932593,60
90591,573776,11
453396,227115,47
122325,925423,30
585910,392221,33
72148,603604,11
784572,309345,34
163232,447450,75
297934,391186,0
669410,783276,78
523323,500049,24
335821,143853,32
748186,770163,8
143503,855783,38
153310,696870,91
299309,495168,93
296116,831163,64
359620,145829,32
962045,96997,10
234047,631645,28
66130,450176,74
123385,735202,91
555062,930672,70
816155,122266,13
936490,602538,9
859314,500129,27
668252,320747,95
798684,496473,53
232905,438296,52
452176,736052,31
833106,26009,1
141307,949091,30
378831,13075,81
751950,25212,29
745536,240149,7
197255,274272,58
693050,102709,71
239531,813463,64
883097,219721,36
867177,651950,87
333819,497642,93
879322,774805,80
158403,282467,58
437674,987061,45
535721,864875,85
956956,569361,51
264541,152769,56
589402,90625,39
137783,724098,91
924659,744082,49
796387,879672,83
662489,457969,20
99091,428118,75
386559,904085,46
965117,737080,67
103915,513843,14
163639,293112,58
348921,321667,42
270602,23702,82
371931,49495,32
872748,275667,34
146722,969327,30
488819,596305,96
101812,161350,2
820818,492225,53
838009,433553,53
730040,787800,8
559365,254691,19
592493,41438,39
452454,404403,72
808356,44645,1
358498,278535,42
343883,656200,88
766914,538329,44
711036,394351,18
869030,793574,80
611259,433397,20
107854,709571,91
774190,821240,99
593434,860854,37
389015,175340,86
944062,863325,25
904945,420155,54
559495,443429,33
713401,137053,71
465648,155552,4
372323,636105,88
22946,669984,61
428548,614195,16
788360,968954,83
216611,582131,28
884498,772624,80
501411,221118,4
341683,672160,88
4474,207135,2
324423,585788,15
344812,260619,42
228897,75460,56
268969,564252,15
387670,572543,93
734233,269060,7
105796,122725,2
641645,133418,63
366279,58809,32
406691,267197,47
787883,956607,83
696008,810665,66
849490,387349,65
187938,683689,28
762548,145832,71
1247,969778,76
61106,10156,68
697222,216741,7
769867,168569,13
150759,807388,38
778061,878874,83
241909,774239,22
648644,768397,78
455517,880961,85
327679,309241,42
420151,482812,57
636180,292454,95
283061,412256,52
793444,429173,5
119609,276762,58
548990,875193,85
372582,989898,45
231415,399510,52
579637,962833,70
345796,794865,97
300875,814105,97
673124,211328,7
790360,581230,44
737625,272812,7
162626,267198,58
810016,945471,83
547859,873238,85
515237,603928,96
230113,513108,73
812783,457341,53
545122,879278,85
31104,780084,6
886726,208887,92
780325,939040,83
450219,837236,21
428397,72104,81
867855,48646,1
608610,922980,69
532228,163787,4
773860,276242,7
807459,978869,60
853246,522099,27
922630,658647,87
895314,558027,35
773335,454523,5
174958,527402,73
56195,480200,74
725944,955187,84
842620,914593,60
569582,966320,70
948107,839537,25
99223,647872,91
791721,463593,5
608784,844791,37
403138,543117,57
168961,736218,22
621532,98395,63
739130,569993,59
886779,105735,92
90082,19726,68
544786,233272,19
618436,55810,39
12355,661680,61
871635,576546,35
12552,975694,76
495722,605387,96
741714,238,29
11499,271766,43
575154,628918,62
240742,158462,56
282576,257007,50
524368,60129,39
591842,94499,39
259734,350116,79
402581,190496,86
670601,797720,66
292782,790946,97
446040,594992,16
46015,390610,17
993732,668097,9
708336,11153,29
462346,653469,16
865517,751617,49
431338,506075,57
602926,391413,33
489633,271500,26
104404,719744,91
745281,939802,84
260342,573491,15
663712,21535,29
954379,255236,36
765984,902903,83
96337,148934,2
139275,799879,38
576323,263659,19
322871,501548,93
522994,972856,70
798314,263975,34
641468,162387,63
254220,677608,77
560911,234065,19
939487,973489,41
429920,667674,16
601719,95697,63
383606,280928,42
567093,146859,63
273254,582893,15
691052,527648,59
180700,26089,55
486346,33361,81
709503,624747,98
129371,350974,89
833279,930390,60
77562,595368,11
360088,413,82
943914,376378,3
799696,494948,53
600324,662232,23
147557,4582,55
18892,533151,74
684244,98451,71
679476,966777,84
621846,377735,95
606424,184923,19
2469,507869,74
760893,341951,18
170468,58201,55
188936,450198,75
481465,983623,45
765368,550158,44
515568,161918,4
368816,699929,88
707770,504196,59
38803,178018,2
956165,274246,36
263093,811242,64
549946,951166,70
249375,258902,50
377096,861000,46
827171,274018,34
425691,597573,16
415183,994431,45
415829,847539,21
602008,949619,69
251351,457359,52
837562,920270,60
979574,700914,67
267319,837844,64
649455,398050,20
39719,571985,11
367024,584263,93
718978,870128,66
256065,700404,77
700113,814213,66
483066,903289,85
588381,928039,69
554483,212161,19
794661,879351,83
255422,893973,12
5303,142275,2
223110,819353,64
874756,39219,1
161644,755281,38
15347,948811,76
672529,211090,7
803106,813531,99
27758,542002,14
434785,444295,57
271661,811357,64
483756,491700,24
12831,661349,61
301021,267390,42
34347,278044,43
95313,930538,76
560008,66389,39
812235,235757,34
383949,40690,81
881513,594492,35
627292,901896,69
171516,683638,91
917026,460890,54
180264,702775,91
552612,754461,37
232109,67054,56
982663,621556,9
503817,659632,62
436894,880913,85
514167,613852,96
24935,94850,68
145688,579831,48
230428,819261,64
328540,776104,97
996164,541967,51
856088,277164,34
302927,303302,42
608687,211545,19
439819,46454,81
766181,205278,7
123733,592661,48
855691,599541,35
499790,974694,70
684477,16473,29
863901,591963,35
133589,246594,58
516366,566603,96
899298,515966,27
849073,384979,65
355820,267841,42
609764,307010,95
932852,445981,54
615953,326408,95
942830,155479,92
150533,8922,55
964888,880589,25
69581,457699,74
559233,40274,39
896103,804760,80
608177,643948,23
839299,99800,1
338913,115578,32
531827,427889,33
540352,710404,62
774367,798947,99
907227,773395,80
463358,658925,16
564644,975500,70
242637,2980,82
100307,862353,6
579898,353254,95
151113,757299,38
934581,513414,51
959552,206042,36
961499,920383,41
889004,501238,27
320196,545130,93
3435,746576,61
702916,912419,84
28342,348857,17
254831,960087,12
195418,396498,89
949062,889182,25
482897,60572,81
38358,696095,61
277616,897886,12
782126,192715,13
976367,815555,25
47561,367183,17
250198,93442,56
489054,543753,96
868320,862548,40
857057,565897,35
34491,702990,61
158204,950383,30
92834,265531,43
783404,680779,94
864418,276963,34
932470,28687,10
154262,697631,91
97959,397025,75
814029,399500,65
409374,358252,72
152011,861245,38
949625,357007,3
217499,509412,73
697051,337279,18
649929,369638,95
511522,150934,4
752145,317765,18
693008,399197,18
307755,451051,52
822738,772750,99
625918,811399,37
184419,543721,73
334906,773060,97
820718,807505,99
750658,320686,18
785342,246740,7
966998,336515,3
815811,338525,65
590288,980198,70
201272,782310,22
296841,20052,82
20866,697485,61
639954,718517,78
117304,528517,14
801422,503480,53
990531,856212,25
365333,163257,86
870528,967686,60
903693,378242,3
114596,19018,55
637913,404685,20
548960,376755,33
125468,753744,38
180463,52461,55
725937,832360,66
488572,444666,24
514411,717296,31
602637,521330,90
996356,770079,67
721412,781988,8
888241,674649,87
828435,516216,53
54127,717784,61
806198,773172,99
717055,545110,59
675831,706302,78
819734,276546,34
924551,936277,41
14241,361904,17
527166,86567,39
935600,639263,9
104474,906597,30
187777,975702,30
635548,659510,23
386401,243495,86
430963,196589,86
74268,225950,43
550329,381741,33
930692,149910,92
551242,725455,62
737414,718154,8
14629,885911,76
506598,393911,33
475021,678999,16
949483,969361,41
63705,704533,61
90754,306791,43
238242,139257,56
500294,441330,24
447531,654471,16
704467,984301,84
151992,535817,48
476856,532104,96
86363,514913,14
155124,175092,58
776137,545787,44
46215,751050,61
899979,947709,60
150080,410950,75
844016,388512,65
724458,966576,84
258840,327095,79
488267,305935,26
855019,307585,34
595217,815383,37
146287,651429,91
579234,196287,19
10309,278585,43
193866,317682,79
282931,235907,50
896855,456782,54
149574,896150,30
597415,755360,78
350980,924660,46
765605,525304,44
794308,950352,83
567872,236853,19
800813,264530,34
969201,370581,3
367793,498939,93
668545,236943,7
312609,24453,82
982474,440615,54
416742,188084,86
135925,497706,14
961435,847083,25
928276,542958,51
499754,378958,33
159582,94952,55
874509,882619,40
179285,257453,58
12982,203487,2
10752,721330,61
394248,133799,32
761338,821643,99
360747,87044,32
954615,230061,36
651675,711518,78
490738,842402,85
254990,631384,28
673267,605070,23
412090,2655,81
632375,328978,95
143520,145335,56
656858,826975,66
978240,284650,36
129133,340829,89
317550,74956,82
795116,523358,53
81564,856555,6
130503,370288,89
441438,248965,47
364857,159503,86
778416,850863,99
466530,971393,45
218310,136577,56
452236,745810,31
838533,224679,34
181327,578062,48
493051,709459,31
877720,847493,40
822971,678187,94
297579,423227,52
186750,722863,22
158476,506997,73
103082,506982,14
852662,692375,49
749167,264103,7
795872,227019,7
509287,592673,96
62189,224082,43
146216,458424,75
748036,254604,7
136100,437518,75
369257,118654,32
218680,367580,79
919956,701102,49
434314,524580,57
632318,384484,95
31709,939447,76
300288,943997,12
764675,893321,83
56236,171276,2
644175,660743,23
107918,794424,38
884694,52976,1
381471,391468,0
416627,264816,47
776791,534620,44
360716,560627,93
459909,704880,31
926502,721595,49
857947,527426,27
456404,796534,21
359700,488333,93
428072,611545,16
243076,392482,52
449116,295463,47
861457,523474,27
35660,343037,17
422954,593877,16
298042,197567,50
511678,780876,31
184322,907815,30
648739,370588,95
476892,135705,4
806736,819782,99
87898,315510,43
784424,814768,99
808639,807053,99
154885,161933,56
618360,782304,78
183469,563653,48
322168,691674,88
973753,875743,25
628993,494229,20
513687,542189,96
579436,590646,90
1329,351664,17
425282,730685,31
633715,862316,69
955479,742365,67
936087,815174,80
633311,73692,39
551892,663472,62
977056,382373,3
559254,385409,33
581022,243863,19
620345,146350,63
720456,720330,8
594062,407779,33
553845,486004,24
282944,451203,52
369869,403591,0
156053,790084,38
945671,905708,25
240476,689488,77
232479,283954,79
419288,976058,45
612061,912972,69
323431,912937,46
738606,751718,8
130905,120610,2
99089,395412,75
690142,229444,7
266216,302794,79
73476,914392,76
187987,513432,73
267309,666485,77
629584,419521,20
895081,633322,87
255640,542391,15
976002,675323,9
155109,922417,30
78647,827960,6
526706,360790,33
802648,112274,13
2696,326488,17
283871,23940,82
366885,250377,86
98251,318207,43
117525,248070,58
319077,733301,97
593578,280697,19
689268,540515,59
437002,698227,31
114725,192087,2
420168,778446,21
344590,527895,93
333144,161882,32
757749,492506,5
555424,19196,39
638441,282668,95
806620,874882,83
158318,859313,38
474740,959667,45
137082,937656,30
199555,929304,30
825561,215035,13
98511,689352,91
945270,154596,92
297508,226904,50
583530,404522,33
816610,772620,99
439778,361037,72
949771,802371,80
462480,903543,85
848070,526143,27
885616,554063,35
150036,671530,91
416868,308881,47
377294,183520,86
432834,645844,16
707546,740104,8
939596,798308,80
175216,871413,30
842428,703073,94
564368,344779,95
701073,934733,84
72950,77787,68
370613,900643,46
117706,301301,43
972525,237201,36
641695,968124,69
265998,633237,15
819211,491369,53
441982,406060,72
654656,810236,66
650921,34420,29
502268,630748,16
981852,989594,41
115967,65038,55
95760,439556,75
622380,348375,95
139959,294460,58
994231,44761,10
312977,210368,50
660995,353646,95
729113,215931,7
163043,280095,58
560459,650478,62
585070,283993,19
83739,402733,17
748310,850522,66
729120,328897,18
779478,687315,94
716464,612782,98
41966,325984,43
817062,367055,65
105570,319508,89
985034,482703,51
793321,352556,65
409054,982992,45
157585,547487,48
617918,359611,95
982900,608371,9
905399,55600,10
483297,773789,31
75356,517709,14
142626,118354,56
184423,606121,28
85691,214293,2
638219,560689,90
512251,407412,33
373729,276984,42
273457,998579,12
122545,625229,91
233725,229815,50
500913,856350,85
674480,993035,84
954025,313159,36
278790,629290,15
487476,17135,81
4565,739554,61
686417,619084,98
957943,151239,92
875498,505404,27
338261,159107,32
126081,46319,55
498717,945760,70
394182,17790,81
998900,525119,51
686535,610058,98
250482,855968,64
258509,761231,22
22548,980160,76
557999,296889,26
828594,189759,13
283321,785083,97
901814,790843,80
707819,315321,18
615167,113610,63
455838,270732,47
193164,515266,73
89202,230667,43
821111,414213,65
689897,109471,71
880706,37874,1
553728,519739,90
255202,192476,50
945325,93932,10
725917,488884,5
689664,193891,71
736071,161548,71
140826,874258,30
660527,488716,20
854288,26314,1
261920,98504,56
562220,245439,19
101742,984765,76
955899,810508,80
211777,338149,79
281804,288377,79
753290,550223,44
601289,873116,69
472743,398130,72
375548,836279,46
350232,364730,0
29361,480928,74
972295,366873,3
48551,1771,68
768158,447923,5
246552,799580,64
546738,30260,39
584984,828868,37
788940,727599,94
763882,569139,44
523443,511583,24
178129,823764,38
5093,605523,11
33573,263042,43
962840,459098,54
67424,199124,2
692065,544420,59
83468,855268,6
505736,911692,85
821867,122202,13
858017,695332,49
445916,511949,57
342937,744871,97
50570,938489,76
188180,757236,22
865898,159981,13
808412,989178,60
127998,262449,58
993705,203015,36
75276,164882,2
178256,960386,30
215869,125298,56
895538,317158,34
477585,780458,31
171723,155807,56
656736,762081,78
311292,887653,46
795626,98444,1
563748,917503,70
485947,318235,26
577285,435434,33
353729,135301,32
4940,38098,68
325248,448307,0
704363,232399,7
944267,306864,36
479426,717079,31
948340,765752,80
3712,391831,17
510152,139749,4
768994,482184,5
71325,774551,6
880603,305922,34
635826,328753,95
356958,401138,0
934269,261498,36
668,232162,43
955871,334649,3
451182,23349,81
436483,974807,45
596843,143468,63
268774,293049,79
275284,704814,77
821293,481305,53
296768,790396,97
198206,256078,58
907177,928476,41
906825,19552,10
613702,490084,20
846799,160303,13
223203,380972,79
4238,235973,43
998417,400464,3
598673,902218,69
586080,260836,19
880712,133559,92
734726,550408,59
711715,804720,66
940338,261410,36
525945,566742,96
245010,890290,64
120636,543869,14
819450,496208,53
775091,961085,83
972313,666060,9
475116,282028,47
45402,73875,68
618326,221168,19
187134,173262,56
25010,346286,17
38012,870850,6
386523,300523,42
902434,210237,92
464392,37261,81
250149,259355,50
980821,662146,9
689160,726988,78
500733,832968,85
706156,367834,18
197512,599976,28
812397,964734,60
295297,60486,82
596013,202505,19
505973,889124,85
509641,547389,96
982911,800290,80
475040,9311,81
501832,291985,26
392523,145788,32
263213,824818,64
723617,844065,66
213967,146511,56
415514,546904,57
820392,332608,65
148652,395572,89
378805,589644,93
162998,510465,73
397449,934304,45
848397,19401,1
75273,129264,2
549782,200565,19
899119,501601,27
412281,217109,86
964259,302515,36
384354,837852,21
792826,38791,1
973617,583752,51
130046,697597,91
529302,992877,70
286924,339565,79
74671,2733,68
937242,229782,36
952073,505880,51
340050,235234,86
585967,362300,95
180989,883290,30
468424,808422,21
154377,627630,28
579590,180689,19
853862,865781,40
182641,654700,28
548920,713517,62
87150,736320,61
333683,225694,86
248651,83404,56
777006,150050,13
899638,217241,36
181602,194039,58
217422,217279,50
808228,898584,83
513149,498741,24
349859,84797,32
187391,481162,73
895888,206203,92
664727,72408,29
967290,256805,36
123998,48087,55
213876,619782,28
681492,838677,66
645907,763770,78
685379,167063,71
844162,843276,40
946322,842699,25
248668,369411,79
693936,990944,84
810059,663165,94
826107,392494,65
649635,425133,20
225417,598504,28
65050,296349,43
753066,786788,8
551256,964254,70
218405,747744,22
347455,679858,88
389291,819241,21
995262,370934,3
299124,384750,0
496050,119173,4
954990,528199,51
450541,249264,47
387351,219666,86
937882,986524,41
513466,839628,85
630319,779980,78
127718,564851,48
461741,487289,24
882542,884272,40
962724,511529,51
283458,81512,82
982686,15692,10
746828,943657,84
57537,38989,68
298791,780725,97
652077,461848,20
279927,744454,97
38926,234091,43
380026,104045,32
697901,624950,98
536745,89336,39
478008,896976,85
482482,75279,81
221694,11060,55
899420,557177,35
482675,320272,26
814027,356565,65
793068,107455,13
997388,100180,10
739529,270242,7
965662,889330,25
971823,444881,54
131712,693749,91
848923,860404,40
816885,392244,65
460759,980937,45
611240,122995,63
187638,646888,28
251308,739837,22
453145,24331,81
935479,600588,9
89116,787429,38
332212,503563,93
395020,101521,32
274033,681332,77
147885,507427,73
342340,724872,88
930402,267352,36
386731,789151,21
266112,549422,15
136647,631639,91
964332,538166,51
964959,72936,10
851605,928536,60
906832,128894,92
328140,52040,82
647792,451377,20
301995,641305,77
423197,686058,16
592866,307988,95
364807,319069,42
593037,173339,63
322113,761604,97
286086,250464,50
564616,501269,90
841902,854087,40
654213,364370,95
966962,731779,67
22459,470884,74
153244,588531,48
443903,691860,16
99034,466069,75
235489,875460,64
856301,857188,40
764895,601439,44
397183,461721,57
159380,712294,91
532482,439497,33
629816,331469,95
6182,908779,76
854880,983874,60
973615,550380,51
252918,796504,64
845140,273376,34
644953,741321,78
395518,482858,57
406733,976923,45
160663,269645,58
924571,274822,36
944343,581326,51
355923,998955,45
453123,648227,16
755532,231224,7
198377,125068,56
29554,727486,61
872186,833442,40
672226,105496,71
74709,636755,11
944997,572538,51
657911,512550,59
442694,366638,72
95546,843433,6
587182,770090,37
908141,142076,92
875623,608146,35
121952,663443,91
491625,751064,31
139145,610977,48
693121,300331,18
678024,562287,59
360884,393459,0
877706,607302,35
928253,150849,92
325031,796711,97
329322,923591,46
800315,900302,83
378106,828224,21
964203,365902,3
731095,526524,59
296938,652421,77
251952,566351,15
673920,579525,59
91674,765255,38
652013,392734,20
691916,35020,29
596305,98392,63
679337,621292,98
62118,18727,68
748388,171543,71
123919,706836,91
793895,2085,1
56483,320598,43
296391,445621,52
565661,66217,39
914427,791244,80
446143,325544,72
418654,328243,72
793603,94099,1
525698,422601,33
670810,316135,95
289282,963987,12
740697,901476,83
118862,721231,91
736983,481008,5
311942,821608,97
767156,603502,44
68954,910806,76
920554,752031,80
391821,347951,72
19090,848691,6
958200,470330,54
845414,880932,40
834665,217815,13
818484,276402,34
496827,177470,4
754507,8282,29
195655,384886,89
789740,161820,13
717977,39662,29
610344,55919,39
847114,459968,53
694133,302923,18
234321,234622,50
306235,897556,46
236024,859912,64
554031,610119,62
274140,472506,52
412230,363886,72
846133,965895,60
805621,86397,1
81292,281776,43
821048,368884,65
845224,684612,94
275836,981809,12
270006,5574,82
689294,968030,84
688679,638952,98
878181,602431,35
65722,590606,11
329749,94063,32
932585,962865,41
877073,974537,60
56962,361010,17
511502,817773,85
320042,954805,12
415542,30667,81
434152,808783,21
230606,804050,64
684031,511462,59
148877,179903,58
634733,964717,69
13187,649375,11
46569,699849,61
378133,286293,42
739405,189805,7
64667,860162,6
759155,126764,71
524966,105688,4
314426,572619,15
12514,335998,17
123070,448772,75
514531,737321,31
163445,33015,55
888656,657891,87
182199,232656,58
265988,473477,52
738342,319927,18
16839,28442,68
40785,488486,74
985455,556887,51
616183,202840,19
135449,493984,14
395475,752681,21
325713,267179,42
479305,684696,31
689364,153263,71
902853,264551,36
312810,405632,0
463858,74331,81
281336,421060,52
759439,900982,83
811875,197518,13
691952,644483,98
838481,351647,65
141060,804371,38
70835,524125,14
980485,20554,10
463804,164116,4
305037,766483,97
290446,538504,15
639546,861608,69
46515,793188,6
119990,676533,91
497572,703653,31
299808,882508,46
318300,676037,88
157050,540517,48
485971,730168,31
937226,965963,41
944773,806075,80
702753,184428,71
690755,535332,59
330248,480746,93
905595,336892,3
147891,616778,48
188316,42434,55
190045,91193,56
684482,96529,71
363936,678804,88
665789,922666,69
249883,785982,22
6487,38901,68
822706,227730,34
465889,212366,4
247882,166075,50
236129,633031,28
360700,285099,42
672078,619512,23
148607,651002,91
399793,321712,72
24047,166567,2
496299,297695,26
374693,476535,57
131925,275620,58
353809,481397,93
846812,375489,65
854688,749306,49
589615,671165,62
281245,892186,12
984063,156896,92
967254,650457,9
233862,525750,73
294905,478063,52
818531,57035,1
601967,274727,19
353266,343610,42
60736,803086,6
472059,902524,85
726189,70879,29
276959,863402,64
207707,937294,30
110217,427088,75
82206,645291,11
418374,618593,16
693445,746177,8
11761,680446,61
258131,418569,52
905206,803736,80
400785,6811,81
486892,197797,4
381747,33272,81
215700,270200,58
252735,717594,77
616209,628414,23
765755,44589,29
413698,36750,81
669388,412275,20
106014,785356,38
484967,845731,85
206917,667176,28
240464,488961,52
971271,164388,92
885608,413901,54
439789,535815,57
451655,980427,45
37226,661488,61
644619,126512,63
292473,601398,15
711789,39925,29
23289,426991,74
441666,88754,81
697551,753889,8
623441,178417,63
660444,95090,63
183429,897801,30
350229,302072,42
937829,104719,92
19339,32371,68
61305,362573,17
777235,898,1
95227,481947,14
99263,321699,43
800667,815018,99
9192,505630,74
132203,943439,30
384489,118871,32
875794,476761,27
930516,193398,92
441779,992127,45
687628,968247,84
335525,170555,86
534559,345753,26
82571,783700,6
662522,7318,29
999516,876893,25
956619,902013,25
148324,892781,30
976122,687161,67
127391,70936,55
222909,441242,52
956185,602789,9
87901,367062,17
223834,987025,12
937058,144846,92
439045,44820,81
300250,307729,42
5574,691837,61
717811,260409,7
700245,27534,29
764167,355222,18
221639,101081,56
869255,570760,35
773186,940810,83
210473,431993,52
513573,635052,62
319684,930129,12
678532,98484,71
231799,851561,64
200644,234845,58
55903,572620,11
35125,348668,17
66846,489003,74
679080,310410,18
75342,273182,43
375973,985667,45
119701,826555,38
924873,352304,3
189005,623785,28
967410,268502,36
728600,595710,98
102436,643253,91
169705,233873,58
711595,791222,66
82044,924564,76
147855,6806,55
396184,674832,88
916063,278243,36
443418,533230,57
5633,675526,61
570865,537750,90
976676,8837,10
525337,345989,26
49038,187034,2
484653,563378,96
697575,144198,71
544473,971440,70
1173,729987,61
897010,59856,10
12524,493128,74
7243,736825,61
833230,105147,1
207029,547775,73
455577,891831,85
11471,803866,6
588490,764731,37
842605,669174,94
807621,694627,94
597270,324506,95
977058,422797,3
951929,86898,10
508953,986645,70
544542,131793,4
56719,286266,43
282869,196009,50
339407,422017,0
847895,580548,35
271368,890159,12
917185,131920,92
185828,220766,58
421535,753848,21
936974,735943,67
6424,974719,76
103501,549650,14
972851,720026,67
491481,321430,26
285118,983544,12
428867,973615,45
550302,937540,70
240450,258639,50
945704,455362,54
270875,606871,15
689894,59804,29
141903,966499,30
959991,578850,51
740206,647341,98
869832,278941,34
164799,784701,38
473367,887805,85
341458,894012,46
663399,760267,78
807837,332996,65
673449,660320,23
2287,452728,74
12225,470352,74
211719,375568,79
186165,878589,30
456264,442159,24
373044,761679,21
543486,374583,33
626890,148764,63
291799,274881,42
936343,127511,92
86116,361827,17
233232,944053,12
707682,12952,29
697113,384322,18
301378,272062,42
560771,883024,85
987929,134701,92
930290,389555,3
262146,892986,12
422659,640615,16
821153,122781,13
595084,592921,90
229050,652480,28
242622,751112,22
951209,971874,41
301352,838020,46
606578,767460,78
710263,396481,18
672775,342185,18
103813,793615,38
289343,998899,12
508574,615651,96
260407,664103,77
586028,378789,33
308913,902537,46
947558,617217,9
573498,782384,37
529017,197879,4
767187,115605,71
981045,433853,54
774636,310676,34
548260,618324,62
174109,250414,58
718460,161766,71
816887,436424,53
991573,372980,3
691235,594050,59
212245,213746,50
442635,368048,72
794543,893558,83
40899,399967,17
248680,578359,15
489804,141836,4
851281,482870,53
598464,389657,33
979846,280576,36
656353,336969,95
443351,409160,72
759273,105520,71
487017,310510,26
744581,178788,71
901512,720405,49
847165,317652,34
788798,334577,65
243628,663403,77
824505,470003,53
341481,273732,42
613804,219289,19
594938,133821,63
135251,171009,2
160620,555747,48
442150,224147,47
255259,152231,56
555823,730198,62
450245,267976,47
873643,322222,34
595166,959092,70
465348,117523,4
209650,600075,28
466774,80081,81
926329,818623,80
598494,890107,69
32171,707299,61
580389,605198,90
569562,630099,62
84728,34895,68
489555,967353,45
305076,426880,0
580548,271196,19
996328,293868,36
41617,464949,74
403664,386554,72
818825,992453,60
172700,569378,48
547558,822263,37
789063,796695,99
66622,726194,61
152070,849973,38
513015,244175,26
864615,592816,35
467937,624779,16
666205,922476,69
69144,118889,2
180678,662836,28
291448,367937,79
922280,766190,80
357697,822157,46
6310,67010,68
241490,729943,22
168594,574838,48
313976,8049,82
294922,767435,97
296710,808218,97
731945,810564,66
150221,771250,38
404778,108395,32
807193,508337,53
627130,183586,63
546174,553896,96
342655,14621,82
742954,837359,66
507096,771711,31
152641,440986,75
652402,920787,69
676384,990317,84
257843,578790,15
726245,6123,29
911105,943799,41
439822,89398,81
514024,211681,4
737007,886492,83
284746,733351,97
430491,274072,47
344397,292372,42
901535,98817,92
830760,590586,44
981327,163273,92
139246,317642,89
612431,130521,63
677692,982680,84
914810,224739,36
191054,57337,55
669299,914879,69
375622,85876,32
331176,88498,32
402675,761890,21
90780,745521,61
983570,862409,25
509389,307125,26
861598,881567,40
502765,982219,70
166353,895276,30
919842,787477,80
129735,467251,75
88562,467264,75
321060,60337,82
88366,179806,2
4688,800354,6
559102,834498,37
417430,756358,21
113646,58523,55
601183,92210,39
785975,895854,83
620728,585871,90
749465,268221,7
5308,225187,43
734438,702136,8
814254,175332,13
815264,145945,13
908158,414934,54
809069,32099,1
500152,60408,81
284697,914564,12
78633,600870,11
826246,716761,94
610420,338114,95
682946,279903,7
345246,559428,93
317817,554097,93
712799,27724,29
973166,5267,10
538267,662772,62
223007,92175,56
194904,767480,22
39980,951958,76
569394,813592,37
54758,325175,43
231980,890556,64
586856,292664,95
819429,156442,13
325094,867233,46
594135,641982,23
799960,934104,83
491448,779008,31
795635,245478,34
764174,474691,5
145975,416324,75
163518,262639,58
185165,76877,55
80376,891628,76
600630,794264,37
210603,616137,28
421799,190343,86
105250,946909,30
713457,74754,29
402659,496020,57
620579,77121,39
179938,226586,58
246870,154468,56
148301,503364,73
50397,33145,68
72777,171504,2
470675,642273,16
684467,851524,66
573478,454193,33
623409,644298,23
732555,54271,29
146526,664917,91
261599,695194,77
136362,842206,38
967962,549590,51
971577,301562,36
368980,458152,0
175832,221082,58
728847,737197,8
85325,67205,68
518665,205662,4
563184,437829,33
603134,882937,69
522293,184653,4
477208,438000,24
474363,625121,16
424425,323952,72
662528,118851,63
544535,8340,39
179649,367914,89
535689,325607,26
477202,340241,72
435851,359042,72
425627,528389,57
643332,484550,20
845357,916935,60
930686,43464,10
505785,737468,31
636969,550957,90
950736,32085,10
267583,283495,79
716943,667243,98
367407,9689,82
848430,572835,35
638424,4018,29
535211,302991,26
379021,214592,86
651870,983152,84
837702,268423,34
393688,721337,88
525050,524852,96
193088,241298,58
499586,551925,96
211286,96074,56
732506,233888,7
960959,848228,25
178820,435067,75
177573,484401,73
331746,662441,88
658146,463294,20
586611,177677,63
223490,212111,50
965481,845310,25
138352,288446,58
914801,73361,10
987156,139195,92
458447,130973,4
267040,148909,56
729823,137417,71
572681,64707,39
539311,213797,19
289808,807464,97
48249,935738,76
963280,856050,25
640207,968501,69
608550,909050,69
417161,227481,86
273319,682334,77
987993,207704,36
892582,634833,87
653883,814002,66
946064,504542,51
852700,339318,65
925811,111247,92
733077,832398,66
113547,394738,75
377415,223581,86
730380,507154,59
744184,512044,5
935900,683194,9
446639,669040,16
566149,272102,19
232993,926723,12
440263,511832,57
373846,231987,86
18322,941247,76
549549,282833,26
581593,833811,37
870593,60638,1
155807,661486,91
605519,963722,69
288283,185339,50
6671,119830,2
988386,818865,25
676822,363046,18
721172,749694,8
120572,456153,75
566116,712924,62
121106,437663,75
805638,358254,65
177901,988248,30
492031,571643,96
611520,826400,37
320641,21762,82
762440,333738,18
136394,380293,89
585510,682307,62
544097,647436,62
469918,916651,85
161711,886872,30
669521,655531,23
519154,427646,33
454980,853456,85
40576,971433,76
876531,859173,40
126649,597855,48
161501,349126,89
774685,137345,13
358671,186086,86
552943,322633,26
501475,296399,26
581471,798587,37
863399,163417,13
564951,139699,63
925992,152410,92
555256,192891,19
923160,555085,51
319079,773505,97
303196,825237,97
774996,365813,65
230342,366421,79
442776,737724,31
937575,828618,25
586493,196878,19
930076,794301,80
827642,186892,13
101007,625394,11
7015,908119,76
758044,447897,5
810591,618629,44
307870,383311,0
318791,926353,12
215639,247411,58
236891,436063,52
923718,941993,41
84489,18919,68
978174,185953,92
328282,443278,0
177430,79099,55
428703,211955,86
337151,509918,93
202999,814642,64
693461,9816,29
993693,1329,10
346475,215729,86
764357,548678,44
637638,785538,78
551784,848779,37
441657,931921,45
811815,178838,13
733447,55746,29
937309,368026,3
413368,477124,57
39287,303941,43
353149,390148,0
228816,714666,22
399131,200066,86
513282,734672,31
643629,480505,20
860880,818753,40
783749,476699,5
883418,621184,87
250117,732327,22
226167,199749,50
189277,181221,56
789126,848512,99
956122,547865,51
977900,570078,51
313902,758327,97
209374,953982,30
584994,2981,39
110113,679202,91
353367,41869,82
708461,113160,71
881485,130904,92
117949,376241,89
489602,749097,31
88583,820093,6
307625,259472,42
953614,392403,3
122726,665742,91
138268,875066,30
242565,797015,64
442532,638256,16
181070,249641,58
730091,652387,98
670359,730239,78
131217,370922,89
92727,470201,75
672493,597894,23
817405,136537,13
789922,228951,7
982536,498614,51
221094,937960,12
295359,103929,82
740080,526481,59
576161,548284,90
24199,723802,61
942423,314301,36
470699,40290,81
170221,915790,30
684587,864818,66
11789,145301,2
76596,352287,17
888442,46569,1
700616,268836,7
335615,687118,88
400994,522667,57
470535,287897,47
697811,124869,71
688892,217231,7
7223,400581,17
575238,33689,39
221411,268954,58
312055,713985,77
946640,192382,92
377602,364976,0
157012,905008,30
486036,822400,85
87864,733518,61
239884,736193,22
208879,636978,28
692912,783138,66
201419,263676,58
615648,198664,19
962492,615641,9
87898,308177,43
533516,812581,37
53466,604152,11
990127,81128,10
522120,281571,26
376225,222206,86
629028,77145,39
579685,782191,37
299912,627256,15
300486,281724,42
948260,406288,3
495298,480550,24
606287,872309,69
901451,691213,49
233411,950968,12
920500,844556,25
453748,155237,4
77643,954746,76
421586,600035,16
802628,783379,99
258687,768428,22
970727,13555,10
826039,247425,34
487390,566048,96
583266,956765,70
365457,245596,86
735206,608946,98
568344,158798,63
928424,38920,10
136536,761497,38
483704,624006,16
681335,210488,7
678195,429313,20
467277,535534,96
721883,696616,98
28021,958062,76
157896,769765,38
443199,856136,85
80478,604578,11
144783,375528,89
506327,848622,85
799952,798449,99
546966,871958,85
12898,790952,6
544597,50359,39
383838,171721,86
131553,21130,55
141188,954533,30
841984,241108,34
307179,761990,97
777942,872662,83
845296,905948,40
273827,214759,50
457694,464041,24
146157,468569,75
243205,560269,15
443365,635632,16
68248,56729,68
445885,996059,45
766556,508848,5
209824,520500,73
55495,717269,61
140356,978797,30
656790,682736,23
759000,519730,5
103895,172417,2
827631,10932,1
736916,350935,18
176099,702320,91
898657,743790,49
895162,997537,60
607491,106103,63
280498,332476,79
930878,269470,36
987444,984461,41
845398,607917,35
270463,681755,77
267282,224092,50
324571,73078,82
237724,432460,52
368673,298415,42
469016,766686,31
704473,83985,29
548799,680805,62
303587,388407,0
969519,722190,67
855023,373413,65
959553,211748,36
852546,756663,49
244950,888554,64
941443,840655,25
895814,953655,60
94037,485433,14
682877,122595,71
457900,933619,45
346859,664399,88
561039,399191,33
210888,407847,52
695666,60068,29
565821,753549,37
913204,235121,36
683291,79087,29
215504,991068,12
892569,421674,54
90685,147447,2
151071,56064,55
280301,32151,82
366382,794337,21
437363,769815,21
289237,222572,50
771413,142489,13
815914,82529,1
76385,803380,6
420719,35193,81
505045,301195,26
197778,70672,55
800807,170958,13
303406,353349,79
746815,733848,8
792513,771512,99
806054,356624,65
794210,289776,34
274597,166406,50
791771,310398,34
865924,585047,35
888762,425437,54
333963,916648,46
105033,290210,43
575778,111276,63
218821,725219,22
757869,515176,5
576005,925480,70
554485,245806,19
275612,226631,50
992340,260326,36
310845,387080,0
662528,114602,63
119516,714650,91
132627,75304,55
640850,780380,78
853661,482292,53
897609,117414,92
382537,314206,42
870676,454882,54
218152,482819,73
750571,848766,66
210450,42584,55
719386,736640,8
723720,563464,59
145257,346560,89
638946,779593,78
620914,705478,78
974895,60859,10
865193,311554,34
304026,780249,97
648127,81291,63
272972,841037,64
312897,863825,46
321470,946751,12
56616,547200,14
797117,159786,13
528193,345261,26
802938,984557,60
458092,153004,4
547549,669289,62
751456,735068,8
291144,257772,50
375814,315905,42
423259,716627,31
357271,661209,88
955529,576124,51
919733,961358,41
549166,833028,37
711930,420526,5
793073,187080,13
262844,628728,15
45971,644115,11
656424,521255,59
741453,606514,98
697235,443885,20
391093,101835,32
553537,310919,26
630526,254770,19
932587,993826,41
240563,149192,56
476883,988202,45
714043,926275,84
908862,251386,36
60639,164886,2
245320,107693,56
997875,298279,36
177995,578425,48
602901,972217,70
62625,539232,14
886038,640974,87
853343,136068,13
908377,99401,92
642820,883261,69
974658,89368,10
14600,390807,17
294582,45624,82
809025,290793,34
372397,879895,46
402852,734603,21
483464,581867,96
439128,440497,57
434009,404836,72
83600,73285,68
709509,726818,8
645204,955586,69
548300,280701,26
743270,151253,71
113725,384138,89
208663,10473,55
28020,944992,76
489790,908877,85
497479,134849,4
418637,40069,81
440706,950530,45
569191,400153,33
374610,86321,32
811542,591028,44
413575,971481,45
688626,746222,78
757301,970144,84
221123,430136,52
312242,855826,46
870926,659740,87
262512,43064,82
789649,636875,94
974570,609448,9
8089,958011,76
306536,957633,12
940645,436135,54
127625,5330,55
584387,792762,37
964004,20709,10
60460,166079,2
305651,83203,82
402777,474221,57
243448,633964,28
45933,6282,68
589766,198707,19
673001,142200,71
961468,401753,3
274397,803352,97
951904,658608,9
235035,240993,50
374723,977493,45
734206,816688,66
90104,379496,17
205370,654328,28
306350,832947,46
347191,255643,42
603805,153026,63
910286,182694,92
546929,251382,19
987063,578140,51
799686,337802,65
453076,862968,85
911558,571222,35
537390,924302,70
759594,505919,5
980819,628563,9
260511,424551,52
433017,728753,31
152287,499386,73
189012,739099,22
45181,357320,17
479644,388186,72
247087,798629,64
562443,987117,70
476724,310832,26
162870,367973,89
533331,710537,62
998833,389857,3
341139,524442,93
296946,771578,97
914777,657382,87
622178,960715,69
745285,19537,29
367327,680513,88
391256,854150,46
710569,545786,59
39720,574685,11
747561,268099,7
953273,674825,9
796985,930797,83
908441,171473,92
952115,211506,36
787029,611083,44
481862,656425,16
541228,425888,33
911297,172372,92
65875,174936,2
159696,16295,55
875347,966796,60
952072,483168,54
617389,468589,20
583285,271777,19
761430,359814,18
403016,490252,57
675593,704601,78
233278,719255,22
525597,720116,31
992680,979187,41
208784,41298,55
110977,192022,2
319272,15477,82
121943,507088,14
629694,267937,19
226809,987108,12
326497,442989,0
318711,578691,15
66209,788955,6
977424,581617,51
246629,94304,56
974568,574316,51
534958,45720,39
426094,365504,72
32858,252853,43
703911,643764,98
747977,251936,7
303910,817270,97
866256,176800,13
481483,293618,26
845619,321365,34
188643,539425,73
123227,90132,55
860341,755535,49
289719,311805,79
519246,980640,70
629819,373144,95
444904,507120,57
166833,969413,30
931282,62962,10
207535,49865,55
84811,421939,75
537135,631789,62
492007,166065,4
60263,847394,6
153504,957985,30
859486,387636,65
9036,881949,76
930257,837647,25
348864,361270,0
874006,427800,54
38292,583491,11
734116,289678,7
620721,469478,20
519480,905870,85
960546,910833,25
373419,54604,32
738185,679185,98
62515,703049,61
147872,298307,58
652641,950663,69
798877,726768,94
797272,757006,99
877,749458,61
142467,456128,75
158870,144118,56
198166,578048,48
262439,816993,64
211296,262706,58
303553,826803,97
80918,995480,76
38856,61991,68
886260,384177,65
878193,805173,80
552123,546478,90
661416,429349,20
70307,653648,11
867563,147931,13
276431,982328,12
992620,975064,41
910565,878461,25
299051,155462,50
855666,191216,13
778769,778219,99
531144,951395,70
106273,133201,2
724716,315212,18
783906,112714,13
388918,560963,93
118351,131094,2
307633,391025,0
972295,362264,3
572794,950236,70
623231,648020,23
279591,90301,82
695420,924677,84
50868,946144,76
852697,289010,34
400909,80236,32
530029,204595,4
643897,991945,84
635015,706284,78
524445,355800,26
935745,66799,10
706374,31804,29
533796,520799,96
82208,676299,91
571091,326879,95
865268,569972,35
528058,71215,39
920139,790929,80
158460,238967,58
328451,291513,42
461594,12795,81
53913,127132,2
715913,363008,18
81680,797025,6
609695,153873,63
155147,557809,48
105515,401647,75
496317,601726,96
223149,476486,52
313600,684492,88
261321,23603,82
704468,2967,29
869617,654510,87
357421,181966,86
304023,716323,77
247474,297020,79
18694,198242,2
854263,603400,35
354462,453708,0
485042,102231,4
204190,834839,64
143194,670626,91
211759,36388,55
579307,413969,33
580153,643850,62
191942,973849,30
485855,766610,31
421559,146677,4
213175,833880,64
32496,160666,2
321940,860071,46
229585,644525,28
532006,441206,33
351081,627161,88
706811,373462,18
792106,938575,83
635511,40397,39
958132,328878,3
453627,111506,4
88874,714540,91
278036,960261,12
114466,834568,38
599713,380786,95
876038,582052,35
551135,942734,70
533879,915443,70
852979,33504,1
107299,383051,89
954353,826492,25
862874,332142,65
324810,94134,32
117129,601714,48
9403,47954,68
976646,490739,51
855300,29265,1
868955,528684,27
605477,256829,19
532183,401428,33
809455,517412,53
156759,655040,91
257865,953078,12
389425,75051,32
395014,4161,81
943949,951123,41
540244,882994,85
490063,489846,24
853324,820063,40
807105,23307,1
726443,340516,18
59592,568899,11
493927,439828,24
199522,382241,89
334170,403013,0
454290,259457,47
698145,735922,8
653799,408136,20
550104,609306,62
612202,294927,95
849252,392747,65
906256,460424,54
359263,149555,32
575668,256528,19
473022,86728,81
639055,605884,23
95315,963017,76
441829,828476,21
210282,219793,58
64572,275847,43
170088,674576,91
602810,435517,20
749460,189825,7
391284,326675,72
436066,972719,45
500085,929411,85
627395,633848,23
89419,874624,6
815270,252227,34
191321,535210,73
277861,11183,82
965902,926296,41
267552,759755,97
208160,559082,73
500578,226161,4
99681,347117,89
11571,488539,74
886615,343965,65
35402,13630,68
86233,330534,43
300764,951641,12
231067,545989,73
442515,363441,72
363177,924358,46
689359,63612,29
137490,805585,38
475549,556927,96
286379,178252,50
886004,80731,1
852316,884684,40
897333,489478,27
668426,241454,7
122766,335452,89
958337,778092,80
393004,222288,86
999065,293110,36
313757,322385,42
335890,308660,42
648733,265871,19
501287,136494,4
67971,394146,17
413985,858545,21
574512,828858,37
617691,549257,90
363827,845602,46
43521,465627,74
794882,584894,44
320437,590267,15
624615,913405,69
610102,986747,70
273387,829194,64
272392,100408,56
565614,280269,26
495129,637973,16
423944,241261,47
880285,966749,60
162141,111135,56
861009,993474,60
320478,283182,42
454226,186211,4
658182,66879,29
43908,971335,76
238965,286995,79
535849,20202,39
543046,985857,70
300322,520581,93
416603,848618,21
728755,199191,7
805350,531708,44
429340,919234,45
579723,418029,33
824434,270447,34
413154,890393,46
849434,452043,53
501490,558449,96
861232,731590,49
845767,808828,99
975387,334584,3
353307,33966,82
877491,992951,60
541546,767769,37
897056,829431,80
254770,920065,12
533365,272047,26
308981,49304,82
653504,442657,20
742728,34613,29
742753,457315,5
98691,700767,91
792316,459259,5
777969,338981,18
261327,137860,56
24637,85065,68
702893,523409,59
942582,986318,41
50024,764552,61
829061,43849,1
978310,461329,54
572504,89810,39
447585,563567,96
870862,587316,35
34016,712580,61
338022,140635,32
654145,226822,19
212531,9409,55
143084,818460,38
873430,747653,49
815036,317864,34
355994,206110,86
104642,724333,91
869180,315457,34
901194,380762,3
481214,763715,31
773841,960878,83
492286,862411,85
546181,666267,62
962217,995837,41
41548,309354,43
323093,238310,42
292246,778781,97
973001,243616,36
456654,990756,45
644206,180946,63
161621,368979,89
441662,25713,81
160668,353019,89
196628,738319,22
944198,150706,92
928135,165252,92
398952,192838,86
38952,678856,61
540988,398900,33
326248,254285,42
768345,587831,44
681003,632423,98
145065,114841,56
134702,940715,30
597889,728435,78
814962,68619,1
294251,484582,52
370584,417897,0
603858,53817,39
515088,88463,39
801163,162107,13
532532,272332,26
92004,316225,43
801320,801581,99
177734,189664,58
683596,198111,7
662746,786578,78
18957,619718,11
601523,807753,37
911892,173415,92
601521,769983,37
110526,622131,11
155984,635295,28
413493,584813,16
954861,350841,3
585577,803787,37
251449,112080,56
740572,797936,8
918316,145153,92
589125,434005,33
337678,357840,0
224015,32727,55
51154,756426,61
265735,210164,50
238242,143530,56
319926,1836,82
870503,545383,27
256183,670661,77
812127,431654,53
819177,924239,83
687702,221992,7
31496,365145,17
992443,993350,41
249425,95995,56
395840,895051,46
127981,992197,30
862342,395634,65
427570,179407,86
298593,462743,52
338331,341108,42
15148,606920,11
510841,716092,31
362174,72087,32
579359,302700,95
485224,161817,4
666322,890260,69
615217,965049,69
583347,329338,95
199666,795792,22
878042,261509,34
192523,749501,22
864739,683983,49
707240,588843,59
688205,664477,98
868935,205119,13
438702,265993,47
559778,205532,19
379815,551844,93
852769,503733,27
249469,826688,64
158355,474747,75
80248,739783,61
548855,622138,62
274131,329745,79
31437,367204,17
609077,758717,78
771104,945553,83
909992,236037,36
87934,907489,76
171181,45733,55
645968,788124,78
8780,569659,11
266679,83145,82
419425,277292,47
457135,79489,81
973621,660357,9
621917,562491,90
796794,718596,94
459440,812268,21
802520,955953,83
711307,948116,84
999523,994688,41
731868,517718,59
291460,572471,15
530835,755680,31
720245,161140,71
285686,531010,15
692001,462214,20
432737,18131,81
741444,456405,5
802459,933806,83
481562,626222,16
916344,995180,41
5256,349706,17
522843,423980,33
834547,233853,34
383804,594042,93
64335,281088,43
257650,339205,79
26523,783896,6
944697,535683,51
225906,817319,64
684041,691821,98
437205,104553,81
227023,585704,15
927636,792555,80
483970,85522,81
375920,91669,32
689699,786206,66
778954,883542,83
700110,764320,8
929667,919360,41
693790,536900,59
689671,302732,18
32091,364763,17
588211,68229,39
725931,738193,8
825905,1430,1
36024,461895,74
85707,480507,14
896083,475724,27
496488,484992,24
270452,499604,52
856801,265823,34
701401,448395,5
181621,516063,73
471253,353866,72
426556,139335,4
807829,196520,13
917499,414711,54
61287,57642,68
801934,106334,13
168787,804843,38
11445,369362,17
873568,68453,1
504581,497687,24
631514,871624,69
385919,146647,32
696861,154459,71
993785,552813,51
134521,903590,30
649209,260288,19
668817,816167,66
335527,209680,86
91962,616759,11
874581,87120,1
239494,183354,50
644236,679626,23
486406,28899,81
710768,888546,66
802102,941875,83
98658,146707,2
706142,136080,71
100530,615176,11
264690,661300,77
475871,975311,45
54017,877335,6
379938,625605,88
552031,1560,39
233574,694353,77
992915,933750,41
543142,587734,96
60186,551112,14
549654,48470,39
638135,150104,63
799005,882166,83
567202,973949,70
164509,912175,30
940300,637523,9
859625,732878,49
491094,817193,85
570139,335243,95
439680,703920,31
796198,709476,94
176797,432529,75
524753,534328,96
464790,729573,31
949714,859153,25
791328,861322,99
251471,484224,52
362398,831006,46
732089,227292,7
98435,405506,75
354965,901937,46
871217,556512,35
299646,158634,50
169590,310911,89
482435,296743,26
368680,416030,0
218897,3468,55
298655,510029,93
67452,667298,61
282552,854794,64
534360,991410,70
644262,120634,63
509230,633199,62
187052,789607,38
933293,858954,25
446588,819879,21
716135,94644,71
693680,681464,98
368547,170973,86
552065,571954,96
839112,965840,60
873180,542780,27
507600,246409,26
399616,352466,72
902603,63379,10
222748,735494,22
448992,219589,47
646993,12210,29
216018,628218,28
469413,432828,24
541675,939586,70
633266,306340,95
666378,828446,66
707571,153047,71
267912,801923,64
932127,269160,36
785977,918159,83
503424,61040,81
902341,654848,87
38989,302344,43
498881,696893,31
689007,156253,71
151924,397182,89
438673,780594,21
454620,807844,21
439983,795013,21
785074,749591,8
380864,184302,86
570255,292399,26
357436,438052,0
351988,878070,46
738440,973795,84
582230,545129,90
986663,861096,25
440710,25186,81
308152,119321,32
438219,152999,4
463220,349622,72
104110,779896,38
724160,972539,84
470074,548581,96
4486,400673,17
122386,949800,30
303924,61633,82
870615,441775,54
914552,885072,25
408293,195417,86
381698,211104,86
39517,175498,2
597726,986537,70
734726,544436,59
348383,277859,42
990287,760008,67
460086,671700,16
271231,587133,15
949957,931784,41
504758,469649,24
396571,169858,86
811065,579080,44
601400,735886,78
44774,532076,14
610747,831990,37
264089,547925,15
978352,177074,92
97843,463341,75
378099,725730,88
345329,958603,12
248968,406783,52
807434,556127,44
839620,500620,53
935755,236319,36
814865,443082,53
895654,259162,36
738184,662687,98
780858,887030,83
313394,224970,50
86677,780612,38
752053,769944,8
464647,334626,72
71165,74508,68
264458,759002,22
550863,361216,33
970389,337856,3
359002,756559,97
494418,699943,31
943422,106997,92
315055,133490,32
577684,135346,63
776487,427867,5
164726,554262,48
496929,885865,85
743667,827247,66
557002,546839,90
733646,389960,18
60428,614203,11
918520,573909,35
688724,392475,18
336424,282852,42
900423,420224,54
720208,549713,59
27525,620819,11
109094,554558,14
465264,704534,31
114303,103995,2
854656,217504,13
596911,289522,95
4781,358404,17
707352,475225,5
109743,459680,75
851583,559585,35
952423,382795,3
643621,338934,95
473830,674079,16
261513,250141,50
130697,631121,91
266254,939642,12
566372,30669,39
466522,849075,85
414219,780996,21
209325,126657,56
725409,964372,84
204667,854535,64
177780,955489,30
919241,690099,49
495455,126293,4
613258,29503,39
871798,319657,34
481145,618702,16
532360,391031,33
60686,950043,76
379302,944826,45
696410,573070,59
601486,188413,19
669027,346244,18
323331,234650,42
775316,746426,8
196615,514219,73
491173,147911,4
940257,908176,25
721611,117297,71
426649,705571,31
544606,200413,19
357850,392564,0
830532,767373,99
245667,940960,12
715201,391097,18
174073,647322,28
548043,971243,70
696372,925877,84
215634,161900,56
55018,692313,61
712377,927157,84
736419,9442,29
702278,193423,7
873701,299579,34
34149,951728,76
693823,90131,71
832839,531748,53
92617,615242,11
375174,558060,93
315037,842529,46
397334,996283,45
540533,740281,31
919056,576565,35
343349,683385,88
665875,370513,18
214538,748167,22
446293,846754,21
396340,293551,47
723051,330260,18
694860,516403,59
187296,898200,30
62859,473736,74
89044,570969,14
282264,12729,82
946365,557043,51
228743,489589,73
526077,787772,37
90832,613466,11
524275,492640,24
809019,193754,13
435362,129505,4
599866,953626,69
608512,275670,19
195504,844361,64
176793,362577,89
840003,933959,60
49911,856005,6
892507,374373,65
98489,310047,43
966367,742655,67
818864,662743,94
726565,387198,18
638107,672312,23
548576,932851,70
435298,66872,81
925143,885400,25
928200,271243,36
793021,314549,34
640995,213778,19
977363,555885,51
772577,705172,94
829628,567413,44
525039,331274,26
737436,99259,71
247223,87075,56
474772,494537,24
692599,516586,59
266871,307844,79
934273,338196,3
70992,164320,2
727164,453575,5
251208,60588,82
310708,79585,82
587223,463827,20
549220,753440,37
81967,628838,11
883188,745269,49
738993,263774,7
252134,618627,15
279758,899576,12
184474,455079,75
515722,746013,31
252630,954000,12
891029,525111,27
545027,275310,26
150651,2932,55
294089,760183,97
408843,427214,0
199685,114638,56
727531,622335,98
598898,686753,62
261990,281647,79
655805,124417,63
76785,539114,14
891933,733319,49
906484,293005,36
545655,831439,37
3921,905456,76
5526,882332,76
369770,735118,88
141150,313866,89
158647,389433,89
207380,435936,52
778949,800379,99
979574,702166,67
313365,734695,97
33476,640808,11
73189,99124,68
985379,271688,36
269841,230461,50
362685,654859,88
231651,368074,79
235097,287191,79
820091,274543,34
249241,9917,82
678295,115614,71
125262,280675,58
313908,856657,46
850144,379250,65
65252,690552,61
113330,747760,38
609669,721912,78
190006,433261,75
828784,379513,65
481946,68224,81
642831,69959,39
808594,54329,1
113497,553255,14
565972,294944,26
126846,906555,30
471429,321953,26
80407,412935,75
201160,909171,30
437240,709054,31
74241,785185,6
605176,201206,19
672562,764634,78
207786,266759,58
434289,103170,81
980116,815910,25
15355,87549,68
442900,826637,21
293995,178349,50
517254,501914,24
669621,331681,95
572627,152685,63
177783,14391,55
872634,375753,65
296348,732522,97
500094,87285,81
7657,704407,61
979880,855337,25
659977,236226,19
250389,302308,79
902957,15090,10
632960,159258,63
656166,187857,63
320460,984458,12
788390,486668,53
441296,874194,85
590725,325379,95
651586,222481,19
242704,129406,56
939541,869561,25
717435,943433,84
289923,747777,97
896686,607217,35
503987,509549,24
1682,269753,43
749156,73985,29
479922,62532,81
980282,610942,9
105635,416264,75
164514,990134,30
188208,222138,58
473590,627330,16
543549,428615,33
741584,806742,66
915616,768114,80
702680,955289,84
549590,963876,70
868379,853343,40
146423,932871,30
765242,436944,5
734316,657662,98
329395,152620,32
99952,893283,30
418872,996885,45
657946,111299,63
609638,196207,19
665238,668164,23
840772,871409,40
774441,34308,1
620934,51083,39
552081,836282,37
396369,779991,21
322735,223456,50
635159,131277,63
376563,909277,46
220471,462544,52
991298,759093,67
87453,832851,6
741322,411507,5
214559,108407,56
999143,604129,9
603262,36722,39
195439,746900,22
158912,850667,38
166604,115325,56
279049,977652,12
408719,356568,72
852463,347729,65
286178,796032,97
910094,951507,41
987254,793666,80
152247,829269,38
528978,544597,96
44935,228151,43
537233,287012,26
813435,402472,65
352614,388736,0
488699,565002,96
995051,822396,25
13678,886824,76
857035,191593,13
108236,122851,2
756995,824486,99
150788,309716,89
399455,650874,88
241976,906605,12
325059,280044,42
708504,841474,66
656512,6583,29
640576,162587,63
612522,674038,23
560270,464324,33
893828,579301,35
321782,196547,50
368760,752038,97
508559,365599,33
628076,74059,39
714313,465553,5
562909,827049,37
219854,97050,56
135472,891008,30
175929,855071,64
188255,16365,55
59868,211032,2
817586,180635,13
938772,941440,41
785949,446675,5
272453,129615,56
442444,158165,4
280727,193529,50
651742,843516,66
984877,840599,25
951422,551836,51
711018,91314,71
725873,755499,8
678151,685964,98
8159,142032,2
132353,464406,75
284504,660414,77
587088,197138,19
311943,828816,46
913459,516004,27
485725,589431,96
581964,80122,39
626225,979941,69
871247,54104,1
340678,789414,97
686328,119098,71
688543,346397,18
908514,402216,54
58528,682053,61
272175,455770,52
127667,704592,91
91144,861484,6
977341,175070,92
406881,461404,57
831509,179175,13
408950,234339,86
538043,894743,85
960292,642988,9
712940,382726,18
482845,180348,4
114864,521113,14
355929,99462,32
661398,131774,63
740526,28087,29
72247,272030,43
10248,251930,43
198355,767121,22
17276,362470,17
49752,191072,2
354880,472929,93
518018,336337,26
830708,721522,94
630718,481481,20
252647,245298,50
727503,155203,71
502937,871887,85
811566,3548,1
638851,172409,63
678430,374539,18
877053,644820,87
501485,464392,24
40094,866828,6
788481,12168,1
523886,952386,70
757139,249761,7
738267,64984,29
195586,226239,58
409432,327501,72
317846,46767,82
16563,382757,17
998970,702863,67
19046,121363,2
756934,800922,99
112704,223258,58
300602,220496,50
883752,223518,36
681928,178903,71
832802,905771,83
305708,34757,82
161672,236110,58
302437,72991,82
760684,831855,99
998637,93618,10
439369,475287,57
162233,661430,91
655312,829326,66
490510,14172,81
203609,66059,55
254487,174726,50
620893,363857,95
350442,888545,46
786935,21641,1
735543,282751,7
203236,793177,22
928064,975354,41
788256,226468,7
248845,346382,79
643177,876585,69
771289,66630,1
864525,82475,1
174043,154096,56
905097,968233,41
106408,401808,75
188752,363141,89
321696,753521,97
431382,242732,47
597235,742365,78
933300,987721,41
637817,794245,78
886756,714001,49
229172,706534,22
729733,634738,98
54282,331635,17
796682,838679,99
688114,147061,71
664881,667225,23
57874,690168,61
657937,960117,84
694185,168199,71
920640,203439,92
206170,110557,56
144705,65636,55
158263,941452,30
986022,78691,10
566910,61587,39
104101,630804,11
929296,691151,49
185061,332708,89
831986,200734,13
749530,353269,18
404256,347057,72
988728,551931,51
315847,440924,0
619610,799650,37
731251,142957,71
694893,67684,29
577555,981491,70
919501,65172,10
355170,346690,42
834055,972260,60
779262,59879,1
398575,857604,21
750971,571883,44
642750,704931,78
776813,907664,83
109388,488309,14
18447,55251,68
616118,103227,63
944677,190610,92
593289,423058,33
341075,451556,0
307720,860379,46
402792,727874,88
383161,802457,21
896709,992447,60
56994,914718,76
678475,138713,71
358225,704085,88
559016,390220,33
434006,350200,72
818301,192531,13
872938,478734,27
91124,537121,14
393711,112491,32
652164,923250,69
68032,415056,17
860760,794799,80
190971,651142,28
748752,284219,7
871819,665261,87
58332,394125,17
63536,859468,6
79395,393250,17
366335,994811,45
800002,641310,94
509060,787132,31
338856,158585,32
354169,520302,93
719521,998148,84
882981,277365,34
687378,767482,78
85428,791894,6
369500,194908,86
834106,821170,99
420066,57967,81
261084,54311,82
815993,407314,65
740859,627479,98
45850,611005,11
164433,637471,28
986132,931881,41
136689,334619,89
951539,519416,51
837109,291735,34
203639,570053,48
893430,890659,40
313439,975644,12
665164,420696,20
638107,672288,23
153963,666035,91
59348,468570,74
268265,744266,22
891606,233354,36
988942,164043,92
82746,720882,61
873647,395500,65
183476,691724,91
806534,417166,65
324512,78816,82
677118,332329,18
455914,548574,96
893985,218642,36
730842,268588,7
163299,576881,48
647679,550837,90
928598,956074,41
742461,555660,59
981977,87476,10
214692,338468,79
639572,295846,95
289153,798885,97
863909,733934,49
229066,927139,12
429759,964289,45
818938,905304,83
455037,821781,21
684952,995527,84
822753,18389,1
70937,240041,43
377460,976235,45
587928,315384,95
668721,204499,7
21890,916891,76
187595,925093,30
47259,283392,43
986079,33093,10
205561,863813,64
111738,997105,30
345191,640965,88
700689,491511,59
826568,128578,13
17854,84332,68
369419,833065,46
338204,205871,86
86560,829287,6
829949,961778,60
603205,77624,39
634115,581481,90
961196,824024,25
375197,938742,45
444591,241006,47
598401,327478,95
934315,37459,10
577749,233042,19
740501,607937,98
597629,355913,95
836566,175557,13
593397,223945,19
843815,14220,1
996326,265544,36
6362,929288,76
548836,301922,26
405529,737987,21
361289,195685,86
893968,928245,60
21213,533108,74
950154,248537,36
167070,960353,30
653279,662935,23
962557,711074,67
37491,118308,2
416531,644500,16
113898,297950,43
647953,161163,63
682686,916851,84
527574,948806,70
583622,941817,70
126646,548033,48
791941,165645,13
7945,541111,74
464490,700059,31
900155,921713,60
246499,922173,12
976847,873194,25
777344,826649,99
493520,602720,96
919338,328377,3
37572,477177,74
928073,129776,92
160354,75080,55
874598,376743,65
926882,113907,92
451018,264014,47
290055,961966,12
778481,931340,83
47409,819754,6
620922,850305,37
81664,537346,14
185885,169283,56
143769,340872,89
39713,461281,74
765011,546981,44
112862,877555,30
78375,254308,43
158693,166552,56
252053,266403,50
443798,923218,45
531980,997333,70
185426,471313,73
364579,479593,93
521854,803166,37
823094,744740,94
850538,8553,1
754085,911901,83
331625,637908,88
331571,722943,88
511835,415936,33
642212,663744,23
561657,771752,37
845337,587539,35
768258,126663,71
839033,629980,87
82735,537150,14
892533,804957,80
912979,448058,54
520675,997756,70
296419,916393,12
826693,237557,34
637163,806109,37
279119,153298,50
489103,365647,72
440680,511064,57
459311,650101,16
252403,140406,56
815311,941738,83
801994,119700,13
813133,337567,65
489177,604029,96
927973,452405,54
586986,475611,20
602374,104119,63
937191,370627,3
128304,420426,75
104518,646213,91
903370,945466,41
448965,761747,31
686386,100861,71
183301,744829,22
357013,322779,42
955738,99845,10
98853,434807,75
808612,355699,65
239105,647397,28
806602,562955,44
588234,453591,20
515082,988653,70
299751,927433,12
367399,891753,46
705501,356234,18
239586,734517,22
39232,387669,17
566603,897052,69
764621,990346,84
752391,451622,5
426554,107959,81
472837,974783,45
189120,550857,73
253909,455776,52
233284,807043,64
984967,345015,3
671210,29289,29
273977,740758,97
936506,859806,25
769486,758280,8
415389,445375,57
425057,947097,45
873878,269749,34
677052,216343,7
88089,518866,14
595724,339958,95
683586,35628,29
806727,664484,94
983568,839102,25
789856,114476,13
1505,300734,43
442308,883352,85
507226,950580,70
404398,718290,88
307779,852450,46
132817,258515,58
873884,377471,65
163168,367998,89
948505,527122,51
349965,862056,46
577549,871358,37
919746,187078,92
230513,246126,50
640385,960420,69
794966,856,1
400143,216369,86
523783,227532,19
144010,392802,89
835693,493531,53
780511,63272,1
414481,192619,86
350510,23909,82
842323,930127,60
651531,293115,95
393437,508606,57
153675,825653,38
751977,489347,5
462525,658177,16
984679,502519,51
848636,36629,1
632701,807515,37
910598,426925,54
335706,220836,86
598261,986447,70
219588,617878,28
691638,364220,18
449727,575290,96
904654,535703,27
562839,650636,62
248767,38650,82
599542,516483,90
544796,390629,33
317204,256418,42
631908,479756,20
265035,455599,52
266550,909230,12
431088,298157,47
127291,389487,89
118353,171400,2
727242,758435,8
20474,113536,2
212603,230009,58
776523,24510,1
948005,126000,92
689736,396209,18
97237,273565,43
808693,708338,94
46568,670837,61
767552,257364,7
523366,221656,19
382963,465770,57
207650,974987,30
618400,463487,20
837935,184081,13
853701,153717,13
524453,498005,24
977355,415504,3
379271,412508,0
22212,321476,43
54113,491993,74
941010,559627,51
660749,210311,19
703306,469124,5
572652,575238,90
34503,901341,76
851907,11669,1
121777,718396,91
85022,979533,76
11802,365073,17
789225,505339,53
242796,683363,77
293528,328704,79
535729,9490,39
512205,644505,62
201679,625781,28
517247,381043,33
200021,763085,22
179990,95470,56
572110,457338,33
485947,322062,26
899263,926437,60
633644,658480,23
75982,42916,68
290094,624249,15
769189,764915,8
938873,648919,9
385188,859818,46
971735,957801,41
768125,882084,83
196007,290390,58
600850,491762,90
54771,550160,14
548775,276753,26
402198,752438,21
239159,548024,15
649110,601012,23
210815,176204,56
462408,694909,31
335910,640631,88
87093,776822,38
63933,524404,14
659777,885632,69
818681,574191,44
443079,836478,21
701945,606343,98
809039,527776,53
336622,609051,15
328846,926552,46
567626,92846,39
462755,535665,96
934899,847742,25
11346,703965,61
553016,545128,90
967058,358936,3
649378,106605,63
726222,626559,98
591455,596883,90
825724,943918,60
431406,641884,16
155968,369402,89
548679,649596,62
775279,116717,13
666181,509995,59
501558,695988,31
484125,698355,31
266491,928484,12
36242,128416,2
303309,728665,97
685837,869408,66
152977,87930,55
849605,317700,34
588770,469592,20
441636,586638,16
627677,383233,95
6927,430766,74
895927,853647,40
259789,278292,79
258104,959287,12
741646,861008,66
976443,94251,10
86001,431539,75
884702,202992,92
697794,834284,66
822356,347223,65
786475,285823,34
839609,314134,34
653339,672701,23
99521,665349,91
536162,280046,26
749710,387928,18
918533,799527,80
660081,982703,84
302427,896772,46
55847,622421,11
32266,306500,43
354329,218709,86
844268,623556,87
110067,896549,30
311477,998439,12
777968,323884,18
524934,575194,96
288533,377064,79
330622,774344,97
412543,623551,16
27428,989044,76
874880,111696,92
288709,333835,79
780831,442648,5
597783,954776,70
932186,256872,36
249454,576636,15
526023,884703,85
208533,826548,64
802852,546649,44
546427,809578,37
593412,475828,20
255989,415909,52
192172,846313,64
988814,13216,10
130884,777447,38
561692,368849,33
257808,984385,12
562773,537507,90
892235,804885,80
708579,97841,71
417643,328954,72
746253,287209,7
130704,746279,38
713269,916352,84
144414,167801,2
231990,63558,56
229663,948312,12
280595,976225,12
417908,788474,21
898702,489033,27
186425,247527,58
190353,267984,58
12138,14921,68
786947,231826,7
314382,819284,97
711179,790105,66
295972,405567,0
379092,410743,0
361258,678175,88
89265,281920,43
239890,832301,64
492917,470334,24
916532,164813,92
20227,971563,76
74371,958528,76
991254,21153,10
520947,562627,96
79033,321459,43
771840,318588,18
523854,425319,33
344797,9338,82
945133,855381,25
389183,6560,81
265074,111050,56
424769,99358,81
920986,21523,10
740187,329050,18
359526,566092,93
322584,673922,88
622218,630308,23
592288,588483,90
638014,114277,63
663402,803335,66
660286,429084,20
625125,478427,20
934690,339251,3
804762,638473,94
826726,787501,99
534460,680889,62
706589,641537,98
313208,96739,32
906605,310909,36
459723,574082,96
602035,413347,33
128374,583909,48
775179,444621,5
749282,188514,7
359523,508482,93
72925,663146,11
498597,930673,85
833717,293063,34
514833,813434,85
388995,844543,21
236371,693171,77
139819,947332,30
811567,8635,1
138413,315868,89
801015,673243,94
200525,223821,58
763551,7056,29
590476,143178,63
409123,139643,32
995757,702449,67
62265,496860,74
742088,285157,7
643041,592123,23
811695,162319,13
101568,55246,68
520268,159936,4
46296,102444,68
792933,829903,99
185660,395368,89
964638,676483,9
652849,435565,20
550568,397819,33
152064,754179,38
490488,635032,16
987000,521830,51
407496,798676,21
362071,334469,42
428098,53461,81
524284,646999,62
128815,997524,30
391913,897729,46
131898,814592,38
857323,38682,1
143491,655835,91
625899,492098,20
705739,357787,18
326824,935308,12
723834,481253,5
427939,385921,72
184573,128983,56
817850,612324,44
342845,210738,86
881800,427627,54
130671,190591,58
267235,427266,52
67747,628410,11
691842,801718,66
477036,544904,96
215598,561719,73
816658,586970,44
209710,606022,28
413297,298958,47
603735,989949,70
79590,675763,91
550824,712230,62
462383,277724,47
714113,98931,71
741811,619232,98
444505,811136,21
776045,990718,83
13863,995951,76
953366,228704,36
835594,833887,40
140233,909858,30
984806,637788,9
303375,836684,46
148193,692898,91
545404,609567,62
996409,659240,9
861061,858248,40
588379,893258,69
553,302109,43
553475,261748,19
200798,827698,64
130502,349047,89
447881,536121,57
588399,229221,19
523185,171775,4
27688,360948,17
461790,311938,47
756203,505861,5
9825,129801,2
575003,78633,39
600173,119382,63
467887,790558,21
921829,195578,92
92933,926286,76
102048,130149,2
422412,484742,57
71809,896248,76
247182,394950,52
930477,537869,51
968182,245945,36
611228,917209,69
533037,760546,31
504739,158097,4
140300,33192,55
866613,180893,13
274111,983804,12
798125,100753,1
355945,381289,0
337149,479427,93
731777,976307,84
792547,348660,65
928703,715504,49
489538,676932,16
200834,424584,52
991452,344550,3
858842,562249,35
729703,133921,71
819681,391462,65
316090,530390,93
270822,715025,77
432784,810919,21
124769,8727,55
684872,656654,98
390260,104710,32
875568,683202,49
591536,959650,70
843084,720645,49
885627,737099,49
424288,13200,81
867503,136263,13
175784,415960,75
41967,350887,17
370304,703190,88
530290,584858,96
713165,178672,71
940850,873719,25
601849,286603,95
940481,679218,9
626374,474533,20
488915,205711,4
401028,84201,32
175296,214159,58
386127,641387,88
791552,621400,44
871793,238403,34
855829,924247,60
826691,201572,13
826413,532837,53
405812,489540,57
714764,54502,29
20711,106190,68
741376,307548,18
975924,361745,3
852747,125140,13
240505,174832,50
416873,392404,72
148569,3519,55
147042,337802,89
439983,800248,21
783854,249551,7
217802,605584,28
53951,765247,61
517932,887348,85
661536,440960,20
227993,889612,64
710972,310963,18
356093,860033,46
590797,530256,90
25609,417438,17
889163,178373,92
925235,435272,54
619462,304408,95
195946,276109,58
566582,553216,90
914974,981726,41
876146,388581,65
892621,296835,34
909231,445786,54
326123,154086,32
734435,655225,98
376752,77031,32
666373,739124,78
466795,429505,24
693956,329443,18
950934,348955,3
902963,108279,92
853403,151829,13
803287,847353,99
467492,144703,4
30574,868973,6
829608,233431,34
281467,629755,15
301707,790169,97
382906,505122,57
601844,199714,19
607957,948931,69
692609,692664,98
604029,916382,69
644941,535503,90
214766,574095,73
825564,264114,34
971981,90327,10
140247,137941,56
390566,243692,86
744170,272283,7
275760,714148,77
699847,344722,18
751476,60285,29
212392,681330,28
123396,925688,30
53287,608609,11
901716,144058,92
184126,621452,28
747658,895350,83
158646,377811,89
873764,362032,65
683503,641032,98
825182,840911,40
199260,979533,30
14526,140223,2
739877,115585,71
645795,881160,69
665054,573625,59
930878,282618,36
970928,401402,3
377619,656876,88
121896,716710,91
760007,442054,5
608636,356569,95
857229,454242,53
449819,113962,4
365341,297652,42
637426,222279,19
843758,57242,1
81743,869167,6
102831,282566,43
95369,874429,6
543409,90667,39
852745,95658,1
737657,809584,66
681826,458221,20
329314,786449,97
863653,428241,54
451844,147923,4
142381,3093,55
984662,215605,36
673323,545517,59
518864,560591,96
866827,771295,49
155186,214598,58
756696,800286,99
415388,428290,57
278066,460679,52
640640,238870,19
689148,517946,59
126412,614812,48
161132,154923,56
797646,38277,1
335809,957734,12
648046,719996,78
984715,118110,92
84900,928852,76
217477,147341,56
364358,768258,97
118876,958933,30
802684,725854,94
433749,28142,81
995563,442586,54
548134,501244,24
413189,477128,57
105874,427443,75
43231,585471,11
12472,619423,11
654726,981077,84
967103,101831,10
479304,674999,16
714045,958269,84
635340,165944,63
22378,117352,2
350474,426084,0
196838,261986,58
202554,334918,79
977030,958552,41
393412,90396,32
300428,299656,42
323528,539249,93
159444,782065,38
169668,619777,28
599049,219616,19
99443,343280,89
515300,650995,62
276175,682348,77
237983,787733,22
437784,837347,21
304980,808332,97
645195,801329,78
938495,299800,36
749170,309003,18
428162,134752,4
785094,78314,1
231041,119045,56
793097,581905,44
81180,406022,17
27826,685708,61
709456,828054,66
108689,751596,38
84450,356691,17
908231,641616,87
647369,343484,95
945879,398898,3
290685,546575,15
297761,481631,52
786677,681881,94
374329,353567,0
411834,696195,88
964449,500440,51
908429,972949,41
364581,526903,93
667783,437339,20
363141,322690,42
458820,393258,72
491298,258674,26
550181,907967,70
203540,908460,30
500243,591520,96
679881,761771,78
97192,519361,14
