x,y,cluster_id
242578,13469,4
383138,414652,0
67768,993126,3
484308,765337,1
31833,30935,4
932640,887879,6
591329,478778,2
833354,186335,8
735652,115053,8
698658,355604,5
638300,908210,6
294000,264971,4
377493,541620,0
9281,999465,3
12901,842497,3
852470,467010,5
53607,976747,3
196754,856972,3
144213,800662,3
729397,985790,6
183405,499760,0
469862,970991,1
450770,95791,9
974081,390235,5
680670,26669,8
231241,468739,0
97960,415410,0
796294,316402,5
778534,828493,6
487140,369048,9
602845,24264,9
811111,355792,5
806109,274877,5
859817,951019,6
777276,680837,7
835185,961129,6
705424,73751,8
536857,957185,1
418065,418776,0
381617,836927,1
240062,726211,3
431612,116690,9
223913,309587,0
244801,377033,0
807539,314736,5
775229,283334,5
996348,632867,7
600910,509480,2
834128,199442,8
35980,730005,3
197911,293197,0
770346,214750,8
309220,60662,4
557590,416916,2
115944,685545,3
959950,893088,6
136133,997800,3
27973,148064,4
522975,641339,2
989146,578132,7
680530,674978,2
362046,914709,1
530369,917610,1
283108,208988,4
471815,806578,1
161689,514298,0
813117,64168,8
479624,43309,9
902915,294501,5
685730,66033,8
821219,242774,5
310257,492554,0
356179,307990,9
396981,70916,9
886516,684032,7
528226,902819,1
686503,63316,8
152140,23765,4
418942,174793,9
752751,490316,5
747743,329274,5
117577,118127,4
374985,376969,0
728744,14480,8
382012,490499,0
827576,79664,8
923967,118042,8
938251,195973,8
726117,857863,6
103637,838910,3
565110,810400,1
406969,934977,1
160874,816054,3
431739,248100,9
830522,596218,7
645779,608168,2
495466,304382,9
755627,828610,6
455550,438144,2
897430,118944,8
98993,780745,3
997533,539816,7
698849,561277,2
384785,92576,9
929386,192648,8
841254,969376,6
318446,127999,4
288386,909935,3
279052,41813,4
755507,809000,6
866244,973541,6
313587,467795,0
243042,823442,3
599615,743697,1
327666,83176,4
951140,823081,6
527120,310801,9
646964,528517,2
786098,952490,6
515310,819254,1
207082,441170,0
757169,750570,6
841330,249551,5
217528,1761,4
607765,712493,2
871078,223776,8
14974,680695,3
452619,175360,9
288399,131390,4
272306,650010,0
719640,990750,6
535380,148002,9
469616,838895,1
313226,398227,0
5279,739131,3
580105,833601,1
347811,666053,1
354997,440055,0
14917,711650,3
706767,635577,2
146365,957588,3
183773,679719,3
48126,868372,3
730391,687771,6
373259,371670,0
663645,885499,6
586741,364693,2
406085,74556,9
75646,387667,0
531298,530090,2
229012,19601,4
439383,726733,1
208291,749221,3
166750,575130,0
211249,463602,0
769233,500985,7
67848,329471,0
430095,618497,2
83209,503956,0
994746,709053,7
62870,660778,3
710643,782564,6
561766,616936,2
851959,876326,6
416611,994392,1
751597,103922,8
622708,854272,6
763144,172256,8
113940,992884,3
414314,380142,9
62500,450930,0
789565,228458,8
697292,386877,5
247648,231501,4
849283,902588,6
803927,613533,7
663457,738469,6
452902,931007,1
436138,171789,9
273068,465220,0
955457,369525,5
607397,533230,2
999677,575269,7
555215,505000,2
540809,380896,2
724384,729940,6
104473,885740,3
639572,287519,9
332946,834822,1
860169,869593,6
256492,871667,3
117700,192914,4
305697,859094,1
796018,674653,7
900226,112347,8
221747,915444,3
880066,285789,5
257319,771158,3
861762,644236,7
684291,882927,6
369671,66247,9
417820,301777,9
980466,702029,7
7364,783108,3
703318,672688,2
870522,869668,6
524434,177186,9
980344,642136,7
393063,217912,9
447246,868568,1
31640,773725,3
9819,42467,4
744825,278843,5
523351,969780,1
102327,819686,3
470454,926986,1
854907,426604,5
934752,387852,5
632230,906357,6
147351,540271,0
343122,859703,1
37949,811880,3
271485,855588,3
870383,540877,7
534808,524330,2
423039,21274,9
554457,763045,1
498689,467937,2
617602,46054,9
32396,486973,0
571333,395104,2
522923,772502,1
453133,808894,1
94785,52884,4
826935,303685,5
42690,506413,0
285958,109358,4
982686,19644,8
173411,524345,0
675854,86444,8
873180,538256,7
478759,506532,2
299840,413003,0
344194,871591,1
838942,102171,8
196498,555389,0
424329,714240,1
233338,727393,3
302701,508484,0
92123,325340,0
998452,999447,6
711751,399947,5
915277,68584,8
703078,646216,2
966967,821532,6
497813,752719,1
952957,363209,5
467852,199519,9
319607,637251,0
293620,877284,3
523256,367777,9
237859,699470,3
999000,202858,8
442180,722977,1
79262,168652,4
539282,715609,1
251904,750679,3
674102,637241,2
116274,231005,4
506655,355788,9
732259,84308,8
967997,128374,8
585623,581955,2
922186,193661,8
864539,311585,5
811253,744298,6
429059,196341,9
917628,585903,7
274474,86126,4
521532,393337,2
826258,922274,6
661199,778269,6
376760,214791,9
994520,904005,6
626417,198418,9
813554,408777,5
327680,324291,0
367317,511847,0
620384,803852,1
341576,879053,1
250295,716161,3
534048,751257,1
386673,821553,1
854750,796623,6
844887,19776,8
383249,271130,9
883418,620394,7
964801,416189,5
902504,390258,5
74399,429715,0
223790,239575,4
552139,814155,1
516846,642578,2
822119,358702,5
709654,167894,8
807477,278000,5
359047,513118,0
989323,555229,7
734375,650304,7
661679,842450,6
72134,360306,0
669352,806694,6
106581,312340,0
513709,915202,1
801957,495907,7
725267,570966,2
239062,924139,3
4986,808315,3
353592,834880,1
839796,454535,5
374671,108680,9
592807,314266,9
880309,355704,5
327136,184438,9
855266,459639,5
154120,306519,0
672925,858988,6
25724,353126,0
998767,287106,5
403714,223334,9
576057,802292,1
127505,976868,3
225842,738540,3
646862,809815,6
561670,1315,9
111739,2849,4
893928,255271,5
349886,542663,0
542610,659326,2
304556,687893,1
434005,323590,9
589821,134435,9
462490,70127,9
629891,585425,2
253674,504712,0
696317,16186,8
52367,132880,4
315584,25240,4
210313,743236,3
574919,671006,2
608211,212948,9
31110,873539,3
579454,892040,1
521551,712622,1
41863,596998,0
751981,550487,7
35726,446954,0
959509,480178,7
357800,549171,0
923869,471037,7
731501,345154,5
16405,722120,3
675589,628740,2
237498,636867,0
829868,607283,7
621287,975722,6
973083,621237,7
132736,906385,3
616378,468377,2
14476,303459,0
245720,816957,3
608290,539205,2
424689,751438,1
430810,628092,2
345266,893285,1
456783,165931,9
810127,812538,6
334136,834506,1
549359,88853,9
352562,523797,0
458504,87214,9
817071,518386,7
520241,704018,1
443985,70005,9
588148,7255,9
937220,858295,6
379421,943657,1
52889,905543,3
469229,342547,9
188338,400091,0
335425,498812,0
536861,26511,9
579792,570720,2
104485,89116,4
780534,447421,5
815274,324253,5
733585,370990,5
235025,68069,4
47294,877899,3
859542,324578,5
186882,928701,3
689450,600241,2
266814,354545,0
842451,76321,8
733023,918199,6
184514,137053,4
455505,682579,1
107825,225534,4
556607,898878,1
458725,805522,1
420218,606961,2
197918,418513,0
953410,967169,6
215132,729668,3
532081,695311,1
97791,579595,0
262600,528353,0
31083,414922,0
596607,175765,9
82470,85277,4
252503,829532,3
958437,460401,7
966716,608715,7
679522,741861,6
466695,750819,1
22240,788280,3
625487,571436,2
128128,461503,0
481417,186445,9
589343,103250,9
330431,556650,0
624015,829410,6
905440,730891,7
89809,423409,0
243339,806022,3
817059,316019,5
347653,17202,4
127524,307548,0
960467,574613,7
532236,291130,9
25211,730439,3
503756,634589,2
538167,985049,1
730439,490467,2
283424,520330,0
197125,91670,4
697768,401666,5
808041,751828,6
983132,511241,7
432666,828883,1
48384,205276,4
80313,821012,3
757363,8609,8
707157,189128,8
680946,675023,2
127441,915777,3
464064,524562,2
320625,760533,1
294147,739293,3
312291,675442,1
165789,427107,0
397577,92002,9
290437,384309,0
82044,925550,3
721616,213077,8
186101,803504,3
504920,205865,9
980372,124577,8
776937,996788,6
17328,239384,4
332762,745003,1
267561,910812,3
19009,497406,0
906774,166610,8
230936,355255,0
779472,588468,7
394199,317563,9
290800,475775,0
362539,193552,9
44196,805903,3
813759,851464,6
564542,260234,9
763298,762542,6
44144,930766,3
389826,819942,1
765440,760514,6
966042,280601,5
70368,685962,3
964895,1139,8
146132,46477,4
147215,254032,4
524450,432983,2
161411,846487,3
913975,182299,8
909292,474804,7
46046,897454,3
512430,424367,2
349529,550215,0
478212,309860,9
823446,666155,7
