x,y,cluster_id
242578,13469,0
383138,414652,87
67768,993126,5
484308,765337,15
31833,30935,54
932640,887879,56
591329,478778,64
833354,186335,74
735652,115053,53
698658,355604,10
638300,908210,7
294000,264971,58
377493,541620,52
9281,999465,5
12901,842497,82
852470,467010,9
53607,976747,5
196754,856972,70
144213,800662,70
729397,985790,67
183405,499760,6
469862,970991,36
450770,95791,4
974081,390235,42
680670,26669,39
231241,468739,96
97960,415410,49
796294,316402,78
778534,828493,44
487140,369048,47
602845,24264,45
811111,355792,78
806109,274877,78
859817,951019,63
777276,680837,12
835185,961129,63
705424,73751,39
536857,957185,36
418065,418776,87
381617,836927,43
240062,726211,26
431612,116690,4
223913,309587,58
244801,377033,94
807539,314736,78
775229,283334,34
996348,632867,30
600910,509480,64
834128,199442,23
35980,730005,21
197911,293197,84
770346,214750,34
309220,60662,48
557590,416916,18
115944,685545,27
959950,893088,56
136133,997800,33
27973,148064,46
522975,641339,55
989146,578132,2
680530,674978,31
362046,914709,29
530369,917610,36
283108,208988,98
471815,806578,43
161689,514298,6
813117,64168,51
479624,43309,3
902915,294501,68
685730,66033,39
821219,242774,23
310257,492554,62
356179,307990,24
396981,70916,4
886516,684032,16
528226,902819,97
686503,63316,39
152140,23765,99
418942,174793,73
752751,490316,35
747743,329274,10
117577,118127,90
374985,376969,87
728744,14480,39
382012,490499,91
827576,79664,51
923967,118042,83
938251,195973,92
726117,857863,13
103637,838910,82
565110,810400,97
406969,934977,29
160874,816054,70
431739,248100,73
830522,596218,93
645779,608168,19
495466,304382,59
755627,828610,44
455550,438144,47
897430,118944,83
98993,780745,82
997533,539816,2
698849,561277,35
384785,92576,4
929386,192648,92
841254,969376,63
318446,127999,14
288386,909935,75
279052,41813,48
755507,809000,44
866244,973541,63
313587,467795,62
243042,823442,70
599615,743697,86
327666,83176,48
951140,823081,65
527120,310801,18
646964,528517,19
786098,952490,61
515310,819254,97
207082,441170,96
757169,750570,44
841330,249551,23
217528,1761,0
607765,712493,31
871078,223776,23
14974,680695,21
452619,175360,73
288399,131390,79
272306,650010,57
719640,990750,67
535380,148002,69
469616,838895,43
313226,398227,62
5279,739131,21
580105,833601,97
347811,666053,37
354997,440055,62
14917,711650,21
706767,635577,89
146365,957588,33
183773,679719,27
48126,868372,82
730391,687771,89
373259,371670,87
663645,885499,88
586741,364693,18
406085,74556,4
75646,387667,11
531298,530090,25
229012,19601,0
439383,726733,32
208291,749221,26
166750,575130,6
211249,463602,96
769233,500985,35
67848,329471,11
430095,618497,1
83209,503956,81
994746,709053,30
62870,660778,21
710643,782564,77
561766,616936,55
851959,876326,8
416611,994392,29
751597,103922,74
622708,854272,88
763144,172256,74
113940,992884,33
414314,380142,87
62500,450930,81
789565,228458,34
697292,386877,10
247648,231501,98
849283,902588,63
803927,613533,93
663457,738469,77
452902,931007,29
436138,171789,73
273068,465220,62
955457,369525,42
607397,533230,19
999677,575269,2
555215,505000,25
540809,380896,18
724384,729940,77
104473,885740,33
639572,287519,66
332946,834822,17
860169,869593,8
256492,871667,75
117700,192914,90
305697,859094,17
796018,674653,12
900226,112347,83
221747,915444,75
880066,285789,23
257319,771158,26
861762,644236,93
684291,882927,88
369671,66247,41
417820,301777,59
980466,702029,30
7364,783108,82
703318,672688,89
870522,869668,8
524434,177186,69
980344,642136,30
393063,217912,80
447246,868568,43
31640,773725,82
9819,42467,54
744825,278843,34
523351,969780,36
102327,819686,82
470454,926986,36
854907,426604,85
934752,387852,42
632230,906357,7
147351,540271,6
343122,859703,17
37949,811880,82
271485,855588,17
870383,540877,9
534808,524330,25
423039,21274,3
554457,763045,15
498689,467937,47
617602,46054,45
32396,486973,81
571333,395104,18
522923,772502,15
453133,808894,43
94785,52884,50
826935,303685,78
42690,506413,81
285958,109358,79
982686,19644,40
173411,524345,6
675854,86444,53
873180,538256,9
478759,506532,25
299840,413003,62
344194,871591,17
838942,102171,83
196498,555389,6
424329,714240,32
233338,727393,26
302701,508484,52
92123,325340,49
998452,999447,76
711751,399947,60
915277,68584,40
703078,646216,89
966967,821532,65
497813,752719,15
952957,363209,42
467852,199519,73
319607,637251,37
293620,877284,17
523256,367777,18
237859,699470,26
999000,202858,92
442180,722977,32
79262,168652,46
539282,715609,15
251904,750679,26
674102,637241,89
116274,231005,84
506655,355788,18
732259,84308,39
967997,128374,92
585623,581955,19
922186,193661,92
864539,311585,78
811253,744298,44
429059,196341,73
917628,585903,2
274474,86126,48
521532,393337,47
826258,922274,63
661199,778269,86
376760,214791,80
994520,904005,56
626417,198418,28
813554,408777,22
327680,324291,24
367317,511847,52
620384,803852,86
341576,879053,17
250295,716161,26
534048,751257,15
386673,821553,43
854750,796623,8
844887,19776,51
383249,271130,24
883418,620394,93
964801,416189,42
902504,390258,85
74399,429715,81
223790,239575,98
552139,814155,97
516846,642578,55
822119,358702,78
709654,167894,53
807477,278000,78
359047,513118,52
989323,555229,2
734375,650304,89
661679,842450,88
72134,360306,11
669352,806694,88
106581,312340,49
513709,915202,36
801957,495907,9
725267,570966,35
239062,924139,75
4986,808315,82
353592,834880,17
839796,454535,9
374671,108680,4
592807,314266,66
880309,355704,85
327136,184438,14
855266,459639,9
154120,306519,84
672925,858988,88
25724,353126,11
998767,287106,68
403714,223334,73
576057,802292,86
127505,976868,33
225842,738540,26
646862,809815,88
561670,1315,45
111739,2849,99
893928,255271,23
349886,542663,52
542610,659326,55
304556,687893,37
434005,323590,59
589821,134435,69
462490,70127,3
629891,585425,19
253674,504712,62
696317,16186,39
52367,132880,46
315584,25240,48
210313,743236,26
574919,671006,55
608211,212948,28
31110,873539,5
579454,892040,97
521551,712622,15
41863,596998,20
751981,550487,35
35726,446954,81
959509,480178,95
357800,549171,52
923869,471037,95
731501,345154,10
16405,722120,21
675589,628740,89
237498,636867,57
829868,607283,93
621287,975722,7
973083,621237,2
132736,906385,33
616378,468377,64
14476,303459,71
245720,816957,70
608290,539205,19
424689,751438,32
430810,628092,1
345266,893285,29
456783,165931,73
810127,812538,44
334136,834506,17
549359,88853,45
352562,523797,52
458504,87214,3
817071,518386,9
520241,704018,15
443985,70005,3
588148,7255,45
937220,858295,56
379421,943657,29
52889,905543,5
469229,342547,59
188338,400091,96
335425,498812,52
536861,26511,45
579792,570720,19
104485,89116,50
780534,447421,22
815274,324253,78
733585,370990,10
235025,68069,0
47294,877899,5
859542,324578,78
186882,928701,33
689450,600241,89
266814,354545,94
842451,76321,51
733023,918199,13
184514,137053,72
455505,682579,32
107825,225534,84
556607,898878,97
458725,805522,43
420218,606961,1
197918,418513,96
953410,967169,76
215132,729668,26
532081,695311,15
97791,579595,20
262600,528353,52
31083,414922,11
596607,175765,28
82470,85277,50
252503,829532,17
958437,460401,95
966716,608715,2
679522,741861,77
466695,750819,32
22240,788280,82
625487,571436,19
128128,461503,96
481417,186445,73
589343,103250,45
330431,556650,52
624015,829410,88
905440,730891,16
89809,423409,81
243339,806022,70
817059,316019,78
347653,17202,41
127524,307548,49
960467,574613,2
532236,291130,38
25211,730439,21
503756,634589,55
538167,985049,36
730439,490467,35
283424,520330,52
197125,91670,72
697768,401666,60
808041,751828,44
983132,511241,95
432666,828883,43
48384,205276,46
80313,821012,82
757363,8609,39
707157,189128,53
680946,675023,31
127441,915777,33
464064,524562,25
320625,760533,17
294147,739293,26
312291,675442,37
165789,427107,96
397577,92002,4
290437,384309,94
82044,925550,5
721616,213077,34
186101,803504,70
504920,205865,38
980372,124577,92
776937,996788,61
17328,239384,71
332762,745003,37
267561,910812,75
19009,497406,81
906774,166610,92
230936,355255,94
779472,588468,93
394199,317563,24
290800,475775,62
362539,193552,14
44196,805903,82
813759,851464,8
564542,260234,38
763298,762542,44
44144,930766,5
389826,819942,43
765440,760514,44
966042,280601,68
70368,685962,21
964895,1139,40
146132,46477,99
147215,254032,84
524450,432983,47
161411,846487,70
913975,182299,92
909292,474804,95
46046,897454,5
512430,424367,47
349529,550215,52
478212,309860,59
823446,666155,12
77972,484115,81
526598,538193,25
414083,500447,91
18624,25006,54
287518,320761,58
30486,382682,11
751338,737903,77
952214,869233,56
200549,641193,57
542255,683283,55
943362,87182,40
283571,981982,75
172243,900475,33
299713,279151,58
697794,836100,88
339123,647658,37
193305,887822,33
638140,228485,28
149953,269467,84
948273,637831,30
40760,64007,54
770440,791028,44
808978,506184,9
446060,935134,29
809826,753518,44
387116,265002,80
893533,617219,93
601806,554563,19
553467,135407,69
786284,90982,74
141422,887534,33
789736,94881,74
675275,347341,10
775765,297738,78
89194,87366,50
364210,280764,24
805982,141354,74
738005,650951,89
540762,602548,55
28278,269437,71
431553,118445,4
710573,606347,89
879124,448669,85
782282,820982,44
259457,706066,26
852164,326385,78
562070,710548,15
196002,221354,84
306021,297215,58
301958,10359,48
109793,296194,49
136531,678842,27
313124,676199,37
877292,655694,16
250228,591121,57
977002,486192,95
430209,531175,91
471716,133042,69
41837,161437,46
279457,847490,17
779934,351890,78
223913,306152,58
499712,666297,55
460131,429919,47
652146,630747,31
974738,421745,42
270729,152068,79
810341,405655,22
858824,260347,23
659526,658617,31
390842,895279,29
965477,784319,65
64369,856170,82
654323,218280,28
638217,520501,19
65709,374082,11
205302,517220,6
918035,424475,85
152224,438185,96
585705,946647,7
297843,849297,17
146692,467539,96
943533,961072,76
748604,789923,44
252586,226657,98
426687,344493,87
895017,552102,93
178670,911525,33
1627,348707,11
724558,661643,89
239147,350197,94
768439,165283,74
911430,418744,85
831055,548144,9
672461,65380,39
854762,994810,63
776296,213350,34
780540,535883,35
586894,931210,7
856026,239074,23
130708,813366,70
255189,965174,75
693344,48560,39
150135,330008,49
458016,877102,43
468099,356033,59
855049,823421,8
250833,762169,26
776482,340047,78
179205,906942,33
983798,704694,30
802638,939609,61
16014,161869,46
544660,113148,69
689317,352054,10
984868,680902,30
922855,425236,85
955076,975835,76
863676,810105,8
443603,642803,1
599618,782140,86
441281,616519,1
840588,775751,44
54643,393956,11
230453,232462,98
997603,714695,30
888529,521034,9
25289,44722,54
644519,436345,60
654821,587228,19
546599,692868,55
35328,765762,82
175141,595542,6
289130,412239,62
502562,564201,25
536599,627309,55
189077,819114,70
865331,624967,93
821899,668647,12
957923,814533,65
856777,853233,8
292285,447019,62
63966,92841,50
380868,255788,80
36412,991412,5
667741,733999,77
325196,583595,52
488764,667166,55
67141,453105,81
335806,898567,75
222368,343760,94
589718,397795,18
753452,271553,34
218,666513,21
86064,492552,81
331103,860917,17
437529,555893,1
900287,138799,83
797276,820266,44
220819,307277,58
411484,813708,43
5974,405751,11
461672,330896,59
385117,664285,37
653832,955598,67
749923,957199,61
647581,895951,88
263295,210696,98
172066,923309,33
62027,503377,81
270310,113454,79
826725,781561,44
697279,176449,53
591138,271203,66
123186,389876,49
648284,724937,31
27815,496005,81
365009,710649,37
888142,6528,51
732732,42238,39
906359,176035,92
626265,636628,31
812437,629874,12
297298,690003,37
894775,491711,95
190341,69922,72
185334,911032,33
728059,491349,35
114253,261181,84
681789,835962,88
22854,118492,46
508964,170729,69
444857,724577,32
966472,504457,95
421891,732427,32
916412,152779,92
759500,932912,61
463855,26065,3
87796,603038,20
264076,325429,58
490573,73370,3
133243,423548,96
587391,294335,66
900293,241081,23
864629,826222,8
319393,42303,48
989090,639798,30
88958,130479,90
963129,319547,68
637683,550394,19
476744,645707,1
401749,208499,73
255176,755091,26
824497,334896,78
604644,259054,66
936577,58469,40
702505,2611,39
893644,477155,95
557158,159383,69
757319,269378,34
436915,244025,73
341386,678381,37
556456,363597,18
976096,261845,68
837832,455306,9
340140,738492,37
838163,10166,51
863728,683183,16
273097,950126,75
773734,164077,74
652271,725725,31
272943,365600,94
655343,351713,10
243255,402613,94
723965,680854,89
123297,261724,84
804150,361057,78
297167,501711,62
271521,465598,62
320205,686505,37
102040,1116,99
758899,819795,44
307084,162805,14
267077,770362,26
487890,978026,36
686407,447194,60
993502,791547,65
542651,338569,18
337652,918201,75
220304,659358,57
838643,89632,51
452402,525893,91
691637,347229,10
881189,156135,83
175218,898030,33
202446,516774,6
433467,286153,59
381265,933473,29
891852,364863,85
261152,191209,98
652788,414443,60
552273,60222,45
152052,547179,6
447529,629865,1
149661,361168,49
155977,515622,6
69174,623831,20
735693,807013,44
480659,444560,47
731063,990739,67
351500,667669,37
522571,854045,97
946983,952144,76
692021,812608,88
511050,224011,38
966500,978391,76
824190,168318,74
933801,405607,42
51988,766692,82
795650,499217,9
350803,954842,29
41902,262928,71
39298,496141,81
658151,545651,19
758756,412482,22
598829,521751,19
72999,895807,5
831767,524524,9
688145,665722,89
805639,387532,22
260766,707758,26
302174,653878,37
737836,820310,44
953547,269616,68
448563,15009,3
273042,21652,0
919776,682284,30
152520,417282,96
268832,274600,58
218522,701903,26
886238,17152,51
282081,937983,75
695537,894112,88
351414,225027,80
30544,369400,11
509515,434505,47
726246,31457,39
698925,838227,88
90299,656945,20
284910,495104,62
222096,768958,26
885650,129575,83
781288,108898,74
254319,347684,94
541060,609374,55
749789,707047,12
349649,565372,52
222516,835035,70
435364,172746,73
346145,673032,37
650491,814657,88
945008,765865,65
904353,475219,95
18253,782937,82
825366,939543,63
903418,749907,16
692057,410394,60
498846,114126,69
122227,272752,84
145801,483149,96
299740,744382,26
830073,38872,51
337565,463319,62
3177,407989,11
72370,324033,71
34459,166962,46
135095,541866,6
145298,37440,99
268732,595015,57
419959,266128,59
816027,971400,61
326940,881076,17
254108,809641,17
647788,378185,60
160600,220332,84
127164,246854,84
886556,346737,85
621975,539081,19
345074,661911,37
740201,573687,35
967708,277254,68
808407,912229,61
848464,150921,83
545608,35536,45
268556,622215,57
580360,118124,45
315317,532872,52
993768,265875,68
564594,145663,69
159422,415063,96
968169,19403,40
118412,165552,90
446318,280092,59
512132,404636,47
722206,119429,53
246048,329758,94
247805,860895,70
73814,600265,20
654149,291218,66
505451,130000,69
916369,427290,85
469615,830755,43
513926,568692,25
9142,661204,21
862551,907201,63
328505,197791,14
274385,597895,57
821890,507690,9
751772,35476,39
258163,962228,75
177659,927442,33
532199,682958,55
486770,152062,69
719304,358104,10
657716,242012,28
511020,725362,15
167867,340893,49
389685,436554,87
168204,4930,99
865417,75490,51
772478,47852,51
256073,828780,17
314452,8313,41
721180,884284,13
175914,600878,6
972434,711106,30
562233,463928,64
242174,218545,98
91632,73475,50
895381,682700,16
148105,206138,90
574866,777720,86
148148,932684,33
622352,886595,88
15845,313634,71
260497,179452,98
64106,436877,81
606106,827812,86
44174,442853,81
38842,831778,82
702222,253625,34
684563,456885,60
867658,729092,16
855769,925571,63
78773,940038,5
234979,302275,58
337800,408333,62
861433,115931,83
468418,707094,32
134634,805523,70
436332,443267,91
989277,779134,65
921152,804133,65
79997,512120,81
203381,227984,84
728568,57905,39
220248,712328,26
108589,67620,50
493188,26330,3
535295,713444,15
856125,894547,63
661345,229144,28
224344,555068,6
35232,161004,46
9371,502253,81
372830,154043,14
16201,300869,71
720729,295774,10
84228,635636,20
135320,335573,49
983496,627689,30
581780,989074,7
382185,391124,87
625693,35387,45
753161,377106,10
29806,965724,5
925212,50386,40
854117,145873,83
699758,848907,88
591717,993080,7
705928,543080,35
548909,523414,25
34276,83044,54
721979,309497,10
730015,369676,10
153033,40352,99
209195,951779,33
557925,45782,45
460857,634163,1
390532,680045,37
524206,332584,18
751909,350477,10
478207,238507,73
593432,812433,86
564719,245211,38
275696,632427,57
204459,355115,94
423492,636566,1
768454,409700,22
836554,972956,63
474675,868969,43
767850,268745,34
799870,421564,22
235436,983230,75
153839,583642,6
273905,538073,52
393064,234339,80
545063,884139,97
738266,52157,39
605151,789116,86
681866,121999,53
443740,940641,29
357292,15947,41
37314,142958,46
695613,169161,53
93245,177303,90
934087,209417,92
683274,802244,88
329324,964006,75
61453,846185,82
847387,38238,51
669441,304301,10
388493,413164,87
51053,57149,54
518097,671399,55
204299,655409,57
463472,580675,1
405447,351155,87
865230,932593,63
90591,573776,20
453396,227115,73
122325,925423,33
585910,392221,18
72148,603604,20
784572,309345,78
163232,447450,96
297934,391186,94
669410,783276,77
523323,500049,25
335821,143853,14
748186,770163,44
143503,855783,70
153310,696870,27
299309,495168,62
296116,831163,17
359620,145829,14
962045,96997,40
234047,631645,57
66130,450176,81
123385,735202,27
555062,930672,36
816155,122266,74
936490,602538,2
859314,500129,9
668252,320747,10
798684,496473,9
232905,438296,96
452176,736052,32
833106,26009,51
141307,949091,33
378831,13075,41
751950,25212,39
745536,240149,34
197255,274272,84
693050,102709,53
239531,813463,70
883097,219721,23
867177,651950,93
333819,497642,52
879322,774805,16
158403,282467,84
437674,987061,29
535721,864875,97
956956,569361,2
264541,152769,79
589402,90625,45
137783,724098,27
924659,744082,65
796387,879672,13
662489,457969,60
99091,428118,81
386559,904085,29
965117,737080,65
103915,513843,81
163639,293112,84
348921,321667,24
270602,23702,0
371931,49495,41
872748,275667,23
146722,969327,33
488819,596305,1
101812,161350,90
820818,492225,9
838009,433553,85
730040,787800,77
559365,254691,38
592493,41438,45
452454,404403,47
808356,44645,51
358498,278535,24
343883,656200,37
766914,538329,35
711036,394351,10
869030,793574,8
611259,433397,64
107854,709571,27
774190,821240,44
593434,860854,97
389015,175340,14
944062,863325,56
904945,420155,85
559495,443429,64
713401,137053,53
465648,155552,73
372323,636105,37
22946,669984,21
428548,614195,1
788360,968954,61
216611,582131,57
884498,772624,16
501411,221118,38
341683,672160,37
4474,207135,46
324423,585788,52
344812,260619,80
228897,75460,72
268969,564252,57
387670,572543,52
734233,269060,34
105796,122725,90
641645,133418,53
366279,58809,41
406691,267197,80
787883,956607,61
696008,810665,88
849490,387349,85
187938,683689,27
762548,145832,74
1247,969778,5
61106,10156,54
697222,216741,34
769867,168569,74
150759,807388,70
778061,878874,13
241909,774239,26
648644,768397,86
455517,880961,43
327679,309241,24
420151,482812,91
636180,292454,66
283061,412256,62
793444,429173,22
119609,276762,84
548990,875193,97
372582,989898,29
231415,399510,94
579637,962833,7
345796,794865,17
300875,814105,17
673124,211328,28
790360,581230,93
737625,272812,34
162626,267198,84
810016,945471,61
547859,873238,97
515237,603928,55
230113,513108,6
812783,457341,22
545122,879278,97
31104,780084,82
886726,208887,23
780325,939040,61
450219,837236,43
428397,72104,4
867855,48646,51
608610,922980,7
532228,163787,69
773860,276242,34
807459,978869,61
853246,522099,9
922630,658647,30
895314,558027,93
773335,454523,22
174958,527402,6
56195,480200,81
725944,955187,67
842620,914593,63
569582,966320,7
948107,839537,56
99223,647872,20
791721,463593,22
608784,844791,88
403138,543117,91
168961,736218,27
621532,98395,45
739130,569993,35
886779,105735,83
90082,19726,50
544786,233272,38
618436,55810,45
12355,661680,21
871635,576546,93
12552,975694,5
495722,605387,1
741714,238,39
11499,271766,71
575154,628918,55
240742,158462,79
282576,257007,58
524368,60129,45
591842,94499,45
259734,350116,94
402581,190496,73
670601,797720,88
292782,790946,17
446040,594992,1
46015,390610,11
993732,668097,30
708336,11153,39
462346,653469,1
865517,751617,16
431338,506075,91
602926,391413,18
489633,271500,59
104404,719744,27
745281,939802,61
260342,573491,57
663712,21535,39
954379,255236,68
765984,902903,13
96337,148934,90
139275,799879,70
576323,263659,38
322871,501548,52
522994,972856,36
798314,263975,34
641468,162387,28
254220,677608,26
560911,234065,38
939487,973489,76
429920,667674,32
601719,95697,45
383606,280928,24
567093,146859,69
273254,582893,57
691052,527648,35
180700,26089,99
486346,33361,3
709503,624747,89
129371,350974,49
833279,930390,63
77562,595368,20
360088,413,41
943914,376378,42
799696,494948,9
600324,662232,31
147557,4582,99
18892,533151,81
684244,98451,53
679476,966777,67
621846,377735,60
606424,184923,28
2469,507869,81
760893,341951,10
170468,58201,72
188936,450198,96
481465,983623,36
765368,550158,35
515568,161918,69
368816,699929,37
707770,504196,35
38803,178018,46
956165,274246,68
263093,811242,17
549946,951166,36
249375,258902,58
377096,861000,43
827171,274018,23
425691,597573,1
415183,994431,29
415829,847539,43
602008,949619,7
251351,457359,62
837562,920270,63
979574,700914,30
267319,837844,17
649455,398050,60
39719,571985,20
367024,584263,52
718978,870128,13
256065,700404,26
700113,814213,88
483066,903289,36
588381,928039,7
554483,212161,38
794661,879351,13
255422,893973,75
5303,142275,46
223110,819353,70
874756,39219,51
161644,755281,27
15347,948811,5
672529,211090,28
803106,813531,44
27758,542002,81
434785,444295,91
271661,811357,17
483756,491700,25
12831,661349,21
301021,267390,58
34347,278044,71
95313,930538,5
560008,66389,45
812235,235757,23
383949,40690,41
881513,594492,93
627292,901896,7
171516,683638,27
917026,460890,95
180264,702775,27
552612,754461,15
232109,67054,0
982663,621556,2
503817,659632,55
436894,880913,43
514167,613852,55
24935,94850,54
145688,579831,6
230428,819261,70
328540,776104,17
996164,541967,2
856088,277164,23
302927,303302,58
608687,211545,28
439819,46454,3
766181,205278,34
123733,592661,20
855691,599541,93
499790,974694,36
684477,16473,39
863901,591963,93
133589,246594,84
516366,566603,25
899298,515966,95
849073,384979,85
355820,267841,80
609764,307010,66
932852,445981,95
615953,326408,66
942830,155479,92
150533,8922,99
964888,880589,56
69581,457699,81
559233,40274,45
896103,804760,8
608177,643948,31
839299,99800,83
338913,115578,14
531827,427889,47
540352,710404,15
774367,798947,44
907227,773395,65
463358,658925,1
564644,975500,7
242637,2980,0
100307,862353,82
579898,353254,18
151113,757299,27
934581,513414,95
959552,206042,92
961499,920383,76
889004,501238,9
320196,545130,52
3435,746576,21
702916,912419,67
28342,348857,11
254831,960087,75
195418,396498,96
949062,889182,56
482897,60572,3
38358,696095,21
277616,897886,75
782126,192715,74
976367,815555,65
47561,367183,11
250198,93442,79
489054,543753,25
868320,862548,8
857057,565897,93
34491,702990,21
158204,950383,33
92834,265531,71
783404,680779,12
864418,276963,23
932470,28687,40
154262,697631,27
97959,397025,49
814029,399500,22
409374,358252,87
152011,861245,70
949625,357007,42
217499,509412,6
697051,337279,10
649929,369638,60
511522,150934,69
752145,317765,10
693008,399197,60
307755,451051,62
822738,772750,44
625918,811399,86
184419,543721,6
334906,773060,17
820718,807505,44
750658,320686,10
785342,246740,34
966998,336515,42
815811,338525,78
590288,980198,7
201272,782310,70
296841,20052,48
20866,697485,21
639954,718517,31
117304,528517,6
801422,503480,9
990531,856212,56
365333,163257,14
870528,967686,63
903693,378242,85
114596,19018,99
637913,404685,60
548960,376755,18
125468,753744,27
180463,52461,72
725937,832360,13
488572,444666,47
514411,717296,15
602637,521330,19
996356,770079,65
721412,781988,77
888241,674649,16
828435,516216,9
54127,717784,21
806198,773172,44
717055,545110,35
675831,706302,31
819734,276546,78
924551,936277,76
14241,361904,11
527166,86567,69
935600,639263,30
104474,906597,33
187777,975702,33
635548,659510,31
386401,243495,80
430963,196589,73
74268,225950,71
550329,381741,18
930692,149910,92
551242,725455,15
737414,718154,77
14629,885911,5
506598,393911,47
475021,678999,32
949483,969361,76
63705,704533,21
90754,306791,71
238242,139257,79
500294,441330,47
447531,654471,1
704467,984301,67
151992,535817,6
476856,532104,25
86363,514913,81
155124,175092,90
776137,545787,35
46215,751050,21
899979,947709,63
150080,410950,96
844016,388512,85
724458,966576,67
258840,327095,94
488267,305935,59
855019,307585,78
595217,815383,86
146287,651429,27
579234,196287,28
10309,278585,71
193866,317682,84
282931,235907,98
896855,456782,95
149574,896150,33
597415,755360,86
350980,924660,29
765605,525304,35
794308,950352,61
567872,236853,38
800813,264530,34
969201,370581,42
367793,498939,91
668545,236943,28
312609,24453,48
982474,440615,95
416742,188084,73
135925,497706,6
961435,847083,56
928276,542958,2
499754,378958,47
159582,94952,72
874509,882619,8
179285,257453,84
12982,203487,46
10752,721330,21
394248,133799,4
761338,821643,44
360747,87044,4
954615,230061,68
651675,711518,31
490738,842402,97
254990,631384,57
673267,605070,89
412090,2655,41
632375,328978,66
143520,145335,90
656858,826975,88
978240,284650,68
129133,340829,49
317550,74956,48
795116,523358,9
81564,856555,82
130503,370288,49
441438,248965,73
364857,159503,14
778416,850863,13
466530,971393,36
218310,136577,79
452236,745810,32
838533,224679,23
181327,578062,6
493051,709459,15
877720,847493,8
822971,678187,12
297579,423227,62
186750,722863,27
158476,506997,6
103082,506982,81
852662,692375,16
749167,264103,34
795872,227019,34
509287,592673,55
62189,224082,71
146216,458424,96
748036,254604,34
136100,437518,96
369257,118654,4
218680,367580,94
919956,701102,16
434314,524580,91
632318,384484,60
31709,939447,5
300288,943997,75
764675,893321,13
56236,171276,46
644175,660743,31
107918,794424,82
884694,52976,51
381471,391468,87
416627,264816,59
776791,534620,35
360716,560627,52
459909,704880,32
926502,721595,16
857947,527426,9
456404,796534,43
359700,488333,91
428072,611545,1
243076,392482,94
449116,295463,59
861457,523474,9
35660,343037,11
422954,593877,1
298042,197567,98
511678,780876,15
184322,907815,33
648739,370588,60
476892,135705,69
806736,819782,44
87898,315510,71
784424,814768,44
808639,807053,44
154885,161933,90
618360,782304,86
183469,563653,6
322168,691674,37
973753,875743,56
628993,494229,64
513687,542189,25
579436,590646,19
1329,351664,11
425282,730685,32
633715,862316,88
955479,742365,65
936087,815174,65
633311,73692,45
551892,663472,55
977056,382373,42
559254,385409,18
581022,243863,38
620345,146350,28
720456,720330,77
594062,407779,64
553845,486004,64
282944,451203,62
369869,403591,87
156053,790084,70
945671,905708,56
240476,689488,26
232479,283954,58
419288,976058,29
612061,912972,7
323431,912937,75
738606,751718,77
130905,120610,90
99089,395412,49
690142,229444,34
266216,302794,58
73476,914392,5
187987,513432,6
267309,666485,57
629584,419521,60
895081,633322,93
255640,542391,52
976002,675323,30
155109,922417,33
78647,827960,82
526706,360790,18
802648,112274,74
2696,326488,11
283871,23940,0
366885,250377,80
98251,318207,49
117525,248070,84
319077,733301,37
593578,280697,66
689268,540515,35
437002,698227,32
114725,192087,90
420168,778446,43
344590,527895,52
333144,161882,14
757749,492506,35
555424,19196,45
638441,282668,66
806620,874882,13
158318,859313,70
474740,959667,36
137082,937656,33
199555,929304,33
825561,215035,23
98511,689352,27
945270,154596,92
297508,226904,98
583530,404522,18
816610,772620,44
439778,361037,87
949771,802371,65
462480,903543,36
848070,526143,9
885616,554063,93
150036,671530,27
416868,308881,59
377294,183520,14
432834,645844,1
707546,740104,77
939596,798308,65
175216,871413,70
842428,703073,16
564368,344779,18
701073,934733,67
72950,77787,50
370613,900643,29
117706,301301,49
972525,237201,68
641695,968124,7
265998,633237,57
819211,491369,9
441982,406060,87
654656,810236,88
650921,34420,39
502268,630748,55
981852,989594,76
115967,65038,50
95760,439556,81
622380,348375,66
139959,294460,84
994231,44761,40
312977,210368,80
660995,353646,10
729113,215931,34
163043,280095,84
560459,650478,55
585070,283993,66
83739,402733,11
748310,850522,13
729120,328897,10
779478,687315,12
716464,612782,89
41966,325984,11
817062,367055,78
105570,319508,49
985034,482703,95
793321,352556,78
409054,982992,29
157585,547487,6
617918,359611,66
982900,608371,2
905399,55600,40
483297,773789,15
75356,517709,81
142626,118354,90
184423,606121,57
85691,214293,71
638219,560689,19
512251,407412,47
373729,276984,24
273457,998579,75
122545,625229,20
233725,229815,98
500913,856350,97
674480,993035,67
954025,313159,68
278790,629290,57
487476,17135,3
4565,739554,21
686417,619084,89
957943,151239,92
875498,505404,9
338261,159107,14
126081,46319,99
498717,945760,36
394182,17790,41
998900,525119,2
686535,610058,89
250482,855968,17
258509,761231,26
22548,980160,5
557999,296889,66
828594,189759,74
283321,785083,17
901814,790843,65
707819,315321,10
615167,113610,45
455838,270732,59
193164,515266,6
89202,230667,71
821111,414213,22
689897,109471,53
880706,37874,51
553728,519739,25
255202,192476,98
945325,93932,40
725917,488884,35
689664,193891,28
736071,161548,53
140826,874258,33
660527,488716,60
854288,26314,51
261920,98504,79
562220,245439,38
101742,984765,33
955899,810508,65
211777,338149,94
281804,288377,58
753290,550223,35
601289,873116,97
472743,398130,47
375548,836279,43
350232,364730,87
29361,480928,81
972295,366873,42
48551,1771,54
768158,447923,22
246552,799580,70
546738,30260,45
584984,828868,97
788940,727599,12
763882,569139,35
523443,511583,25
178129,823764,70
5093,605523,20
33573,263042,71
962840,459098,95
67424,199124,46
692065,544420,35
83468,855268,82
505736,911692,36
821867,122202,74
858017,695332,16
445916,511949,91
342937,744871,37
50570,938489,5
188180,757236,70
865898,159981,83
808412,989178,61
127998,262449,84
993705,203015,92
75276,164882,46
178256,960386,33
215869,125298,79
895538,317158,68
477585,780458,15
171723,155807,90
656736,762081,86
311292,887653,75
795626,98444,74
563748,917503,7
485947,318235,59
577285,435434,64
353729,135301,14
4940,38098,54
325248,448307,62
704363,232399,34
944267,306864,68
479426,717079,32
948340,765752,65
3712,391831,11
510152,139749,69
768994,482184,22
71325,774551,82
880603,305922,23
635826,328753,66
356958,401138,87
934269,261498,68
668,232162,71
955871,334649,42
451182,23349,3
436483,974807,29
596843,143468,28
268774,293049,58
275284,704814,26
821293,481305,9
296768,790396,17
198206,256078,84
907177,928476,63
906825,19552,40
613702,490084,64
846799,160303,83
223203,380972,94
4238,235973,71
998417,400464,42
598673,902218,7
586080,260836,38
880712,133559,83
734726,550408,35
711715,804720,77
940338,261410,68
525945,566742,25
245010,890290,75
120636,543869,6
819450,496208,9
775091,961085,61
972313,666060,30
475116,282028,59
45402,73875,54
618326,221168,28
187134,173262,90
25010,346286,11
38012,870850,82
386523,300523,24
902434,210237,23
464392,37261,3
250149,259355,58
980821,662146,30
689160,726988,77
500733,832968,97
706156,367834,10
197512,599976,57
812397,964734,61
295297,60486,48
596013,202505,28
505973,889124,97
509641,547389,25
982911,800290,65
475040,9311,3
501832,291985,59
392523,145788,4
263213,824818,17
723617,844065,13
213967,146511,79
415514,546904,91
820392,332608,78
148652,395572,49
378805,589644,52
162998,510465,6
397449,934304,29
848397,19401,51
75273,129264,46
549782,200565,38
899119,501601,95
412281,217109,73
964259,302515,68
384354,837852,43
792826,38791,51
973617,583752,2
130046,697597,27
529302,992877,36
286924,339565,94
74671,2733,54
937242,229782,68
952073,505880,95
340050,235234,80
585967,362300,18
180989,883290,33
468424,808422,43
154377,627630,27
579590,180689,28
853862,865781,8
182641,654700,27
548920,713517,15
87150,736320,21
333683,225694,80
248651,83404,79
777006,150050,74
899638,217241,23
181602,194039,90
217422,217279,98
808228,898584,13
513149,498741,25
349859,84797,48
187391,481162,96
895888,206203,23
664727,72408,39
967290,256805,68
123998,48087,99
213876,619782,57
681492,838677,88
645907,763770,86
685379,167063,53
844162,843276,8
946322,842699,56
248668,369411,94
693936,990944,67
810059,663165,12
826107,392494,85
649635,425133,60
225417,598504,57
65050,296349,71
753066,786788,44
551256,964254,36
218405,747744,26
347455,679858,37
389291,819241,43
995262,370934,42
299124,384750,94
496050,119173,69
954990,528199,2
450541,249264,73
387351,219666,80
937882,986524,76
513466,839628,97
630319,779980,86
127718,564851,6
461741,487289,91
882542,884272,8
962724,511529,95
283458,81512,48
982686,15692,40
746828,943657,61
57537,38989,54
298791,780725,17
652077,461848,60
279927,744454,26
38926,234091,71
380026,104045,4
697901,624950,89
536745,89336,69
478008,896976,36
482482,75279,3
221694,11060,0
899420,557177,93
482675,320272,59
814027,356565,78
793068,107455,74
997388,100180,40
739529,270242,34
965662,889330,56
971823,444881,95
131712,693749,27
848923,860404,8
816885,392244,22
460759,980937,36
611240,122995,45
187638,646888,57
251308,739837,26
453145,24331,3
935479,600588,2
89116,787429,82
332212,503563,52
395020,101521,4
274033,681332,26
147885,507427,6
342340,724872,37
930402,267352,68
386731,789151,43
266112,549422,52
136647,631639,27
964332,538166,2
964959,72936,40
851605,928536,63
906832,128894,83
328140,52040,48
647792,451377,60
301995,641305,37
423197,686058,32
592866,307988,66
364807,319069,24
593037,173339,28
322113,761604,17
286086,250464,58
564616,501269,64
841902,854087,8
654213,364370,10
966962,731779,30
22459,470884,81
153244,588531,6
443903,691860,32
99034,466069,81
235489,875460,70
856301,857188,8
764895,601439,89
397183,461721,91
159380,712294,27
532482,439497,47
629816,331469,66
6182,908779,5
854880,983874,63
973615,550380,2
252918,796504,17
845140,273376,23
644953,741321,86
395518,482858,91
406733,976923,29
160663,269645,84
924571,274822,68
944343,581326,2
355923,998955,29
453123,648227,1
755532,231224,34
198377,125068,72
29554,727486,21
872186,833442,8
672226,105496,53
74709,636755,20
944997,572538,2
657911,512550,19
442694,366638,87
95546,843433,82
587182,770090,86
908141,142076,83
875623,608146,93
121952,663443,27
491625,751064,15
139145,610977,20
693121,300331,10
678024,562287,19
360884,393459,87
877706,607302,93
928253,150849,92
325031,796711,17
329322,923591,75
800315,900302,13
378106,828224,43
964203,365902,42
731095,526524,35
296938,652421,37
251952,566351,57
673920,579525,19
91674,765255,82
652013,392734,60
691916,35020,39
596305,98392,45
679337,621292,89
62118,18727,54
748388,171543,74
123919,706836,27
793895,2085,51
56483,320598,71
296391,445621,62
565661,66217,45
914427,791244,65
446143,325544,59
418654,328243,59
793603,94099,74
525698,422601,47
670810,316135,10
289282,963987,75
740697,901476,13
118862,721231,27
736983,481008,35
311942,821608,17
767156,603502,89
68954,910806,5
920554,752031,65
391821,347951,87
19090,848691,82
958200,470330,95
845414,880932,8
834665,217815,23
818484,276402,78
496827,177470,69
754507,8282,39
195655,384886,96
789740,161820,74
717977,39662,39
610344,55919,45
847114,459968,9
694133,302923,10
234321,234622,98
306235,897556,75
236024,859912,70
554031,610119,55
274140,472506,62
412230,363886,87
846133,965895,63
805621,86397,51
81292,281776,71
821048,368884,78
845224,684612,16
275836,981809,75
270006,5574,0
689294,968030,67
688679,638952,89
878181,602431,93
65722,590606,20
329749,94063,48
932585,962865,76
877073,974537,63
56962,361010,11
511502,817773,97
320042,954805,75
415542,30667,3
434152,808783,43
230606,804050,70
684031,511462,35
148877,179903,90
634733,964717,7
13187,649375,21
46569,699849,21
378133,286293,24
739405,189805,34
64667,860162,82
759155,126764,74
524966,105688,69
314426,572619,52
12514,335998,11
123070,448772,96
514531,737321,15
163445,33015,99
888656,657891,16
182199,232656,84
265988,473477,62
738342,319927,10
16839,28442,54
40785,488486,81
985455,556887,2
616183,202840,28
135449,493984,6
395475,752681,32
325713,267179,80
479305,684696,32
689364,153263,53
902853,264551,23
312810,405632,62
463858,74331,3
281336,421060,62
759439,900982,13
811875,197518,74
691952,644483,89
838481,351647,78
141060,804371,70
70835,524125,81
980485,20554,40
463804,164116,73
305037,766483,17
290446,538504,52
639546,861608,88
46515,793188,82
119990,676533,27
497572,703653,15
299808,882508,75
318300,676037,37
157050,540517,6
485971,730168,15
937226,965963,76
944773,806075,65
702753,184428,53
690755,535332,35
330248,480746,62
905595,336892,42
147891,616778,27
188316,42434,99
190045,91193,72
684482,96529,53
363936,678804,37
665789,922666,67
249883,785982,26
6487,38901,54
822706,227730,23
465889,212366,73
247882,166075,79
236129,633031,57
360700,285099,24
672078,619512,89
148607,651002,27
399793,321712,24
24047,166567,46
496299,297695,59
374693,476535,91
131925,275620,84
353809,481397,62
846812,375489,85
854688,749306,16
589615,671165,31
281245,892186,75
984063,156896,92
967254,650457,30
233862,525750,6
294905,478063,62
818531,57035,51
601967,274727,66
353266,343610,24
60736,803086,82
472059,902524,36
726189,70879,39
276959,863402,17
207707,937294,33
110217,427088,96
82206,645291,20
418374,618593,1
693445,746177,77
11761,680446,21
258131,418569,94
905206,803736,65
400785,6811,41
486892,197797,73
381747,33272,41
215700,270200,84
252735,717594,26
616209,628414,31
765755,44589,39
413698,36750,3
669388,412275,60
106014,785356,82
484967,845731,43
206917,667176,57
240464,488961,62
971271,164388,92
885608,413901,85
439789,535815,91
451655,980427,29
37226,661488,21
644619,126512,53
292473,601398,57
711789,39925,39
23289,426991,11
441666,88754,4
697551,753889,77
623441,178417,28
660444,95090,53
183429,897801,33
350229,302072,24
937829,104719,40
19339,32371,54
61305,362573,11
777235,898,51
95227,481947,81
99263,321699,49
800667,815018,44
9192,505630,81
132203,943439,33
384489,118871,4
875794,476761,9
930516,193398,92
441779,992127,29
687628,968247,67
335525,170555,14
534559,345753,18
82571,783700,82
662522,7318,39
999516,876893,56
956619,902013,56
148324,892781,33
976122,687161,30
127391,70936,50
222909,441242,96
956185,602789,2
87901,367062,49
223834,987025,75
937058,144846,92
439045,44820,3
300250,307729,58
5574,691837,21
717811,260409,34
700245,27534,39
764167,355222,10
221639,101081,72
869255,570760,93
773186,940810,61
210473,431993,96
513573,635052,55
319684,930129,75
678532,98484,53
231799,851561,70
200644,234845,84
55903,572620,20
35125,348668,11
66846,489003,81
679080,310410,10
75342,273182,71
375973,985667,29
119701,826555,82
924873,352304,42
189005,623785,57
967410,268502,68
728600,595710,89
102436,643253,20
169705,233873,84
711595,791222,77
82044,924564,5
147855,6806,99
396184,674832,37
916063,278243,68
443418,533230,91
5633,675526,21
570865,537750,19
976676,8837,40
525337,345989,18
49038,187034,46
484653,563378,25
697575,144198,53
544473,971440,36
1173,729987,21
897010,59856,40
12524,493128,81
7243,736825,21
833230,105147,83
207029,547775,6
455577,891831,43
11471,803866,82
588490,764731,86
842605,669174,12
807621,694627,12
597270,324506,66
977058,422797,42
951929,86898,40
508953,986645,36
544542,131793,69
56719,286266,71
282869,196009,98
339407,422017,62
847895,580548,93
271368,890159,75
917185,131920,83
185828,220766,84
421535,753848,32
936974,735943,65
6424,974719,5
103501,549650,6
972851,720026,30
491481,321430,59
285118,983544,75
428867,973615,29
550302,937540,36
240450,258639,58
945704,455362,95
270875,606871,57
689894,59804,39
141903,966499,33
959991,578850,2
740206,647341,89
869832,278941,23
164799,784701,70
473367,887805,43
341458,894012,75
663399,760267,77
807837,332996,78
673449,660320,31
2287,452728,81
12225,470352,81
211719,375568,94
186165,878589,70
456264,442159,47
373044,761679,32
543486,374583,18
626890,148764,28
291799,274881,58
936343,127511,92
86116,361827,49
233232,944053,75
707682,12952,39
697113,384322,10
301378,272062,58
560771,883024,97
987929,134701,92
930290,389555,42
262146,892986,75
422659,640615,1
821153,122781,74
595084,592921,19
229050,652480,57
242622,751112,26
951209,971874,76
301352,838020,17
606578,767460,86
710263,396481,60
672775,342185,10
103813,793615,82
289343,998899,75
508574,615651,55
260407,664103,57
586028,378789,18
308913,902537,75
947558,617217,2
573498,782384,86
529017,197879,38
767187,115605,74
981045,433853,95
774636,310676,78
548260,618324,55
174109,250414,84
718460,161766,53
816887,436424,22
991573,372980,42
691235,594050,89
212245,213746,98
442635,368048,87
794543,893558,13
40899,399967,11
248680,578359,57
489804,141836,69
851281,482870,9
598464,389657,18
979846,280576,68
656353,336969,10
443351,409160,87
759273,105520,74
487017,310510,59
744581,178788,74
901512,720405,16
847165,317652,78
788798,334577,78
243628,663403,57
824505,470003,9
341481,273732,24
613804,219289,28
594938,133821,28
135251,171009,90
160620,555747,6
442150,224147,73
255259,152231,79
555823,730198,15
450245,267976,59
873643,322222,78
595166,959092,7
465348,117523,4
209650,600075,57
466774,80081,3
926329,818623,65
598494,890107,7
32171,707299,21
580389,605198,55
569562,630099,55
84728,34895,50
489555,967353,36
305076,426880,62
580548,271196,66
996328,293868,68
41617,464949,81
403664,386554,87
818825,992453,61
172700,569378,6
547558,822263,97
789063,796695,44
66622,726194,21
152070,849973,70
513015,244175,38
864615,592816,93
467937,624779,1
666205,922476,67
69144,118889,46
180678,662836,27
291448,367937,94
922280,766190,65
357697,822157,17
6310,67010,54
241490,729943,26
168594,574838,6
313976,8049,41
294922,767435,17
296710,808218,17
731945,810564,44
150221,771250,70
404778,108395,4
807193,508337,9
627130,183586,28
546174,553896,25
342655,14621,41
742954,837359,13
507096,771711,15
152641,440986,96
652402,920787,7
676384,990317,67
257843,578790,57
726245,6123,39
911105,943799,76
439822,89398,4
514024,211681,38
737007,886492,13
284746,733351,26
430491,274072,59
344397,292372,24
901535,98817,83
830760,590586,93
981327,163273,92
139246,317642,49
612431,130521,28
677692,982680,67
914810,224739,23
191054,57337,72
669299,914879,67
375622,85876,4
331176,88498,48
402675,761890,32
90780,745521,21
983570,862409,56
509389,307125,59
861598,881567,8
502765,982219,36
166353,895276,33
919842,787477,65
129735,467251,96
88562,467264,81
321060,60337,48
88366,179806,90
4688,800354,82
559102,834498,97
417430,756358,32
113646,58523,50
601183,92210,45
785975,895854,13
620728,585871,19
749465,268221,34
5308,225187,71
734438,702136,77
814254,175332,74
815264,145945,74
908158,414934,85
809069,32099,51
500152,60408,3
284697,914564,75
78633,600870,20
826246,716761,12
610420,338114,66
682946,279903,10
345246,559428,52
317817,554097,52
712799,27724,39
973166,5267,40
538267,662772,55
223007,92175,72
194904,767480,70
39980,951958,5
569394,813592,97
54758,325175,71
231980,890556,75
586856,292664,66
819429,156442,74
325094,867233,17
594135,641982,55
799960,934104,61
491448,779008,15
795635,245478,34
764174,474691,22
145975,416324,96
163518,262639,84
185165,76877,72
80376,891628,5
600630,794264,86
210603,616137,57
421799,190343,73
105250,946909,33
713457,74754,39
402659,496020,91
620579,77121,45
179938,226586,84
246870,154468,79
148301,503364,6
50397,33145,54
72777,171504,46
470675,642273,1
684467,851524,88
573478,454193,64
623409,644298,31
732555,54271,39
146526,664917,27
261599,695194,26
136362,842206,70
967962,549590,2
971577,301562,68
368980,458152,91
175832,221082,84
728847,737197,77
85325,67205,50
518665,205662,38
563184,437829,64
603134,882937,7
522293,184653,69
477208,438000,47
474363,625121,1
424425,323952,59
662528,118851,53
544535,8340,45
179649,367914,49
535689,325607,18
477202,340241,59
435851,359042,87
425627,528389,91
643332,484550,64
845357,916935,63
930686,43464,40
505785,737468,15
636969,550957,19
950736,32085,40
267583,283495,58
716943,667243,89
367407,9689,41
848430,572835,93
638424,4018,39
535211,302991,38
379021,214592,80
651870,983152,67
837702,268423,23
393688,721337,32
525050,524852,25
193088,241298,84
499586,551925,25
211286,96074,72
732506,233888,34
960959,848228,56
178820,435067,96
177573,484401,96
331746,662441,37
658146,463294,60
586611,177677,28
223490,212111,98
965481,845310,56
138352,288446,84
914801,73361,40
987156,139195,92
458447,130973,4
267040,148909,79
729823,137417,53
572681,64707,45
539311,213797,38
289808,807464,17
48249,935738,5
963280,856050,56
640207,968501,7
608550,909050,7
417161,227481,73
273319,682334,26
987993,207704,92
892582,634833,93
653883,814002,88
946064,504542,95
852700,339318,78
925811,111247,83
733077,832398,13
113547,394738,49
377415,223581,80
730380,507154,35
744184,512044,35
935900,683194,30
446639,669040,32
566149,272102,38
232993,926723,75
440263,511832,91
373846,231987,80
18322,941247,5
549549,282833,38
581593,833811,97
870593,60638,51
155807,661486,27
605519,963722,7
288283,185339,98
6671,119830,46
988386,818865,65
676822,363046,10
721172,749694,77
120572,456153,96
566116,712924,15
121106,437663,96
805638,358254,78
177901,988248,33
492031,571643,25
611520,826400,86
320641,21762,41
762440,333738,78
136394,380293,49
585510,682307,31
544097,647436,55
469918,916651,36
161711,886872,33
669521,655531,31
519154,427646,47
454980,853456,43
40576,971433,5
876531,859173,8
126649,597855,20
161501,349126,49
774685,137345,74
358671,186086,14
552943,322633,18
501475,296399,59
581471,798587,86
863399,163417,83
564951,139699,69
925992,152410,92
555256,192891,38
923160,555085,2
319079,773505,17
303196,825237,17
774996,365813,78
230342,366421,94
442776,737724,32
937575,828618,65
586493,196878,28
930076,794301,65
827642,186892,74
101007,625394,20
7015,908119,5
758044,447897,22
810591,618629,93
307870,383311,94
318791,926353,75
215639,247411,84
236891,436063,96
923718,941993,76
84489,18919,50
978174,185953,92
328282,443278,62
177430,79099,72
428703,211955,73
337151,509918,52
202999,814642,70
693461,9816,39
993693,1329,40
346475,215729,80
764357,548678,35
637638,785538,86
551784,848779,97
441657,931921,29
811815,178838,74
733447,55746,39
937309,368026,42
413368,477124,91
39287,303941,71
353149,390148,87
228816,714666,26
399131,200066,73
513282,734672,15
643629,480505,64
860880,818753,8
783749,476699,22
883418,621184,93
250117,732327,26
226167,199749,98
189277,181221,90
789126,848512,13
956122,547865,2
977900,570078,2
313902,758327,17
209374,953982,33
584994,2981,45
110113,679202,27
353367,41869,41
708461,113160,53
881485,130904,83
117949,376241,49
489602,749097,15
88583,820093,82
307625,259472,58
953614,392403,42
122726,665742,27
138268,875066,33
242565,797015,70
442532,638256,1
181070,249641,84
730091,652387,89
670359,730239,77
131217,370922,49
92727,470201,81
672493,597894,89
817405,136537,74
789922,228951,34
982536,498614,95
221094,937960,75
295359,103929,48
740080,526481,35
576161,548284,19
24199,723802,21
942423,314301,68
470699,40290,3
170221,915790,33
684587,864818,88
11789,145301,46
76596,352287,11
888442,46569,51
700616,268836,34
335615,687118,37
400994,522667,91
470535,287897,59
697811,124869,53
688892,217231,28
7223,400581,11
575238,33689,45
221411,268954,58
312055,713985,37
946640,192382,92
377602,364976,87
157012,905008,33
486036,822400,43
87864,733518,21
239884,736193,26
208879,636978,57
692912,783138,77
201419,263676,84
615648,198664,28
962492,615641,2
87898,308177,71
533516,812581,97
53466,604152,20
990127,81128,40
522120,281571,38
376225,222206,80
629028,77145,45
579685,782191,86
299912,627256,57
300486,281724,58
948260,406288,42
495298,480550,25
606287,872309,88
901451,691213,16
233411,950968,75
920500,844556,56
453748,155237,73
77643,954746,5
421586,600035,1
802628,783379,44
258687,768428,26
970727,13555,40
826039,247425,23
487390,566048,25
583266,956765,7
365457,245596,80
735206,608946,89
568344,158798,69
928424,38920,40
136536,761497,27
483704,624006,1
681335,210488,28
678195,429313,60
467277,535534,25
721883,696616,77
28021,958062,5
157896,769765,70
443199,856136,43
80478,604578,20
144783,375528,49
506327,848622,97
799952,798449,44
546966,871958,97
12898,790952,82
544597,50359,45
383838,171721,14
131553,21130,99
141188,954533,33
841984,241108,23
307179,761990,17
777942,872662,13
845296,905948,63
273827,214759,98
457694,464041,91
146157,468569,96
243205,560269,57
443365,635632,1
68248,56729,50
445885,996059,29
766556,508848,35
209824,520500,6
55495,717269,21
140356,978797,33
656790,682736,31
759000,519730,35
103895,172417,90
827631,10932,51
736916,350935,10
176099,702320,27
898657,743790,16
895162,997537,76
607491,106103,45
280498,332476,94
930878,269470,68
987444,984461,76
845398,607917,93
270463,681755,26
267282,224092,98
324571,73078,48
237724,432460,96
368673,298415,24
469016,766686,15
704473,83985,39
548799,680805,55
303587,388407,94
969519,722190,30
855023,373413,85
959553,211748,92
852546,756663,16
244950,888554,75
941443,840655,56
895814,953655,63
94037,485433,81
682877,122595,53
457900,933619,36
346859,664399,37
561039,399191,18
210888,407847,96
695666,60068,39
565821,753549,15
913204,235121,23
683291,79087,39
215504,991068,75
892569,421674,85
90685,147447,90
151071,56064,99
280301,32151,0
366382,794337,17
437363,769815,32
289237,222572,98
771413,142489,74
815914,82529,51
76385,803380,82
420719,35193,3
505045,301195,59
197778,70672,72
800807,170958,74
303406,353349,94
746815,733848,77
792513,771512,44
806054,356624,78
794210,289776,78
274597,166406,79
791771,310398,78
865924,585047,93
888762,425437,85
333963,916648,75
105033,290210,71
575778,111276,45
218821,725219,26
757869,515176,35
576005,925480,7
554485,245806,38
275612,226631,98
992340,260326,68
310845,387080,94
662528,114602,53
119516,714650,27
132627,75304,50
640850,780380,86
853661,482292,9
897609,117414,83
382537,314206,24
870676,454882,85
218152,482819,96
750571,848766,13
210450,42584,0
719386,736640,77
723720,563464,35
145257,346560,49
638946,779593,86
620914,705478,31
974895,60859,40
865193,311554,78
304026,780249,17
648127,81291,53
272972,841037,17
312897,863825,17
321470,946751,75
56616,547200,81
797117,159786,74
528193,345261,18
802938,984557,61
458092,153004,73
547549,669289,55
751456,735068,77
291144,257772,58
375814,315905,24
423259,716627,32
357271,661209,37
955529,576124,2
919733,961358,76
549166,833028,97
711930,420526,60
793073,187080,74
262844,628728,57
45971,644115,20
656424,521255,19
741453,606514,89
697235,443885,60
391093,101835,4
553537,310919,18
630526,254770,66
932587,993826,76
240563,149192,79
476883,988202,36
714043,926275,67
908862,251386,23
60639,164886,46
245320,107693,79
997875,298279,68
177995,578425,6
602901,972217,7
62625,539232,81
886038,640974,93
853343,136068,83
908377,99401,83
642820,883261,88
974658,89368,40
14600,390807,11
294582,45624,48
809025,290793,78
372397,879895,29
402852,734603,32
483464,581867,1
439128,440497,91
434009,404836,87
83600,73285,50
709509,726818,77
645204,955586,7
548300,280701,38
743270,151253,74
113725,384138,49
208663,10473,0
28020,944992,5
489790,908877,36
497479,134849,69
418637,40069,3
440706,950530,29
569191,400153,18
374610,86321,4
811542,591028,93
413575,971481,29
688626,746222,77
757301,970144,61
221123,430136,96
312242,855826,17
870926,659740,16
262512,43064,0
789649,636875,12
974570,609448,2
8089,958011,5
306536,957633,75
940645,436135,95
127625,5330,99
584387,792762,86
964004,20709,40
60460,166079,46
305651,83203,48
402777,474221,91
243448,633964,57
45933,6282,54
589766,198707,28
673001,142200,53
961468,401753,42
274397,803352,17
951904,658608,30
235035,240993,98
374723,977493,29
734206,816688,44
90104,379496,49
205370,654328,57
306350,832947,17
347191,255643,80
603805,153026,28
910286,182694,92
546929,251382,38
987063,578140,2
799686,337802,78
453076,862968,43
911558,571222,2
537390,924302,36
759594,505919,35
980819,628563,30
260511,424551,62
433017,728753,32
152287,499386,6
189012,739099,26
45181,357320,11
479644,388186,47
247087,798629,70
562443,987117,7
476724,310832,59
162870,367973,49
533331,710537,15
998833,389857,42
341139,524442,52
296946,771578,17
914777,657382,30
622178,960715,7
745285,19537,39
367327,680513,37
391256,854150,43
710569,545786,35
39720,574685,20
747561,268099,34
953273,674825,30
796985,930797,61
908441,171473,92
952115,211506,92
787029,611083,93
481862,656425,1
541228,425888,47
911297,172372,92
65875,174936,46
159696,16295,99
875347,966796,63
952072,483168,95
617389,468589,64
583285,271777,66
761430,359814,10
403016,490252,91
675593,704601,31
233278,719255,26
525597,720116,15
992680,979187,76
208784,41298,0
110977,192022,90
319272,15477,41
121943,507088,6
629694,267937,66
226809,987108,75
326497,442989,62
318711,578691,52
66209,788955,82
977424,581617,2
246629,94304,79
974568,574316,2
534958,45720,45
426094,365504,87
32858,252853,71
703911,643764,89
747977,251936,34
303910,817270,17
866256,176800,83
481483,293618,59
845619,321365,78
188643,539425,6
123227,90132,50
860341,755535,16
289719,311805,58
519246,980640,36
629819,373144,60
444904,507120,91
166833,969413,33
931282,62962,40
207535,49865,0
84811,421939,11
537135,631789,55
492007,166065,69
60263,847394,82
153504,957985,33
859486,387636,85
9036,881949,5
930257,837647,56
348864,361270,87
874006,427800,85
38292,583491,20
734116,289678,34
620721,469478,64
519480,905870,36
960546,910833,56
373419,54604,41
738185,679185,89
62515,703049,21
147872,298307,84
652641,950663,67
798877,726768,12
797272,757006,44
877,749458,21
142467,456128,96
158870,144118,90
198166,578048,6
262439,816993,17
211296,262706,84
303553,826803,17
80918,995480,5
38856,61991,54
886260,384177,85
878193,805173,8
552123,546478,25
661416,429349,60
70307,653648,20
867563,147931,83
276431,982328,75
992620,975064,76
910565,878461,56
299051,155462,14
855666,191216,23
778769,778219,44
531144,951395,36
106273,133201,90
724716,315212,10
783906,112714,74
388918,560963,52
118351,131094,90
307633,391025,94
972295,362264,42
572794,950236,7
623231,648020,31
279591,90301,48
695420,924677,67
50868,946144,5
852697,289010,23
400909,80236,4
530029,204595,38
643897,991945,7
635015,706284,31
524445,355800,18
935745,66799,40
706374,31804,39
533796,520799,25
82208,676299,21
571091,326879,18
865268,569972,93
528058,71215,45
920139,790929,65
158460,238967,84
328451,291513,24
461594,12795,3
53913,127132,46
715913,363008,10
81680,797025,82
609695,153873,28
155147,557809,6
105515,401647,49
496317,601726,1
223149,476486,96
313600,684492,37
261321,23603,0
704468,2967,39
869617,654510,16
357421,181966,14
304023,716323,37
247474,297020,58
18694,198242,46
854263,603400,93
354462,453708,62
485042,102231,69
204190,834839,70
143194,670626,27
211759,36388,0
579307,413969,64
580153,643850,55
191942,973849,33
485855,766610,15
421559,146677,4
213175,833880,70
32496,160666,46
321940,860071,17
229585,644525,57
532006,441206,47
351081,627161,37
706811,373462,10
792106,938575,61
635511,40397,45
958132,328878,42
453627,111506,4
88874,714540,21
278036,960261,75
114466,834568,82
599713,380786,18
876038,582052,93
551135,942734,36
533879,915443,36
852979,33504,51
107299,383051,49
954353,826492,65
862874,332142,78
324810,94134,48
117129,601714,20
9403,47954,54
976646,490739,95
855300,29265,51
868955,528684,9
605477,256829,66
532183,401428,47
809455,517412,9
156759,655040,27
257865,953078,75
389425,75051,4
395014,4161,41
943949,951123,76
540244,882994,97
490063,489846,25
853324,820063,8
807105,23307,51
726443,340516,10
59592,568899,20
493927,439828,47
199522,382241,94
334170,403013,62
454290,259457,59
698145,735922,77
653799,408136,60
550104,609306,55
612202,294927,66
849252,392747,85
906256,460424,95
359263,149555,14
575668,256528,38
473022,86728,3
639055,605884,19
95315,963017,5
441829,828476,43
210282,219793,98
64572,275847,71
170088,674576,27
602810,435517,64
749460,189825,74
391284,326675,24
436066,972719,29
500085,929411,36
627395,633848,31
89419,874624,82
815270,252227,23
191321,535210,6
277861,11183,0
965902,926296,76
267552,759755,26
208160,559082,6
500578,226161,38
99681,347117,49
11571,488539,81
886615,343965,85
35402,13630,54
86233,330534,49
300764,951641,75
231067,545989,6
442515,363441,87
363177,924358,29
689359,63612,39
137490,805585,70
475549,556927,25
286379,178252,98
886004,80731,83
852316,884684,8
897333,489478,95
668426,241454,28
122766,335452,49
958337,778092,65
393004,222288,80
999065,293110,68
313757,322385,24
335890,308660,24
648733,265871,66
501287,136494,69
67971,394146,11
413985,858545,43
574512,828858,97
617691,549257,19
363827,845602,17
43521,465627,81
794882,584894,93
320437,590267,52
624615,913405,7
610102,986747,7
273387,829194,17
272392,100408,79
565614,280269,38
495129,637973,55
423944,241261,73
880285,966749,63
162141,111135,72
861009,993474,63
320478,283182,24
454226,186211,73
658182,66879,39
43908,971335,5
238965,286995,58
535849,20202,45
543046,985857,36
300322,520581,52
416603,848618,43
728755,199191,34
805350,531708,9
429340,919234,29
579723,418029,64
824434,270447,23
413154,890393,29
849434,452043,9
501490,558449,25
861232,731590,16
845767,808828,8
975387,334584,42
353307,33966,41
877491,992951,63
541546,767769,15
897056,829431,8
254770,920065,75
533365,272047,38
308981,49304,48
653504,442657,60
742728,34613,39
742753,457315,22
98691,700767,27
792316,459259,22
777969,338981,78
261327,137860,79
24637,85065,54
702893,523409,35
942582,986318,76
50024,764552,82
829061,43849,51
978310,461329,95
572504,89810,45
447585,563567,1
870862,587316,93
34016,712580,21
338022,140635,14
654145,226822,28
212531,9409,0
143084,818460,70
873430,747653,16
815036,317864,78
355994,206110,80
104642,724333,27
869180,315457,78
901194,380762,85
481214,763715,15
773841,960878,61
492286,862411,97
546181,666267,55
962217,995837,76
41548,309354,71
323093,238310,80
292246,778781,17
973001,243616,68
456654,990756,36
644206,180946,28
161621,368979,49
441662,25713,3
160668,353019,49
196628,738319,26
944198,150706,92
928135,165252,92
398952,192838,73
38952,678856,21
540988,398900,18
326248,254285,80
768345,587831,35
681003,632423,89
145065,114841,90
134702,940715,33
597889,728435,86
814962,68619,51
294251,484582,62
370584,417897,87
603858,53817,45
515088,88463,69
801163,162107,74
532532,272332,38
92004,316225,49
801320,801581,44
177734,189664,90
683596,198111,28
662746,786578,86
18957,619718,20
601523,807753,86
911892,173415,92
601521,769983,86
110526,622131,20
155984,635295,27
413493,584813,1
954861,350841,42
585577,803787,86
251449,112080,79
740572,797936,44
918316,145153,92
589125,434005,64
337678,357840,24
224015,32727,0
51154,756426,21
265735,210164,98
238242,143530,79
319926,1836,41
870503,545383,93
256183,670661,57
812127,431654,22
819177,924239,63
687702,221992,28
31496,365145,11
992443,993350,76
249425,95995,79
395840,895051,29
127981,992197,33
862342,395634,85
427570,179407,73
298593,462743,62
338331,341108,24
15148,606920,20
510841,716092,15
362174,72087,41
579359,302700,66
485224,161817,69
666322,890260,88
615217,965049,7
583347,329338,66
199666,795792,70
878042,261509,23
192523,749501,26
864739,683983,16
707240,588843,89
688205,664477,89
868935,205119,23
438702,265993,59
559778,205532,38
379815,551844,52
852769,503733,9
249469,826688,17
158355,474747,96
80248,739783,21
548855,622138,55
274131,329745,94
31437,367204,11
609077,758717,86
771104,945553,61
909992,236037,23
87934,907489,5
171181,45733,99
645968,788124,86
8780,569659,20
266679,83145,48
419425,277292,59
457135,79489,3
973621,660357,30
621917,562491,19
796794,718596,12
459440,812268,43
802520,955953,61
711307,948116,67
999523,994688,76
731868,517718,35
291460,572471,52
530835,755680,15
720245,161140,53
285686,531010,52
692001,462214,60
432737,18131,3
741444,456405,22
802459,933806,61
481562,626222,1
916344,995180,76
5256,349706,11
522843,423980,47
834547,233853,23
383804,594042,1
64335,281088,71
257650,339205,94
26523,783896,82
944697,535683,2
225906,817319,70
684041,691821,31
437205,104553,4
227023,585704,57
927636,792555,65
483970,85522,3
375920,91669,4
689699,786206,77
778954,883542,13
700110,764320,77
929667,919360,76
693790,536900,35
689671,302732,10
32091,364763,11
588211,68229,45
725931,738193,77
825905,1430,51
36024,461895,81
85707,480507,81
896083,475724,95
496488,484992,25
270452,499604,62
856801,265823,23
701401,448395,60
181621,516063,6
471253,353866,59
426556,139335,4
807829,196520,74
917499,414711,85
61287,57642,54
801934,106334,74
168787,804843,70
11445,369362,11
873568,68453,51
504581,497687,25
631514,871624,88
385919,146647,14
696861,154459,53
993785,552813,2
134521,903590,33
649209,260288,66
668817,816167,88
335527,209680,80
91962,616759,20
874581,87120,83
239494,183354,98
644236,679626,31
486406,28899,3
710768,888546,13
802102,941875,61
98658,146707,90
706142,136080,53
100530,615176,20
264690,661300,57
475871,975311,36
54017,877335,5
379938,625605,37
552031,1560,45
233574,694353,26
992915,933750,76
543142,587734,55
60186,551112,20
549654,48470,45
638135,150104,28
799005,882166,13
567202,973949,7
164509,912175,33
940300,637523,30
859625,732878,16
491094,817193,43
570139,335243,18
439680,703920,32
796198,709476,12
176797,432529,96
524753,534328,25
464790,729573,32
949714,859153,56
791328,861322,13
251471,484224,62
362398,831006,17
732089,227292,34
98435,405506,49
354965,901937,29
871217,556512,93
299646,158634,14
169590,310911,84
482435,296743,59
368680,416030,87
218897,3468,0
298655,510029,52
67452,667298,21
282552,854794,17
534360,991410,36
644262,120634,53
509230,633199,55
187052,789607,70
933293,858954,56
446588,819879,43
716135,94644,53
693680,681464,31
368547,170973,14
552065,571954,25
839112,965840,63
873180,542780,93
507600,246409,38
399616,352466,87
902603,63379,40
222748,735494,26
448992,219589,73
646993,12210,39
216018,628218,57
469413,432828,47
541675,939586,36
633266,306340,66
666378,828446,88
707571,153047,53
267912,801923,17
932127,269160,68
785977,918159,61
503424,61040,3
902341,654848,30
38989,302344,71
498881,696893,15
689007,156253,53
151924,397182,49
438673,780594,43
454620,807844,43
439983,795013,43
785074,749591,44
380864,184302,14
570255,292399,66
357436,438052,62
351988,878070,17
738440,973795,67
582230,545129,19
986663,861096,56
440710,25186,3
308152,119321,48
438219,152999,73
463220,349622,59
104110,779896,82
724160,972539,67
470074,548581,25
4486,400673,11
122386,949800,33
303924,61633,48
870615,441775,85
914552,885072,56
408293,195417,73
381698,211104,80
39517,175498,46
597726,986537,7
734726,544436,35
348383,277859,24
990287,760008,65
460086,671700,32
271231,587133,57
949957,931784,76
504758,469649,47
396571,169858,14
811065,579080,93
601400,735886,86
44774,532076,81
610747,831990,86
264089,547925,52
978352,177074,92
97843,463341,81
378099,725730,37
345329,958603,29
248968,406783,94
807434,556127,93
839620,500620,9
935755,236319,68
814865,443082,22
895654,259162,23
738184,662687,89
780858,887030,13
313394,224970,80
86677,780612,82
752053,769944,44
464647,334626,59
71165,74508,50
264458,759002,26
550863,361216,18
970389,337856,42
359002,756559,37
494418,699943,15
943422,106997,40
315055,133490,14
577684,135346,69
776487,427867,22
164726,554262,6
496929,885865,97
743667,827247,44
557002,546839,25
733646,389960,10
60428,614203,20
918520,573909,2
688724,392475,60
336424,282852,24
900423,420224,85
720208,549713,35
27525,620819,20
109094,554558,6
465264,704534,32
114303,103995,50
854656,217504,23
596911,289522,66
4781,358404,11
707352,475225,35
109743,459680,81
851583,559585,93
952423,382795,42
643621,338934,66
473830,674079,32
261513,250141,58
130697,631121,27
266254,939642,75
566372,30669,45
466522,849075,43
414219,780996,43
209325,126657,72
725409,964372,67
204667,854535,70
177780,955489,33
919241,690099,30
495455,126293,69
613258,29503,45
871798,319657,78
481145,618702,1
532360,391031,18
60686,950043,5
379302,944826,29
696410,573070,35
601486,188413,28
669027,346244,10
323331,234650,80
775316,746426,44
196615,514219,6
491173,147911,69
940257,908176,56
721611,117297,53
426649,705571,32
544606,200413,38
357850,392564,87
830532,767373,44
245667,940960,75
715201,391097,10
174073,647322,27
548043,971243,36
696372,925877,67
215634,161900,79
55018,692313,21
712377,927157,67
736419,9442,39
702278,193423,53
873701,299579,23
34149,951728,5
693823,90131,53
832839,531748,9
92617,615242,20
375174,558060,52
315037,842529,17
397334,996283,29
540533,740281,15
919056,576565,2
343349,683385,37
665875,370513,10
214538,748167,26
446293,846754,43
396340,293551,24
723051,330260,10
694860,516403,35
187296,898200,33
62859,473736,81
89044,570969,20
282264,12729,0
946365,557043,2
228743,489589,96
526077,787772,15
90832,613466,20
524275,492640,25
809019,193754,74
435362,129505,4
599866,953626,7
608512,275670,66
195504,844361,70
176793,362577,49
840003,933959,63
49911,856005,82
892507,374373,85
98489,310047,49
966367,742655,65
818864,662743,12
726565,387198,10
638107,672312,31
548576,932851,36
435298,66872,3
925143,885400,56
928200,271243,68
793021,314549,78
640995,213778,28
977363,555885,2
772577,705172,12
829628,567413,93
525039,331274,18
737436,99259,53
247223,87075,79
474772,494537,25
692599,516586,35
266871,307844,58
934273,338196,42
70992,164320,46
727164,453575,22
251208,60588,0
310708,79585,48
587223,463827,64
549220,753440,15
81967,628838,20
883188,745269,16
738993,263774,34
252134,618627,57
279758,899576,75
184474,455079,96
515722,746013,15
252630,954000,75
891029,525111,9
545027,275310,38
150651,2932,99
294089,760183,26
408843,427214,87
199685,114638,72
727531,622335,89
598898,686753,31
261990,281647,58
655805,124417,53
76785,539114,81
891933,733319,16
906484,293005,68
545655,831439,97
3921,905456,5
5526,882332,5
369770,735118,37
141150,313866,49
158647,389433,49
207380,435936,96
778949,800379,44
979574,702166,30
313365,734695,37
33476,640808,20
73189,99124,50
985379,271688,68
269841,230461,98
362685,654859,37
231651,368074,94
235097,287191,58
820091,274543,78
249241,9917,0
678295,115614,53
125262,280675,84
313908,856657,17
850144,379250,85
65252,690552,21
113330,747760,27
609669,721912,31
190006,433261,96
828784,379513,85
481946,68224,3
642831,69959,45
808594,54329,51
113497,553255,6
565972,294944,66
126846,906555,33
471429,321953,59
80407,412935,11
201160,909171,33
437240,709054,32
74241,785185,82
605176,201206,28
672562,764634,77
207786,266759,84
434289,103170,4
980116,815910,65
15355,87549,54
442900,826637,43
293995,178349,98
517254,501914,25
669621,331681,10
572627,152685,69
177783,14391,99
872634,375753,85
296348,732522,26
500094,87285,69
7657,704407,21
979880,855337,56
659977,236226,28
250389,302308,58
902957,15090,40
632960,159258,28
656166,187857,28
320460,984458,75
788390,486668,9
441296,874194,43
590725,325379,66
651586,222481,28
242704,129406,79
939541,869561,56
717435,943433,67
289923,747777,26
896686,607217,93
503987,509549,25
1682,269753,71
749156,73985,39
479922,62532,3
980282,610942,2
105635,416264,49
164514,990134,33
188208,222138,84
473590,627330,1
543549,428615,47
741584,806742,44
915616,768114,65
702680,955289,67
549590,963876,36
868379,853343,8
146423,932871,33
765242,436944,22
734316,657662,89
329395,152620,14
99952,893283,33
418872,996885,29
657946,111299,53
609638,196207,28
665238,668164,31
840772,871409,8
774441,34308,51
620934,51083,45
552081,836282,97
396369,779991,43
322735,223456,80
635159,131277,53
376563,909277,29
220471,462544,96
991298,759093,65
87453,832851,82
741322,411507,22
214559,108407,72
999143,604129,2
603262,36722,45
195439,746900,26
158912,850667,70
166604,115325,72
279049,977652,75
408719,356568,87
852463,347729,78
286178,796032,17
910094,951507,76
987254,793666,65
152247,829269,70
528978,544597,25
44935,228151,71
537233,287012,38
813435,402472,22
352614,388736,87
488699,565002,25
995051,822396,65
13678,886824,5
857035,191593,23
108236,122851,90
756995,824486,44
150788,309716,49
399455,650874,1
241976,906605,75
325059,280044,24
708504,841474,88
656512,6583,39
640576,162587,28
612522,674038,31
560270,464324,64
893828,579301,93
321782,196547,14
368760,752038,37
508559,365599,18
628076,74059,45
714313,465553,60
562909,827049,97
219854,97050,72
135472,891008,33
175929,855071,70
188255,16365,99
59868,211032,46
817586,180635,74
938772,941440,76
785949,446675,22
272453,129615,79
442444,158165,73
280727,193529,98
651742,843516,88
984877,840599,56
951422,551836,2
711018,91314,53
725873,755499,77
678151,685964,31
8159,142032,46
132353,464406,96
284504,660414,57
587088,197138,28
311943,828816,17
913459,516004,95
485725,589431,1
581964,80122,45
626225,979941,7
871247,54104,51
340678,789414,17
686328,119098,53
688543,346397,10
908514,402216,85
58528,682053,21
272175,455770,62
127667,704592,27
91144,861484,82
977341,175070,92
406881,461404,91
831509,179175,74
408950,234339,73
538043,894743,97
960292,642988,30
712940,382726,10
482845,180348,73
114864,521113,6
355929,99462,4
661398,131774,53
740526,28087,39
72247,272030,71
10248,251930,71
198355,767121,70
17276,362470,11
49752,191072,46
354880,472929,62
518018,336337,18
830708,721522,16
630718,481481,64
252647,245298,98
727503,155203,53
502937,871887,97
811566,3548,51
638851,172409,28
678430,374539,10
877053,644820,93
501485,464392,47
40094,866828,82
788481,12168,51
523886,952386,36
757139,249761,34
738267,64984,39
195586,226239,84
409432,327501,24
317846,46767,48
16563,382757,11
998970,702863,30
19046,121363,46
756934,800922,44
112704,223258,84
300602,220496,98
883752,223518,23
681928,178903,53
832802,905771,63
305708,34757,48
161672,236110,84
302437,72991,48
760684,831855,44
998637,93618,40
439369,475287,91
162233,661430,27
655312,829326,88
490510,14172,3
203609,66059,72
254487,174726,98
620893,363857,66
350442,888545,29
786935,21641,51
735543,282751,34
203236,793177,70
928064,975354,76
788256,226468,34
248845,346382,94
643177,876585,88
771289,66630,51
864525,82475,83
174043,154096,90
905097,968233,76
106408,401808,49
188752,363141,49
321696,753521,17
431382,242732,73
597235,742365,86
933300,987721,76
637817,794245,86
886756,714001,16
229172,706534,26
729733,634738,89
54282,331635,11
796682,838679,44
688114,147061,53
664881,667225,31
57874,690168,21
657937,960117,67
694185,168199,53
920640,203439,92
206170,110557,72
144705,65636,99
158263,941452,33
986022,78691,40
566910,61587,45
104101,630804,20
929296,691151,30
185061,332708,49
831986,200734,23
749530,353269,10
404256,347057,87
988728,551931,2
315847,440924,62
619610,799650,86
731251,142957,53
694893,67684,39
577555,981491,7
919501,65172,40
355170,346690,24
834055,972260,63
779262,59879,51
398575,857604,43
750971,571883,35
642750,704931,31
776813,907664,13
109388,488309,81
18447,55251,54
616118,103227,45
944677,190610,92
593289,423058,64
341075,451556,62
307720,860379,17
402792,727874,32
383161,802457,43
896709,992447,76
56994,914718,5
678475,138713,53
358225,704085,37
559016,390220,18
434006,350200,87
818301,192531,74
872938,478734,9
91124,537121,81
393711,112491,4
652164,923250,7
68032,415056,11
860760,794799,8
190971,651142,57
748752,284219,34
871819,665261,16
58332,394125,11
63536,859468,82
79395,393250,11
366335,994811,29
800002,641310,12
509060,787132,15
338856,158585,14
354169,520302,52
719521,998148,67
882981,277365,23
687378,767482,77
85428,791894,82
369500,194908,14
834106,821170,8
420066,57967,3
261084,54311,0
815993,407314,22
740859,627479,89
45850,611005,20
164433,637471,27
986132,931881,76
136689,334619,49
951539,519416,95
837109,291735,78
203639,570053,6
893430,890659,8
313439,975644,75
665164,420696,60
638107,672288,31
153963,666035,27
59348,468570,81
268265,744266,26
891606,233354,23
988942,164043,92
82746,720882,21
873647,395500,85
183476,691724,27
806534,417166,22
324512,78816,48
677118,332329,10
455914,548574,25
893985,218642,23
730842,268588,34
163299,576881,6
647679,550837,19
928598,956074,76
742461,555660,35
981977,87476,40
214692,338468,94
639572,295846,66
289153,798885,17
863909,733934,16
229066,927139,75
429759,964289,29
818938,905304,63
455037,821781,43
684952,995527,67
822753,18389,51
70937,240041,71
377460,976235,29
587928,315384,66
668721,204499,28
21890,916891,5
187595,925093,33
47259,283392,71
986079,33093,40
205561,863813,70
111738,997105,33
345191,640965,37
700689,491511,35
826568,128578,74
17854,84332,54
369419,833065,17
338204,205871,80
86560,829287,82
829949,961778,63
603205,77624,45
634115,581481,19
961196,824024,65
375197,938742,29
444591,241006,73
598401,327478,66
934315,37459,40
577749,233042,38
740501,607937,89
597629,355913,18
836566,175557,74
593397,223945,28
843815,14220,51
996326,265544,68
6362,929288,5
548836,301922,38
405529,737987,32
361289,195685,14
893968,928245,63
21213,533108,81
950154,248537,68
167070,960353,33
653279,662935,31
962557,711074,30
37491,118308,46
416531,644500,1
113898,297950,49
647953,161163,28
682686,916851,67
527574,948806,36
583622,941817,7
126646,548033,6
791941,165645,74
7945,541111,81
464490,700059,32
900155,921713,63
246499,922173,75
976847,873194,56
777344,826649,44
493520,602720,1
919338,328377,42
37572,477177,81
928073,129776,92
160354,75080,72
874598,376743,85
926882,113907,83
451018,264014,59
290055,961966,75
778481,931340,61
47409,819754,82
620922,850305,88
81664,537346,81
185885,169283,90
143769,340872,49
39713,461281,81
765011,546981,35
112862,877555,33
78375,254308,71
158693,166552,90
252053,266403,58
443798,923218,29
531980,997333,36
185426,471313,96
364579,479593,91
521854,803166,97
823094,744740,16
850538,8553,51
754085,911901,13
331625,637908,37
331571,722943,37
511835,415936,47
642212,663744,31
561657,771752,86
845337,587539,93
768258,126663,74
839033,629980,93
82735,537150,81
892533,804957,8
912979,448058,95
520675,997756,36
296419,916393,75
826693,237557,23
637163,806109,86
279119,153298,79
489103,365647,47
440680,511064,91
459311,650101,1
252403,140406,79
815311,941738,61
801994,119700,74
813133,337567,78
489177,604029,1
927973,452405,95
586986,475611,64
602374,104119,45
937191,370627,42
128304,420426,96
104518,646213,20
903370,945466,63
448965,761747,32
686386,100861,53
183301,744829,26
357013,322779,24
955738,99845,40
98853,434807,81
808612,355699,78
239105,647397,57
806602,562955,93
588234,453591,64
515082,988653,36
299751,927433,75
367399,891753,29
705501,356234,10
239586,734517,26
39232,387669,11
566603,897052,97
764621,990346,61
752391,451622,22
426554,107959,4
472837,974783,36
189120,550857,6
253909,455776,62
233284,807043,70
984967,345015,42
671210,29289,39
273977,740758,26
936506,859806,56
769486,758280,44
415389,445375,91
425057,947097,29
873878,269749,23
677052,216343,28
88089,518866,81
595724,339958,66
683586,35628,39
806727,664484,12
983568,839102,56
789856,114476,74
1505,300734,71
442308,883352,43
507226,950580,36
404398,718290,32
307779,852450,17
132817,258515,84
873884,377471,85
163168,367998,49
948505,527122,2
349965,862056,17
577549,871358,97
919746,187078,92
230513,246126,98
640385,960420,7
794966,856,51
400143,216369,73
523783,227532,38
144010,392802,49
835693,493531,9
780511,63272,51
414481,192619,73
350510,23909,41
842323,930127,63
651531,293115,66
393437,508606,91
153675,825653,70
751977,489347,35
462525,658177,1
984679,502519,95
848636,36629,51
632701,807515,86
910598,426925,85
335706,220836,80
598261,986447,7
219588,617878,57
691638,364220,10
449727,575290,1
904654,535703,95
562839,650636,55
248767,38650,0
599542,516483,19
544796,390629,18
317204,256418,80
631908,479756,64
265035,455599,62
266550,909230,75
431088,298157,59
127291,389487,49
118353,171400,90
727242,758435,77
20474,113536,46
212603,230009,98
776523,24510,51
948005,126000,92
689736,396209,60
97237,273565,71
808693,708338,12
46568,670837,21
767552,257364,34
523366,221656,38
382963,465770,91
207650,974987,33
618400,463487,64
837935,184081,74
853701,153717,83
524453,498005,25
977355,415504,42
379271,412508,87
22212,321476,71
54113,491993,81
941010,559627,2
660749,210311,28
703306,469124,60
572652,575238,19
34503,901341,5
851907,11669,51
121777,718396,27
85022,979533,5
11802,365073,11
789225,505339,9
242796,683363,26
293528,328704,58
535729,9490,45
512205,644505,55
201679,625781,57
517247,381043,18
200021,763085,26
179990,95470,72
572110,457338,64
485947,322062,59
899263,926437,63
633644,658480,31
75982,42916,50
290094,624249,57
769189,764915,44
938873,648919,30
385188,859818,43
971735,957801,76
768125,882084,13
196007,290390,84
600850,491762,64
54771,550160,20
548775,276753,38
402198,752438,32
239159,548024,6
649110,601012,19
210815,176204,98
462408,694909,32
335910,640631,37
87093,776822,82
63933,524404,81
659777,885632,88
818681,574191,93
443079,836478,43
701945,606343,89
809039,527776,9
336622,609051,52
328846,926552,75
567626,92846,45
462755,535665,25
934899,847742,56
11346,703965,21
553016,545128,25
967058,358936,42
649378,106605,53
726222,626559,89
591455,596883,19
825724,943918,63
431406,641884,1
155968,369402,49
548679,649596,55
775279,116717,74
666181,509995,19
501558,695988,15
484125,698355,32
266491,928484,75
36242,128416,46
303309,728665,26
685837,869408,88
152977,87930,72
849605,317700,78
588770,469592,64
441636,586638,1
627677,383233,60
6927,430766,11
895927,853647,8
259789,278292,58
258104,959287,75
741646,861008,13
976443,94251,40
86001,431539,81
884702,202992,23
697794,834284,88
822356,347223,78
786475,285823,34
839609,314134,78
653339,672701,31
99521,665349,27
536162,280046,38
749710,387928,22
918533,799527,65
660081,982703,67
302427,896772,75
55847,622421,20
32266,306500,71
354329,218709,80
844268,623556,93
110067,896549,33
311477,998439,75
777968,323884,78
524934,575194,25
288533,377064,94
330622,774344,17
412543,623551,1
27428,989044,5
874880,111696,83
288709,333835,94
780831,442648,22
597783,954776,7
932186,256872,68
249454,576636,57
526023,884703,97
208533,826548,70
802852,546649,9
546427,809578,97
593412,475828,64
255989,415909,94
192172,846313,70
988814,13216,40
130884,777447,70
561692,368849,18
257808,984385,75
562773,537507,25
892235,804885,8
708579,97841,53
417643,328954,59
746253,287209,34
130704,746279,27
713269,916352,67
144414,167801,90
231990,63558,0
229663,948312,75
280595,976225,75
417908,788474,43
898702,489033,95
186425,247527,84
190353,267984,84
12138,14921,54
786947,231826,34
314382,819284,17
711179,790105,77
295972,405567,62
379092,410743,87
361258,678175,37
89265,281920,71
239890,832301,70
492917,470334,47
916532,164813,92
20227,971563,5
74371,958528,5
991254,21153,40
520947,562627,25
79033,321459,71
771840,318588,78
523854,425319,47
344797,9338,41
945133,855381,56
389183,6560,41
265074,111050,79
424769,99358,4
920986,21523,40
740187,329050,10
359526,566092,52
322584,673922,37
622218,630308,31
592288,588483,19
638014,114277,53
663402,803335,88
660286,429084,60
625125,478427,64
934690,339251,42
804762,638473,12
826726,787501,44
534460,680889,55
706589,641537,89
313208,96739,48
906605,310909,68
459723,574082,1
602035,413347,64
128374,583909,6
775179,444621,22
749282,188514,74
359523,508482,52
72925,663146,21
498597,930673,36
833717,293063,78
514833,813434,97
388995,844543,43
236371,693171,26
139819,947332,33
811567,8635,51
138413,315868,49
801015,673243,12
200525,223821,84
763551,7056,39
590476,143178,28
409123,139643,4
995757,702449,30
62265,496860,81
742088,285157,34
643041,592123,19
811695,162319,74
101568,55246,50
520268,159936,69
46296,102444,46
792933,829903,44
185660,395368,96
964638,676483,30
652849,435565,60
550568,397819,18
152064,754179,27
490488,635032,1
987000,521830,2
407496,798676,43
362071,334469,24
428098,53461,3
524284,646999,55
128815,997524,33
391913,897729,29
131898,814592,70
857323,38682,51
143491,655835,27
625899,492098,64
705739,357787,10
326824,935308,75
723834,481253,35
427939,385921,87
184573,128983,72
817850,612324,93
342845,210738,80
881800,427627,85
130671,190591,90
267235,427266,62
67747,628410,20
691842,801718,88
477036,544904,25
215598,561719,6
816658,586970,93
209710,606022,57
413297,298958,59
603735,989949,7
79590,675763,21
550824,712230,15
462383,277724,59
714113,98931,53
741811,619232,89
444505,811136,43
776045,990718,61
13863,995951,5
953366,228704,68
835594,833887,8
140233,909858,33
984806,637788,30
303375,836684,17
148193,692898,27
545404,609567,55
996409,659240,30
861061,858248,8
588379,893258,7
553,302109,71
553475,261748,38
200798,827698,70
130502,349047,49
447881,536121,91
588399,229221,38
523185,171775,69
27688,360948,11
461790,311938,59
756203,505861,35
9825,129801,46
575003,78633,45
600173,119382,45
467887,790558,43
921829,195578,92
92933,926286,5
102048,130149,90
422412,484742,91
71809,896248,5
247182,394950,94
930477,537869,2
968182,245945,68
611228,917209,7
533037,760546,15
504739,158097,69
140300,33192,99
866613,180893,83
274111,983804,75
798125,100753,74
355945,381289,87
337149,479427,62
731777,976307,67
792547,348660,78
928703,715504,30
489538,676932,55
200834,424584,96
991452,344550,42
858842,562249,93
729703,133921,53
819681,391462,22
316090,530390,52
270822,715025,26
432784,810919,43
124769,8727,99
684872,656654,89
390260,104710,4
875568,683202,16
591536,959650,7
843084,720645,16
885627,737099,16
424288,13200,3
867503,136263,83
175784,415960,96
41967,350887,11
370304,703190,37
530290,584858,25
713165,178672,53
940850,873719,56
601849,286603,66
940481,679218,30
626374,474533,64
488915,205711,73
401028,84201,4
175296,214159,84
386127,641387,37
791552,621400,12
871793,238403,23
855829,924247,63
826691,201572,23
826413,532837,9
405812,489540,91
714764,54502,39
20711,106190,46
741376,307548,10
975924,361745,42
852747,125140,83
240505,174832,98
416873,392404,87
148569,3519,99
147042,337802,49
439983,800248,43
783854,249551,34
217802,605584,57
53951,765247,82
517932,887348,97
661536,440960,60
227993,889612,75
710972,310963,10
356093,860033,17
590797,530256,19
25609,417438,11
889163,178373,83
925235,435272,95
619462,304408,66
195946,276109,84
566582,553216,19
914974,981726,76
876146,388581,85
892621,296835,23
909231,445786,95
326123,154086,14
734435,655225,89
376752,77031,4
666373,739124,77
466795,429505,47
693956,329443,10
950934,348955,42
902963,108279,83
853403,151829,83
803287,847353,13
467492,144703,69
30574,868973,82
829608,233431,23
281467,629755,57
301707,790169,17
382906,505122,91
601844,199714,28
607957,948931,7
692609,692664,31
604029,916382,7
644941,535503,19
214766,574095,57
825564,264114,23
971981,90327,40
140247,137941,90
390566,243692,80
744170,272283,34
275760,714148,26
699847,344722,10
751476,60285,39
212392,681330,26
123396,925688,33
53287,608609,20
901716,144058,83
184126,621452,57
747658,895350,13
158646,377811,49
873764,362032,85
683503,641032,89
825182,840911,8
199260,979533,33
14526,140223,46
739877,115585,53
645795,881160,88
665054,573625,19
930878,282618,68
970928,401402,42
377619,656876,37
121896,716710,27
760007,442054,22
608636,356569,66
857229,454242,9
449819,113962,4
365341,297652,24
637426,222279,28
843758,57242,51
81743,869167,82
102831,282566,71
95369,874429,82
543409,90667,45
852745,95658,83
737657,809584,44
681826,458221,60
329314,786449,17
863653,428241,85
451844,147923,73
142381,3093,99
984662,215605,92
673323,545517,19
518864,560591,25
866827,771295,16
155186,214598,84
756696,800286,44
415388,428290,87
278066,460679,62
640640,238870,28
689148,517946,35
126412,614812,20
161132,154923,90
797646,38277,51
335809,957734,75
648046,719996,31
984715,118110,92
84900,928852,5
217477,147341,79
364358,768258,17
118876,958933,33
802684,725854,12
433749,28142,3
995563,442586,95
548134,501244,25
413189,477128,91
105874,427443,96
43231,585471,20
12472,619423,20
654726,981077,67
967103,101831,40
479304,674999,32
714045,958269,67
635340,165944,28
22378,117352,46
350474,426084,62
196838,261986,84
202554,334918,94
977030,958552,76
393412,90396,4
300428,299656,58
323528,539249,52
159444,782065,70
169668,619777,57
599049,219616,28
99443,343280,49
515300,650995,55
276175,682348,26
237983,787733,26
437784,837347,43
304980,808332,17
645195,801329,86
938495,299800,68
749170,309003,10
428162,134752,4
785094,78314,51
231041,119045,79
793097,581905,93
81180,406022,11
27826,685708,21
709456,828054,88
108689,751596,27
84450,356691,49
908231,641616,30
647369,343484,66
945879,398898,42
290685,546575,52
297761,481631,62
786677,681881,12
374329,353567,87
411834,696195,32
964449,500440,95
908429,972949,76
364581,526903,52
667783,437339,60
363141,322690,24
458820,393258,47
491298,258674,59
550181,907967,97
203540,908460,33
500243,591520,1
679881,761771,77
97192,519361,81
