x,y,cluster_id
242578,13469,16
383138,414652,42
67768,993126,73
484308,765337,44
31833,30935,99
932640,887879,59
591329,478778,52
833354,186335,57
735652,115053,49
698658,355604,54
638300,908210,23
294000,264971,25
377493,541620,14
9281,999465,73
12901,842497,37
852470,467010,17
53607,976747,73
196754,856972,46
144213,800662,37
729397,985790,67
183405,499760,1
469862,970991,43
450770,95791,77
974081,390235,2
680670,26669,24
231241,468739,29
97960,415410,7
796294,316402,3
778534,828493,63
487140,369048,53
602845,24264,15
811111,355792,65
806109,274877,82
859817,951019,71
777276,680837,20
835185,961129,71
705424,73751,49
536857,957185,21
418065,418776,83
381617,836927,81
240062,726211,96
431612,116690,39
223913,309587,51
244801,377033,51
807539,314736,3
775229,283334,93
996348,632867,35
600910,509480,52
834128,199442,57
35980,730005,6
197911,293197,40
770346,214750,93
309220,60662,16
557590,416916,53
115944,685545,47
959950,893088,59
136133,997800,8
27973,148064,84
522975,641339,0
989146,578132,35
680530,674978,97
362046,914709,81
530369,917610,28
283108,208988,25
471815,806578,34
161689,514298,1
813117,64168,5
479624,43309,77
902915,294501,58
685730,66033,24
821219,242774,82
310257,492554,29
356179,307990,62
396981,70916,39
886516,684032,33
528226,902819,28
686503,63316,24
152140,23765,75
418942,174793,79
752751,490316,98
747743,329274,3
117577,118127,36
374985,376969,42
728744,14480,89
382012,490499,14
827576,79664,5
923967,118042,90
938251,195973,90
726117,857863,63
103637,838910,37
565110,810400,78
406969,934977,81
160874,816054,37
431739,248100,79
830522,596218,4
645779,608168,92
495466,304382,86
755627,828610,63
455550,438144,83
897430,118944,90
98993,780745,37
997533,539816,35
698849,561277,98
384785,92576,39
929386,192648,90
841254,969376,71
318446,127999,39
288386,909935,13
279052,41813,16
755507,809000,63
866244,973541,71
313587,467795,29
243042,823442,96
599615,743697,78
327666,83176,39
951140,823081,59
527120,310801,19
646964,528517,11
786098,952490,67
515310,819254,44
207082,441170,29
757169,750570,48
841330,249551,82
217528,1761,75
607765,712493,97
871078,223776,88
14974,680695,6
452619,175360,41
288399,131390,50
272306,650010,55
719640,990750,67
535380,148002,41
469616,838895,28
313226,398227,42
5279,739131,6
580105,833601,78
347811,666053,31
354997,440055,42
14917,711650,6
706767,635577,87
146365,957588,8
183773,679719,47
48126,868372,73
730391,687771,87
373259,371670,62
663645,885499,23
586741,364693,69
406085,74556,77
75646,387667,66
531298,530090,9
229012,19601,75
439383,726733,34
208291,749221,96
166750,575130,1
211249,463602,29
769233,500985,22
67848,329471,66
430095,618497,64
83209,503956,45
994746,709053,94
62870,660778,27
710643,782564,48
561766,616936,0
851959,876326,71
416611,994392,43
751597,103922,89
622708,854272,23
763144,172256,76
113940,992884,8
414314,380142,62
62500,450930,45
789565,228458,82
697292,386877,54
247648,231501,40
849283,902588,71
803927,613533,4
663457,738469,48
452902,931007,43
436138,171789,41
273068,465220,29
955457,369525,2
607397,533230,11
999677,575269,35
555215,505000,52
540809,380896,53
724384,729940,48
104473,885740,37
639572,287519,60
332946,834822,91
860169,869593,71
256492,871667,46
117700,192914,36
305697,859094,91
796018,674653,20
900226,112347,90
221747,915444,46
880066,285789,88
257319,771158,96
861762,644236,33
684291,882927,23
369671,66247,39
417820,301777,62
980466,702029,94
7364,783108,6
703318,672688,87
870522,869668,71
524434,177186,41
980344,642136,35
393063,217912,79
447246,868568,81
31640,773725,6
9819,42467,99
744825,278843,93
523351,969780,43
102327,819686,37
470454,926986,43
854907,426604,17
934752,387852,2
632230,906357,23
147351,540271,1
343122,859703,91
37949,811880,37
271485,855588,91
870383,540877,12
534808,524330,9
423039,21274,77
554457,763045,44
498689,467937,83
617602,46054,15
32396,486973,45
571333,395104,69
522923,772502,44
453133,808894,34
94785,52884,99
826935,303685,82
42690,506413,45
285958,109358,50
982686,19644,18
173411,524345,1
675854,86444,49
873180,538256,12
478759,506532,9
299840,413003,42
344194,871591,81
838942,102171,57
196498,555389,1
424329,714240,34
233338,727393,96
302701,508484,32
92123,325340,70
998452,999447,80
711751,399947,54
915277,68584,18
703078,646216,87
966967,821532,59
497813,752719,44
952957,363209,2
467852,199519,41
319607,637251,31
293620,877284,91
523256,367777,53
237859,699470,55
999000,202858,26
442180,722977,34
79262,168652,84
539282,715609,61
251904,750679,96
674102,637241,92
116274,231005,70
506655,355788,53
732259,84308,89
967997,128374,90
585623,581955,11
922186,193661,90
864539,311585,58
811253,744298,10
429059,196341,79
917628,585903,35
274474,86126,50
521532,393337,53
826258,922274,71
661199,778269,48
376760,214791,79
994520,904005,59
626417,198418,38
813554,408777,65
327680,324291,62
367317,511847,14
620384,803852,78
341576,879053,81
250295,716161,55
534048,751257,44
386673,821553,81
854750,796623,95
844887,19776,5
383249,271130,79
883418,620394,33
964801,416189,2
902504,390258,17
74399,429715,7
223790,239575,40
552139,814155,44
516846,642578,0
822119,358702,65
709654,167894,76
807477,278000,82
359047,513118,14
989323,555229,35
734375,650304,87
661679,842450,23
72134,360306,66
669352,806694,48
106581,312340,70
513709,915202,28
801957,495907,22
725267,570966,98
239062,924139,46
4986,808315,6
353592,834880,91
839796,454535,22
374671,108680,39
592807,314266,19
880309,355704,58
327136,184438,25
855266,459639,17
154120,306519,70
672925,858988,23
25724,353126,66
998767,287106,26
403714,223334,79
576057,802292,78
127505,976868,8
225842,738540,96
646862,809815,78
561670,1315,15
111739,2849,75
893928,255271,88
349886,542663,14
542610,659326,0
304556,687893,31
434005,323590,62
589821,134435,74
462490,70127,77
629891,585425,11
253674,504712,29
696317,16186,24
52367,132880,99
315584,25240,16
210313,743236,96
574919,671006,30
608211,212948,38
31110,873539,73
579454,892040,28
521551,712622,61
41863,596998,27
751981,550487,98
35726,446954,45
959509,480178,56
357800,549171,14
923869,471037,17
731501,345154,3
16405,722120,6
675589,628740,92
237498,636867,55
829868,607283,4
621287,975722,21
973083,621237,35
132736,906385,8
616378,468377,52
14476,303459,66
245720,816957,96
608290,539205,11
424689,751438,34
430810,628092,64
345266,893285,81
456783,165931,41
810127,812538,10
334136,834506,91
549359,88853,15
352562,523797,14
458504,87214,77
817071,518386,22
520241,704018,61
443985,70005,77
588148,7255,15
937220,858295,59
379421,943657,81
52889,905543,73
469229,342547,86
188338,400091,7
335425,498812,14
536861,26511,15
579792,570720,11
104485,89116,99
780534,447421,22
815274,324253,65
733585,370990,54
235025,68069,50
47294,877899,73
859542,324578,58
186882,928701,8
689450,600241,92
266814,354545,51
842451,76321,5
733023,918199,67
184514,137053,36
455505,682579,64
107825,225534,84
556607,898878,28
458725,805522,34
420218,606961,64
197918,418513,7
953410,967169,80
215132,729668,96
532081,695311,61
97791,579595,27
262600,528353,32
31083,414922,66
596607,175765,38
82470,85277,99
252503,829532,91
958437,460401,56
966716,608715,35
679522,741861,48
466695,750819,34
22240,788280,6
625487,571436,11
128128,461503,7
481417,186445,41
589343,103250,74
330431,556650,32
624015,829410,78
905440,730891,95
89809,423409,7
243339,806022,96
817059,316019,65
347653,17202,16
127524,307548,70
960467,574613,35
532236,291130,19
25211,730439,6
503756,634589,0
538167,985049,21
730439,490467,98
283424,520330,32
197125,91670,75
697768,401666,54
808041,751828,10
983132,511241,56
432666,828883,34
48384,205276,84
80313,821012,37
757363,8609,89
707157,189128,76
680946,675023,97
127441,915777,8
464064,524562,9
320625,760533,85
294147,739293,85
312291,675442,31
165789,427107,7
397577,92002,39
290437,384309,42
82044,925550,73
721616,213077,76
186101,803504,96
504920,205865,41
980372,124577,90
776937,996788,67
17328,239384,84
332762,745003,85
267561,910812,46
19009,497406,45
906774,166610,90
230936,355255,51
779472,588468,4
394199,317563,62
290800,475775,29
362539,193552,79
44196,805903,37
813759,851464,10
564542,260234,19
763298,762542,10
44144,930766,73
389826,819942,34
765440,760514,10
966042,280601,26
70368,685962,6
964895,1139,18
146132,46477,75
147215,254032,40
524450,432983,83
161411,846487,37
913975,182299,90
909292,474804,17
46046,897454,73
512430,424367,83
349529,550215,14
478212,309860,86
823446,666155,20
77972,484115,45
526598,538193,9
414083,500447,14
18624,25006,99
287518,320761,51
30486,382682,66
751338,737903,48
952214,869233,59
200549,641193,55
542255,683283,61
943362,87182,18
283571,981982,13
172243,900475,8
299713,279151,25
697794,836100,63
339123,647658,31
193305,887822,46
638140,228485,68
149953,269467,70
948273,637831,35
40760,64007,99
770440,791028,10
808978,506184,22
446060,935134,43
809826,753518,10
387116,265002,79
893533,617219,33
601806,554563,11
553467,135407,74
786284,90982,89
141422,887534,8
789736,94881,89
675275,347341,60
775765,297738,3
89194,87366,99
364210,280764,62
805982,141354,57
738005,650951,87
540762,602548,0
28278,269437,84
431553,118445,39
710573,606347,92
879124,448669,17
782282,820982,10
259457,706066,55
852164,326385,58
562070,710548,61
196002,221354,40
306021,297215,25
301958,10359,16
109793,296194,70
136531,678842,47
313124,676199,31
877292,655694,33
250228,591121,32
977002,486192,56
430209,531175,9
471716,133042,41
41837,161437,84
279457,847490,91
779934,351890,3
223913,306152,51
499712,666297,61
460131,429919,83
652146,630747,92
974738,421745,2
270729,152068,50
810341,405655,65
858824,260347,88
659526,658617,97
390842,895279,81
965477,784319,59
64369,856170,37
654323,218280,68
638217,520501,11
65709,374082,66
205302,517220,1
918035,424475,17
152224,438185,7
585705,946647,21
297843,849297,91
146692,467539,7
943533,961072,80
748604,789923,63
252586,226657,25
426687,344493,62
895017,552102,12
178670,911525,8
1627,348707,66
724558,661643,87
239147,350197,51
768439,165283,76
911430,418744,17
831055,548144,12
672461,65380,24
854762,994810,71
776296,213350,82
780540,535883,98
586894,931210,21
856026,239074,88
130708,813366,37
255189,965174,13
693344,48560,24
150135,330008,70
458016,877102,28
468099,356033,86
855049,823421,95
250833,762169,96
776482,340047,3
179205,906942,8
983798,704694,94
802638,939609,71
16014,161869,84
544660,113148,74
689317,352054,60
984868,680902,94
922855,425236,17
955076,975835,80
863676,810105,95
443603,642803,64
599618,782140,78
441281,616519,64
840588,775751,10
54643,393956,66
230453,232462,40
997603,714695,94
888529,521034,12
25289,44722,99
644519,436345,72
654821,587228,92
546599,692868,61
35328,765762,6
175141,595542,1
289130,412239,42
502562,564201,9
536599,627309,0
189077,819114,96
865331,624967,33
821899,668647,20
957923,814533,59
856777,853233,71
292285,447019,29
63966,92841,99
380868,255788,79
36412,991412,73
667741,733999,48
325196,583595,32
488764,667166,61
67141,453105,45
335806,898567,81
222368,343760,51
589718,397795,69
753452,271553,93
218,666513,6
86064,492552,45
331103,860917,91
437529,555893,9
900287,138799,90
797276,820266,10
220819,307277,51
411484,813708,34
5974,405751,66
461672,330896,86
385117,664285,31
653832,955598,21
749923,957199,67
647581,895951,23
263295,210696,25
172066,923309,8
62027,503377,45
270310,113454,50
826725,781561,10
697279,176449,76
591138,271203,19
123186,389876,7
648284,724937,97
27815,496005,45
365009,710649,31
888142,6528,5
732732,42238,89
906359,176035,90
626265,636628,30
812437,629874,4
297298,690003,31
894775,491711,17
190341,69922,75
185334,911032,8
728059,491349,98
114253,261181,70
681789,835962,23
22854,118492,99
508964,170729,41
444857,724577,34
966472,504457,56
421891,732427,34
916412,152779,90
759500,932912,67
463855,26065,77
87796,603038,27
264076,325429,51
490573,73370,77
133243,423548,7
587391,294335,19
900293,241081,88
864629,826222,95
319393,42303,16
989090,639798,35
88958,130479,36
963129,319547,2
637683,550394,11
476744,645707,64
401749,208499,79
255176,755091,96
824497,334896,65
604644,259054,19
936577,58469,18
702505,2611,24
893644,477155,17
557158,159383,38
757319,269378,93
436915,244025,79
341386,678381,31
556456,363597,53
976096,261845,26
837832,455306,22
340140,738492,85
838163,10166,5
863728,683183,33
273097,950126,13
773734,164077,76
652271,725725,97
272943,365600,51
655343,351713,60
243255,402613,51
723965,680854,87
123297,261724,70
804150,361057,65
297167,501711,29
271521,465598,29
320205,686505,31
102040,1116,75
758899,819795,63
307084,162805,50
267077,770362,85
487890,978026,43
686407,447194,72
993502,791547,59
542651,338569,53
337652,918201,13
220304,659358,55
838643,89632,5
452402,525893,9
691637,347229,60
881189,156135,90
175218,898030,8
202446,516774,1
433467,286153,86
381265,933473,81
891852,364863,58
261152,191209,50
652788,414443,72
552273,60222,15
152052,547179,1
447529,629865,64
149661,361168,7
155977,515622,1
69174,623831,27
735693,807013,63
480659,444560,83
731063,990739,67
351500,667669,31
522571,854045,28
946983,952144,80
692021,812608,63
511050,224011,41
966500,978391,80
824190,168318,57
933801,405607,2
51988,766692,6
795650,499217,22
350803,954842,13
41902,262928,84
39298,496141,45
658151,545651,11
758756,412482,54
598829,521751,11
72999,895807,73
831767,524524,12
688145,665722,97
805639,387532,65
260766,707758,55
302174,653878,31
737836,820310,63
953547,269616,26
448563,15009,77
273042,21652,16
919776,682284,33
152520,417282,7
268832,274600,25
218522,701903,55
886238,17152,5
282081,937983,13
695537,894112,23
351414,225027,79
30544,369400,66
509515,434505,83
726246,31457,89
698925,838227,63
90299,656945,27
284910,495104,29
222096,768958,96
885650,129575,90
781288,108898,89
254319,347684,51
541060,609374,0
749789,707047,87
349649,565372,14
222516,835035,96
435364,172746,41
346145,673032,31
650491,814657,78
945008,765865,95
904353,475219,17
18253,782937,6
825366,939543,71
903418,749907,95
692057,410394,54
498846,114126,41
122227,272752,70
145801,483149,7
299740,744382,85
830073,38872,5
337565,463319,42
3177,407989,66
72370,324033,70
34459,166962,84
135095,541866,1
145298,37440,75
268732,595015,32
419959,266128,79
816027,971400,71
326940,881076,91
254108,809641,96
647788,378185,69
160600,220332,40
127164,246854,70
886556,346737,58
621975,539081,11
345074,661911,31
740201,573687,98
967708,277254,26
808407,912229,71
848464,150921,57
545608,35536,15
268556,622215,55
580360,118124,74
315317,532872,32
993768,265875,26
564594,145663,74
159422,415063,7
968169,19403,18
118412,165552,36
446318,280092,86
512132,404636,83
722206,119429,49
246048,329758,51
247805,860895,46
73814,600265,27
654149,291218,60
505451,130000,41
916369,427290,17
469615,830755,34
513926,568692,9
9142,661204,27
862551,907201,71
328505,197791,25
274385,597895,32
821890,507690,22
751772,35476,89
258163,962228,13
177659,927442,8
532199,682958,61
486770,152062,41
719304,358104,54
657716,242012,68
511020,725362,61
167867,340893,70
389685,436554,42
168204,4930,75
865417,75490,5
772478,47852,89
256073,828780,91
314452,8313,16
721180,884284,63
175914,600878,1
972434,711106,94
562233,463928,52
242174,218545,40
91632,73475,99
895381,682700,33
148105,206138,40
574866,777720,78
148148,932684,8
622352,886595,23
15845,313634,66
260497,179452,50
64106,436877,45
606106,827812,78
44174,442853,45
38842,831778,37
702222,253625,93
684563,456885,72
867658,729092,95
855769,925571,71
78773,940038,73
234979,302275,51
337800,408333,42
861433,115931,57
468418,707094,61
134634,805523,37
436332,443267,83
989277,779134,59
921152,804133,95
79997,512120,45
203381,227984,40
728568,57905,89
220248,712328,55
108589,67620,99
493188,26330,77
535295,713444,61
856125,894547,71
661345,229144,68
224344,555068,32
35232,161004,84
9371,502253,45
372830,154043,39
16201,300869,66
720729,295774,93
84228,635636,27
135320,335573,70
983496,627689,35
581780,989074,21
382185,391124,42
625693,35387,24
753161,377106,54
29806,965724,73
925212,50386,18
854117,145873,57
699758,848907,63
591717,993080,21
705928,543080,98
548909,523414,11
34276,83044,99
721979,309497,3
730015,369676,54
153033,40352,75
209195,951779,8
557925,45782,15
460857,634163,64
390532,680045,31
524206,332584,53
751909,350477,3
478207,238507,86
593432,812433,78
564719,245211,19
275696,632427,55
204459,355115,51
423492,636566,64
768454,409700,54
836554,972956,71
474675,868969,28
767850,268745,93
799870,421564,22
235436,983230,13
153839,583642,1
273905,538073,32
393064,234339,79
545063,884139,28
738266,52157,89
605151,789116,78
681866,121999,49
443740,940641,43
357292,15947,16
37314,142958,84
695613,169161,76
93245,177303,36
934087,209417,26
683274,802244,48
329324,964006,13
61453,846185,37
847387,38238,5
669441,304301,60
388493,413164,42
51053,57149,99
518097,671399,61
204299,655409,55
463472,580675,9
405447,351155,62
865230,932593,71
90591,573776,27
453396,227115,79
122325,925423,8
585910,392221,69
72148,603604,27
784572,309345,3
163232,447450,7
297934,391186,42
669410,783276,48
523323,500049,9
335821,143853,39
748186,770163,48
143503,855783,37
153310,696870,47
299309,495168,29
296116,831163,91
359620,145829,39
962045,96997,18
234047,631645,55
66130,450176,45
123385,735202,47
555062,930672,21
816155,122266,57
936490,602538,35
859314,500129,12
668252,320747,60
798684,496473,22
232905,438296,29
452176,736052,34
833106,26009,5
141307,949091,8
378831,13075,16
751950,25212,89
745536,240149,93
197255,274272,40
693050,102709,49
239531,813463,96
883097,219721,88
867177,651950,33
333819,497642,14
879322,774805,95
158403,282467,70
437674,987061,43
535721,864875,28
956956,569361,35
264541,152769,50
589402,90625,74
137783,724098,47
924659,744082,95
796387,879672,71
662489,457969,72
99091,428118,7
386559,904085,81
965117,737080,94
103915,513843,45
163639,293112,70
348921,321667,62
270602,23702,16
371931,49495,39
872748,275667,88
146722,969327,8
488819,596305,0
101812,161350,36
820818,492225,22
838009,433553,22
730040,787800,48
559365,254691,19
592493,41438,15
452454,404403,83
808356,44645,5
358498,278535,62
343883,656200,31
766914,538329,98
711036,394351,54
869030,793574,95
611259,433397,52
107854,709571,47
774190,821240,63
593434,860854,23
389015,175340,79
944062,863325,59
904945,420155,17
559495,443429,52
713401,137053,49
465648,155552,41
372323,636105,31
22946,669984,6
428548,614195,64
788360,968954,67
216611,582131,1
884498,772624,95
501411,221118,41
341683,672160,31
4474,207135,84
324423,585788,32
344812,260619,25
228897,75460,50
268969,564252,32
387670,572543,14
734233,269060,93
105796,122725,36
641645,133418,74
366279,58809,39
406691,267197,79
787883,956607,67
696008,810665,63
849490,387349,65
187938,683689,47
762548,145832,76
1247,969778,73
61106,10156,99
697222,216741,68
769867,168569,76
150759,807388,37
778061,878874,63
241909,774239,96
648644,768397,78
455517,880961,81
327679,309241,25
420151,482812,14
636180,292454,60
283061,412256,29
793444,429173,22
119609,276762,70
548990,875193,28
372582,989898,13
231415,399510,51
579637,962833,21
345796,794865,85
300875,814105,91
673124,211328,68
790360,581230,4
737625,272812,93
162626,267198,40
810016,945471,71
547859,873238,28
515237,603928,0
230113,513108,29
812783,457341,22
545122,879278,28
31104,780084,6
886726,208887,88
780325,939040,67
450219,837236,34
428397,72104,77
867855,48646,5
608610,922980,21
532228,163787,41
773860,276242,93
807459,978869,71
853246,522099,12
922630,658647,33
895314,558027,12
773335,454523,22
174958,527402,1
56195,480200,45
725944,955187,67
842620,914593,71
569582,966320,21
948107,839537,59
99223,647872,27
791721,463593,22
608784,844791,78
403138,543117,14
168961,736218,47
621532,98395,74
739130,569993,98
886779,105735,90
90082,19726,99
544786,233272,19
618436,55810,15
12355,661680,27
871635,576546,12
12552,975694,73
495722,605387,0
741714,238,89
11499,271766,84
575154,628918,30
240742,158462,50
282576,257007,25
524368,60129,15
591842,94499,74
259734,350116,51
402581,190496,79
670601,797720,48
292782,790946,85
446040,594992,64
46015,390610,66
993732,668097,94
708336,11153,24
462346,653469,64
865517,751617,95
431338,506075,14
602926,391413,69
489633,271500,86
104404,719744,47
745281,939802,67
260342,573491,32
663712,21535,24
954379,255236,26
765984,902903,67
96337,148934,36
139275,799879,37
576323,263659,19
322871,501548,14
522994,972856,43
798314,263975,82
641468,162387,38
254220,677608,55
560911,234065,19
939487,973489,80
429920,667674,64
601719,95697,74
383606,280928,62
567093,146859,74
273254,582893,32
691052,527648,98
180700,26089,75
486346,33361,77
709503,624747,87
129371,350974,70
833279,930390,71
77562,595368,27
360088,413,16
943914,376378,2
799696,494948,22
600324,662232,30
147557,4582,75
18892,533151,45
684244,98451,49
679476,966777,67
621846,377735,69
606424,184923,38
2469,507869,45
760893,341951,3
170468,58201,75
188936,450198,7
481465,983623,43
765368,550158,98
515568,161918,41
368816,699929,31
707770,504196,98
38803,178018,84
956165,274246,26
263093,811242,91
549946,951166,21
249375,258902,25
377096,861000,81
827171,274018,82
425691,597573,64
415183,994431,43
415829,847539,81
602008,949619,21
251351,457359,29
837562,920270,71
979574,700914,94
267319,837844,91
649455,398050,69
39719,571985,27
367024,584263,14
718978,870128,63
256065,700404,55
700113,814213,63
483066,903289,28
588381,928039,21
554483,212161,38
794661,879351,71
255422,893973,46
5303,142275,84
223110,819353,96
874756,39219,5
161644,755281,96
15347,948811,73
672529,211090,68
803106,813531,10
27758,542002,45
434785,444295,83
271661,811357,91
483756,491700,9
12831,661349,27
301021,267390,25
34347,278044,84
95313,930538,73
560008,66389,15
812235,235757,82
383949,40690,77
881513,594492,12
627292,901896,23
171516,683638,47
917026,460890,17
180264,702775,47
552612,754461,44
232109,67054,50
982663,621556,35
503817,659632,61
436894,880913,81
514167,613852,0
24935,94850,99
145688,579831,1
230428,819261,96
328540,776104,85
996164,541967,35
856088,277164,88
302927,303302,25
608687,211545,38
439819,46454,77
766181,205278,76
123733,592661,1
855691,599541,4
499790,974694,43
684477,16473,24
863901,591963,12
133589,246594,70
516366,566603,9
899298,515966,12
849073,384979,65
355820,267841,25
609764,307010,60
932852,445981,17
615953,326408,60
942830,155479,90
150533,8922,75
964888,880589,59
69581,457699,45
559233,40274,15
896103,804760,95
608177,643948,30
839299,99800,5
338913,115578,39
531827,427889,83
540352,710404,61
774367,798947,10
907227,773395,95
463358,658925,64
564644,975500,21
242637,2980,16
100307,862353,37
579898,353254,69
151113,757299,47
934581,513414,56
959552,206042,26
961499,920383,80
889004,501238,12
320196,545130,32
3435,746576,6
702916,912419,67
28342,348857,66
254831,960087,13
195418,396498,7
949062,889182,59
482897,60572,77
38358,696095,6
277616,897886,46
782126,192715,76
976367,815555,59
47561,367183,66
250198,93442,50
489054,543753,9
868320,862548,71
857057,565897,12
34491,702990,6
158204,950383,8
92834,265531,70
783404,680779,20
864418,276963,88
932470,28687,18
154262,697631,47
97959,397025,7
814029,399500,65
409374,358252,62
152011,861245,37
949625,357007,2
217499,509412,29
697051,337279,60
649929,369638,69
511522,150934,41
752145,317765,3
693008,399197,54
307755,451051,29
822738,772750,10
625918,811399,78
184419,543721,1
334906,773060,85
820718,807505,10
750658,320686,3
785342,246740,82
966998,336515,2
815811,338525,65
590288,980198,21
201272,782310,96
296841,20052,16
20866,697485,6
639954,718517,97
117304,528517,1
801422,503480,22
990531,856212,59
365333,163257,39
870528,967686,71
903693,378242,58
114596,19018,75
637913,404685,69
548960,376755,53
125468,753744,47
180463,52461,75
725937,832360,63
488572,444666,83
514411,717296,61
602637,521330,11
996356,770079,94
721412,781988,48
888241,674649,33
828435,516216,22
54127,717784,6
806198,773172,10
717055,545110,98
675831,706302,97
819734,276546,82
924551,936277,80
14241,361904,66
527166,86567,15
935600,639263,33
104474,906597,8
187777,975702,8
635548,659510,97
386401,243495,79
430963,196589,79
74268,225950,84
550329,381741,53
930692,149910,90
551242,725455,61
737414,718154,48
14629,885911,73
506598,393911,53
475021,678999,61
949483,969361,80
63705,704533,6
90754,306791,70
238242,139257,50
500294,441330,83
447531,654471,64
704467,984301,67
151992,535817,1
476856,532104,9
86363,514913,45
155124,175092,36
776137,545787,98
46215,751050,6
899979,947709,80
150080,410950,7
844016,388512,65
724458,966576,67
258840,327095,51
488267,305935,86
855019,307585,58
595217,815383,78
146287,651429,47
579234,196287,38
10309,278585,84
193866,317682,51
282931,235907,25
896855,456782,17
149574,896150,8
597415,755360,78
350980,924660,13
765605,525304,98
794308,950352,71
567872,236853,19
800813,264530,82
969201,370581,2
367793,498939,14
668545,236943,68
312609,24453,16
982474,440615,56
416742,188084,79
135925,497706,1
961435,847083,59
928276,542958,12
499754,378958,53
159582,94952,75
874509,882619,71
179285,257453,40
12982,203487,84
10752,721330,6
394248,133799,39
761338,821643,63
360747,87044,39
954615,230061,26
651675,711518,97
490738,842402,28
254990,631384,55
673267,605070,92
412090,2655,77
632375,328978,60
143520,145335,36
656858,826975,23
978240,284650,26
129133,340829,70
317550,74956,16
795116,523358,22
81564,856555,37
130503,370288,7
441438,248965,79
364857,159503,39
778416,850863,63
466530,971393,43
218310,136577,50
452236,745810,34
838533,224679,82
181327,578062,1
493051,709459,61
877720,847493,95
822971,678187,20
297579,423227,42
186750,722863,47
158476,506997,1
103082,506982,45
852662,692375,20
749167,264103,93
795872,227019,82
509287,592673,0
62189,224082,84
146216,458424,7
748036,254604,93
136100,437518,7
369257,118654,39
218680,367580,51
919956,701102,94
434314,524580,9
632318,384484,69
31709,939447,73
300288,943997,13
764675,893321,63
56236,171276,84
644175,660743,97
107918,794424,37
884694,52976,5
381471,391468,42
416627,264816,79
776791,534620,98
360716,560627,14
459909,704880,61
926502,721595,94
857947,527426,12
456404,796534,34
359700,488333,14
428072,611545,64
243076,392482,51
449116,295463,86
861457,523474,12
35660,343037,66
422954,593877,64
298042,197567,25
511678,780876,44
184322,907815,8
648739,370588,69
476892,135705,41
806736,819782,10
87898,315510,70
784424,814768,10
808639,807053,10
154885,161933,36
618360,782304,78
183469,563653,1
322168,691674,31
973753,875743,59
628993,494229,52
513687,542189,9
579436,590646,11
1329,351664,66
425282,730685,34
633715,862316,23
955479,742365,94
936087,815174,59
633311,73692,74
551892,663472,30
977056,382373,2
559254,385409,53
581022,243863,19
620345,146350,74
720456,720330,48
594062,407779,69
553845,486004,52
282944,451203,29
369869,403591,42
156053,790084,96
945671,905708,80
240476,689488,55
232479,283954,40
419288,976058,43
612061,912972,23
323431,912937,13
738606,751718,48
130905,120610,36
99089,395412,7
690142,229444,68
266216,302794,51
73476,914392,73
187987,513432,1
267309,666485,55
629584,419521,69
895081,633322,33
255640,542391,32
976002,675323,94
155109,922417,8
78647,827960,37
526706,360790,53
802648,112274,57
2696,326488,66
283871,23940,16
366885,250377,79
98251,318207,70
117525,248070,70
319077,733301,85
593578,280697,19
689268,540515,98
437002,698227,64
114725,192087,36
420168,778446,34
344590,527895,14
333144,161882,39
757749,492506,98
555424,19196,15
638441,282668,60
806620,874882,71
158318,859313,37
474740,959667,43
137082,937656,8
199555,929304,46
825561,215035,82
98511,689352,47
945270,154596,90
297508,226904,25
583530,404522,69
816610,772620,10
439778,361037,62
949771,802371,59
462480,903543,43
848070,526143,12
885616,554063,12
150036,671530,47
416868,308881,62
377294,183520,79
432834,645844,64
707546,740104,48
939596,798308,59
175216,871413,46
842428,703073,20
564368,344779,53
701073,934733,67
72950,77787,99
370613,900643,81
117706,301301,70
972525,237201,26
641695,968124,21
265998,633237,55
819211,491369,22
441982,406060,83
654656,810236,78
650921,34420,24
502268,630748,0
981852,989594,80
115967,65038,75
95760,439556,7
622380,348375,69
139959,294460,70
994231,44761,18
312977,210368,25
660995,353646,60
729113,215931,93
163043,280095,70
560459,650478,30
585070,283993,19
83739,402733,7
748310,850522,63
729120,328897,3
779478,687315,20
716464,612782,92
41966,325984,66
817062,367055,65
105570,319508,70
985034,482703,56
793321,352556,65
409054,982992,43
157585,547487,1
617918,359611,69
982900,608371,35
905399,55600,18
483297,773789,44
75356,517709,45
142626,118354,36
184423,606121,1
85691,214293,84
638219,560689,11
512251,407412,83
373729,276984,62
273457,998579,13
122545,625229,27
233725,229815,40
500913,856350,28
674480,993035,67
954025,313159,26
278790,629290,55
487476,17135,77
4565,739554,6
686417,619084,92
957943,151239,90
875498,505404,12
338261,159107,39
126081,46319,75
498717,945760,43
394182,17790,77
998900,525119,56
686535,610058,92
250482,855968,46
258509,761231,96
22548,980160,73
557999,296889,19
828594,189759,57
283321,785083,85
901814,790843,95
707819,315321,60
615167,113610,74
455838,270732,86
193164,515266,1
89202,230667,84
821111,414213,65
689897,109471,49
880706,37874,5
553728,519739,11
255202,192476,50
945325,93932,18
725917,488884,98
689664,193891,68
736071,161548,76
140826,874258,37
660527,488716,72
854288,26314,5
261920,98504,50
562220,245439,19
101742,984765,8
955899,810508,59
211777,338149,51
281804,288377,25
753290,550223,98
601289,873116,23
472743,398130,83
375548,836279,81
350232,364730,42
29361,480928,45
972295,366873,2
48551,1771,99
768158,447923,22
246552,799580,96
546738,30260,15
584984,828868,78
788940,727599,20
763882,569139,98
523443,511583,9
178129,823764,96
5093,605523,27
33573,263042,84
962840,459098,56
67424,199124,84
692065,544420,98
83468,855268,37
505736,911692,28
821867,122202,57
858017,695332,20
445916,511949,9
342937,744871,85
50570,938489,73
188180,757236,96
865898,159981,57
808412,989178,71
127998,262449,70
993705,203015,26
75276,164882,84
178256,960386,8
215869,125298,50
895538,317158,58
477585,780458,44
171723,155807,36
656736,762081,48
311292,887653,91
795626,98444,89
563748,917503,21
485947,318235,86
577285,435434,52
353729,135301,39
4940,38098,99
325248,448307,42
704363,232399,68
944267,306864,26
479426,717079,61
948340,765752,95
3712,391831,66
510152,139749,41
768994,482184,22
71325,774551,6
880603,305922,58
635826,328753,60
356958,401138,42
934269,261498,26
668,232162,84
955871,334649,2
451182,23349,77
436483,974807,43
596843,143468,74
268774,293049,25
275284,704814,55
821293,481305,22
296768,790396,85
198206,256078,40
907177,928476,80
906825,19552,18
613702,490084,52
846799,160303,57
223203,380972,51
4238,235973,84
998417,400464,2
598673,902218,23
586080,260836,19
880712,133559,90
734726,550408,98
711715,804720,63
940338,261410,26
525945,566742,0
245010,890290,46
120636,543869,1
819450,496208,22
775091,961085,67
972313,666060,94
475116,282028,86
45402,73875,99
618326,221168,38
187134,173262,36
25010,346286,66
38012,870850,73
386523,300523,62
902434,210237,88
464392,37261,77
250149,259355,25
980821,662146,94
689160,726988,48
500733,832968,28
706156,367834,54
197512,599976,1
812397,964734,71
295297,60486,16
596013,202505,38
505973,889124,28
509641,547389,9
982911,800290,59
475040,9311,77
501832,291985,86
392523,145788,39
263213,824818,91
723617,844065,63
213967,146511,50
415514,546904,14
820392,332608,65
148652,395572,7
378805,589644,14
162998,510465,1
397449,934304,81
848397,19401,5
75273,129264,36
549782,200565,38
899119,501601,12
412281,217109,79
964259,302515,26
384354,837852,81
792826,38791,89
973617,583752,35
130046,697597,47
529302,992877,43
286924,339565,51
74671,2733,99
937242,229782,26
952073,505880,56
340050,235234,25
585967,362300,69
180989,883290,46
468424,808422,34
154377,627630,47
579590,180689,38
853862,865781,71
182641,654700,47
548920,713517,61
87150,736320,6
333683,225694,25
248651,83404,50
777006,150050,76
899638,217241,88
181602,194039,40
217422,217279,40
808228,898584,71
513149,498741,9
349859,84797,39
187391,481162,1
895888,206203,88
664727,72408,24
967290,256805,26
123998,48087,75
213876,619782,55
681492,838677,23
645907,763770,78
685379,167063,76
844162,843276,10
946322,842699,59
248668,369411,51
693936,990944,67
810059,663165,20
826107,392494,65
649635,425133,72
225417,598504,55
65050,296349,70
753066,786788,10
551256,964254,21
218405,747744,96
347455,679858,31
389291,819241,34
995262,370934,2
299124,384750,42
496050,119173,41
954990,528199,56
450541,249264,86
387351,219666,79
937882,986524,80
513466,839628,28
630319,779980,78
127718,564851,1
461741,487289,9
882542,884272,71
962724,511529,56
283458,81512,16
982686,15692,18
746828,943657,67
57537,38989,99
298791,780725,85
652077,461848,72
279927,744454,85
38926,234091,84
380026,104045,39
697901,624950,92
536745,89336,15
478008,896976,28
482482,75279,77
221694,11060,75
899420,557177,12
482675,320272,86
814027,356565,65
793068,107455,57
997388,100180,18
739529,270242,93
965662,889330,59
971823,444881,56
131712,693749,47
848923,860404,71
816885,392244,65
460759,980937,43
611240,122995,74
187638,646888,55
251308,739837,96
453145,24331,77
935479,600588,35
89116,787429,37
332212,503563,14
395020,101521,39
274033,681332,55
147885,507427,1
342340,724872,85
930402,267352,26
386731,789151,34
266112,549422,32
136647,631639,47
964332,538166,56
964959,72936,18
851605,928536,71
906832,128894,90
328140,52040,16
647792,451377,72
301995,641305,31
423197,686058,64
592866,307988,19
364807,319069,62
593037,173339,38
322113,761604,85
286086,250464,25
564616,501269,52
841902,854087,71
654213,364370,60
966962,731779,94
22459,470884,45
153244,588531,1
443903,691860,64
99034,466069,45
235489,875460,46
856301,857188,71
764895,601439,4
397183,461721,14
159380,712294,47
532482,439497,83
629816,331469,60
6182,908779,73
854880,983874,71
973615,550380,35
252918,796504,96
845140,273376,82
644953,741321,97
395518,482858,14
406733,976923,43
160663,269645,40
924571,274822,26
944343,581326,35
355923,998955,13
453123,648227,64
755532,231224,93
198377,125068,50
29554,727486,6
872186,833442,95
672226,105496,49
74709,636755,27
944997,572538,35
657911,512550,72
442694,366638,62
95546,843433,37
587182,770090,78
908141,142076,90
875623,608146,33
121952,663443,47
491625,751064,44
139145,610977,1
693121,300331,60
678024,562287,92
360884,393459,42
877706,607302,33
928253,150849,90
325031,796711,85
329322,923591,13
800315,900302,71
378106,828224,81
964203,365902,2
731095,526524,98
296938,652421,31
251952,566351,32
673920,579525,92
91674,765255,37
652013,392734,69
691916,35020,24
596305,98392,74
679337,621292,92
62118,18727,99
748388,171543,76
123919,706836,47
793895,2085,89
56483,320598,66
296391,445621,29
565661,66217,15
914427,791244,95
446143,325544,86
418654,328243,62
793603,94099,89
525698,422601,83
670810,316135,60
289282,963987,13
740697,901476,67
118862,721231,47
736983,481008,98
311942,821608,91
767156,603502,4
68954,910806,73
920554,752031,95
391821,347951,62
19090,848691,37
958200,470330,56
845414,880932,71
834665,217815,82
818484,276402,82
496827,177470,41
754507,8282,89
195655,384886,51
789740,161820,57
717977,39662,24
610344,55919,15
847114,459968,22
694133,302923,60
234321,234622,40
306235,897556,91
236024,859912,46
554031,610119,0
274140,472506,29
412230,363886,62
846133,965895,71
805621,86397,89
81292,281776,70
821048,368884,65
845224,684612,20
275836,981809,13
270006,5574,16
689294,968030,67
688679,638952,92
878181,602431,33
65722,590606,27
329749,94063,39
932585,962865,80
877073,974537,80
56962,361010,66
511502,817773,44
320042,954805,13
415542,30667,77
434152,808783,34
230606,804050,96
684031,511462,98
148877,179903,36
634733,964717,21
13187,649375,27
46569,699849,6
378133,286293,62
739405,189805,76
64667,860162,37
759155,126764,76
524966,105688,41
314426,572619,32
12514,335998,66
123070,448772,7
514531,737321,61
163445,33015,75
888656,657891,33
182199,232656,40
265988,473477,29
738342,319927,3
16839,28442,99
40785,488486,45
985455,556887,35
616183,202840,38
135449,493984,1
395475,752681,34
325713,267179,25
479305,684696,61
689364,153263,49
902853,264551,88
312810,405632,42
463858,74331,77
281336,421060,29
759439,900982,67
811875,197518,57
691952,644483,87
838481,351647,65
141060,804371,37
70835,524125,45
980485,20554,18
463804,164116,41
305037,766483,85
290446,538504,32
639546,861608,23
46515,793188,37
119990,676533,47
497572,703653,61
299808,882508,91
318300,676037,31
157050,540517,1
485971,730168,61
937226,965963,80
944773,806075,59
702753,184428,76
690755,535332,98
330248,480746,14
905595,336892,58
147891,616778,1
188316,42434,75
190045,91193,75
684482,96529,49
363936,678804,31
665789,922666,23
249883,785982,96
6487,38901,99
822706,227730,82
465889,212366,41
247882,166075,50
236129,633031,55
360700,285099,62
672078,619512,92
148607,651002,47
399793,321712,62
24047,166567,84
496299,297695,86
374693,476535,14
131925,275620,70
353809,481397,14
846812,375489,65
854688,749306,95
589615,671165,30
281245,892186,46
984063,156896,90
967254,650457,94
233862,525750,32
294905,478063,29
818531,57035,5
601967,274727,19
353266,343610,62
60736,803086,37
472059,902524,28
726189,70879,89
276959,863402,91
207707,937294,46
110217,427088,7
82206,645291,27
418374,618593,64
693445,746177,48
11761,680446,6
258131,418569,29
905206,803736,95
400785,6811,77
486892,197797,41
381747,33272,77
215700,270200,40
252735,717594,55
616209,628414,30
765755,44589,89
413698,36750,77
669388,412275,72
106014,785356,37
484967,845731,28
206917,667176,55
240464,488961,29
971271,164388,90
885608,413901,17
439789,535815,9
451655,980427,43
37226,661488,27
644619,126512,74
292473,601398,32
711789,39925,24
23289,426991,66
441666,88754,77
697551,753889,48
623441,178417,38
660444,95090,49
183429,897801,46
350229,302072,62
937829,104719,90
19339,32371,99
61305,362573,66
777235,898,89
95227,481947,45
99263,321699,70
800667,815018,10
9192,505630,45
132203,943439,8
384489,118871,39
875794,476761,17
930516,193398,90
441779,992127,43
687628,968247,67
335525,170555,39
534559,345753,53
82571,783700,37
662522,7318,24
999516,876893,59
956619,902013,59
148324,892781,8
976122,687161,94
127391,70936,75
222909,441242,29
956185,602789,35
87901,367062,66
223834,987025,8
937058,144846,90
439045,44820,77
300250,307729,25
5574,691837,6
717811,260409,93
700245,27534,24
764167,355222,3
221639,101081,50
869255,570760,12
773186,940810,67
210473,431993,29
513573,635052,0
319684,930129,13
678532,98484,49
231799,851561,46
200644,234845,40
55903,572620,27
35125,348668,66
66846,489003,45
679080,310410,60
75342,273182,70
375973,985667,13
119701,826555,37
924873,352304,2
189005,623785,55
967410,268502,26
728600,595710,92
102436,643253,27
169705,233873,40
711595,791222,48
82044,924564,73
147855,6806,75
396184,674832,31
916063,278243,88
443418,533230,9
5633,675526,6
570865,537750,11
976676,8837,18
525337,345989,53
49038,187034,84
484653,563378,9
697575,144198,49
544473,971440,21
1173,729987,6
897010,59856,5
12524,493128,45
7243,736825,6
833230,105147,57
207029,547775,1
455577,891831,81
11471,803866,6
588490,764731,78
842605,669174,20
807621,694627,20
597270,324506,69
977058,422797,2
951929,86898,18
508953,986645,43
544542,131793,74
56719,286266,70
282869,196009,25
339407,422017,42
847895,580548,4
271368,890159,46
917185,131920,90
185828,220766,40
421535,753848,34
936974,735943,94
6424,974719,73
103501,549650,1
972851,720026,94
491481,321430,86
285118,983544,13
428867,973615,43
550302,937540,21
240450,258639,40
945704,455362,56
270875,606871,32
689894,59804,24
141903,966499,8
959991,578850,35
740206,647341,87
869832,278941,88
164799,784701,96
473367,887805,28
341458,894012,81
663399,760267,48
807837,332996,65
673449,660320,97
2287,452728,45
12225,470352,45
211719,375568,51
186165,878589,46
456264,442159,83
373044,761679,34
543486,374583,53
626890,148764,74
291799,274881,25
936343,127511,90
86116,361827,66
233232,944053,46
707682,12952,24
697113,384322,54
301378,272062,25
560771,883024,28
987929,134701,90
930290,389555,2
262146,892986,46
422659,640615,64
821153,122781,57
595084,592921,11
229050,652480,55
242622,751112,96
951209,971874,80
301352,838020,91
606578,767460,78
710263,396481,54
672775,342185,60
103813,793615,37
289343,998899,13
508574,615651,0
260407,664103,55
586028,378789,69
308913,902537,13
947558,617217,35
573498,782384,78
529017,197879,41
767187,115605,76
981045,433853,56
774636,310676,3
548260,618324,0
174109,250414,40
718460,161766,76
816887,436424,22
991573,372980,2
691235,594050,92
212245,213746,40
442635,368048,62
794543,893558,71
40899,399967,66
248680,578359,32
489804,141836,41
851281,482870,22
598464,389657,69
979846,280576,26
656353,336969,60
443351,409160,83
759273,105520,89
487017,310510,86
744581,178788,76
901512,720405,95
847165,317652,58
788798,334577,3
243628,663403,55
824505,470003,22
341481,273732,25
613804,219289,38
594938,133821,74
135251,171009,36
160620,555747,1
442150,224147,79
255259,152231,50
555823,730198,61
450245,267976,86
873643,322222,58
595166,959092,21
465348,117523,41
209650,600075,55
466774,80081,77
926329,818623,59
598494,890107,23
32171,707299,6
580389,605198,30
569562,630099,30
84728,34895,99
489555,967353,43
305076,426880,42
580548,271196,19
996328,293868,26
41617,464949,45
403664,386554,62
818825,992453,71
172700,569378,1
547558,822263,44
789063,796695,10
66622,726194,6
152070,849973,37
513015,244175,19
864615,592816,12
467937,624779,64
666205,922476,23
69144,118889,99
180678,662836,47
291448,367937,51
922280,766190,95
357697,822157,91
6310,67010,99
241490,729943,96
168594,574838,1
313976,8049,16
294922,767435,85
296710,808218,91
731945,810564,63
150221,771250,96
404778,108395,39
807193,508337,22
627130,183586,38
546174,553896,11
342655,14621,16
742954,837359,63
507096,771711,44
152641,440986,7
652402,920787,23
676384,990317,67
257843,578790,32
726245,6123,24
911105,943799,80
439822,89398,77
514024,211681,41
737007,886492,63
284746,733351,85
430491,274072,86
344397,292372,25
901535,98817,90
830760,590586,4
981327,163273,90
139246,317642,70
612431,130521,74
677692,982680,67
914810,224739,88
191054,57337,75
669299,914879,23
375622,85876,39
331176,88498,39
402675,761890,34
90780,745521,6
983570,862409,59
509389,307125,86
861598,881567,71
502765,982219,43
166353,895276,8
919842,787477,95
129735,467251,7
88562,467264,45
321060,60337,16
88366,179806,84
4688,800354,6
559102,834498,28
417430,756358,34
113646,58523,75
601183,92210,74
785975,895854,71
620728,585871,11
749465,268221,93
5308,225187,84
734438,702136,87
814254,175332,57
815264,145945,57
908158,414934,17
809069,32099,5
500152,60408,77
284697,914564,13
78633,600870,27
826246,716761,20
610420,338114,69
682946,279903,60
345246,559428,14
317817,554097,32
712799,27724,24
973166,5267,18
538267,662772,61
223007,92175,50
194904,767480,96
39980,951958,73
569394,813592,78
54758,325175,66
231980,890556,46
586856,292664,19
819429,156442,57
325094,867233,91
594135,641982,30
799960,934104,71
491448,779008,44
795635,245478,82
764174,474691,22
145975,416324,7
163518,262639,40
185165,76877,75
80376,891628,73
600630,794264,78
210603,616137,55
421799,190343,79
105250,946909,8
713457,74754,49
402659,496020,14
620579,77121,74
179938,226586,40
246870,154468,50
148301,503364,1
50397,33145,99
72777,171504,84
470675,642273,64
684467,851524,23
573478,454193,52
623409,644298,30
732555,54271,89
146526,664917,47
261599,695194,55
136362,842206,37
967962,549590,35
971577,301562,26
368980,458152,14
175832,221082,40
728847,737197,48
85325,67205,99
518665,205662,41
563184,437829,52
603134,882937,23
522293,184653,41
477208,438000,83
474363,625121,64
424425,323952,62
662528,118851,49
544535,8340,15
179649,367914,51
535689,325607,53
477202,340241,86
435851,359042,62
425627,528389,14
643332,484550,72
845357,916935,71
930686,43464,18
505785,737468,61
636969,550957,11
950736,32085,18
267583,283495,25
716943,667243,87
367407,9689,16
848430,572835,12
638424,4018,24
535211,302991,19
379021,214592,79
651870,983152,21
837702,268423,82
393688,721337,34
525050,524852,9
193088,241298,40
499586,551925,9
211286,96074,50
732506,233888,93
960959,848228,59
178820,435067,7
177573,484401,1
331746,662441,31
658146,463294,72
586611,177677,38
223490,212111,40
965481,845310,59
138352,288446,70
914801,73361,18
987156,139195,90
458447,130973,41
267040,148909,50
729823,137417,76
572681,64707,15
539311,213797,19
289808,807464,91
48249,935738,73
963280,856050,59
640207,968501,21
608550,909050,23
417161,227481,79
273319,682334,55
987993,207704,26
892582,634833,33
653883,814002,78
946064,504542,56
852700,339318,58
925811,111247,90
733077,832398,63
113547,394738,7
377415,223581,79
730380,507154,98
744184,512044,98
935900,683194,94
446639,669040,64
566149,272102,19
232993,926723,46
440263,511832,9
373846,231987,79
18322,941247,73
549549,282833,19
581593,833811,78
870593,60638,5
155807,661486,47
605519,963722,21
288283,185339,50
6671,119830,99
988386,818865,59
676822,363046,60
721172,749694,48
120572,456153,7
566116,712924,61
121106,437663,7
805638,358254,65
177901,988248,8
492031,571643,9
611520,826400,78
320641,21762,16
762440,333738,3
136394,380293,7
585510,682307,30
544097,647436,0
469918,916651,43
161711,886872,8
669521,655531,97
519154,427646,83
454980,853456,81
40576,971433,73
876531,859173,71
126649,597855,1
161501,349126,70
774685,137345,76
358671,186086,79
552943,322633,53
501475,296399,86
581471,798587,78
863399,163417,57
564951,139699,74
925992,152410,90
555256,192891,38
923160,555085,12
319079,773505,85
303196,825237,91
774996,365813,3
230342,366421,51
442776,737724,34
937575,828618,59
586493,196878,38
930076,794301,95
827642,186892,57
101007,625394,27
7015,908119,73
758044,447897,22
810591,618629,4
307870,383311,42
318791,926353,13
215639,247411,40
236891,436063,29
923718,941993,80
84489,18919,99
978174,185953,90
328282,443278,42
177430,79099,75
428703,211955,79
337151,509918,14
202999,814642,96
693461,9816,24
993693,1329,18
346475,215729,79
764357,548678,98
637638,785538,78
551784,848779,28
441657,931921,43
811815,178838,57
733447,55746,89
937309,368026,2
413368,477124,14
39287,303941,66
353149,390148,42
228816,714666,55
399131,200066,79
513282,734672,61
643629,480505,72
860880,818753,95
783749,476699,22
883418,621184,33
250117,732327,96
226167,199749,40
189277,181221,40
789126,848512,63
956122,547865,35
977900,570078,35
313902,758327,85
209374,953982,8
584994,2981,15
110113,679202,47
353367,41869,16
708461,113160,49
881485,130904,90
117949,376241,7
489602,749097,44
88583,820093,37
307625,259472,25
953614,392403,2
122726,665742,47
138268,875066,37
242565,797015,96
442532,638256,64
181070,249641,40
730091,652387,87
670359,730239,48
131217,370922,7
92727,470201,45
672493,597894,92
817405,136537,57
789922,228951,82
982536,498614,56
221094,937960,46
295359,103929,50
740080,526481,98
576161,548284,11
24199,723802,6
942423,314301,26
470699,40290,77
170221,915790,8
684587,864818,23
11789,145301,84
76596,352287,66
888442,46569,5
700616,268836,93
335615,687118,31
400994,522667,14
470535,287897,86
697811,124869,49
688892,217231,68
7223,400581,66
575238,33689,15
221411,268954,40
312055,713985,85
946640,192382,90
377602,364976,62
157012,905008,8
486036,822400,44
87864,733518,6
239884,736193,96
208879,636978,55
692912,783138,48
201419,263676,40
615648,198664,38
962492,615641,35
87898,308177,70
533516,812581,44
53466,604152,27
990127,81128,18
522120,281571,19
376225,222206,79
629028,77145,74
579685,782191,78
299912,627256,31
300486,281724,25
948260,406288,2
495298,480550,83
606287,872309,23
901451,691213,33
233411,950968,46
920500,844556,59
453748,155237,41
77643,954746,73
421586,600035,64
802628,783379,10
258687,768428,96
970727,13555,18
826039,247425,82
487390,566048,9
583266,956765,21
365457,245596,79
735206,608946,87
568344,158798,38
928424,38920,18
136536,761497,47
483704,624006,0
681335,210488,68
678195,429313,72
467277,535534,9
721883,696616,87
28021,958062,73
157896,769765,96
443199,856136,81
80478,604578,27
144783,375528,7
506327,848622,28
799952,798449,10
546966,871958,28
12898,790952,6
544597,50359,15
383838,171721,79
131553,21130,75
141188,954533,8
841984,241108,82
307179,761990,85
777942,872662,63
845296,905948,71
273827,214759,25
457694,464041,83
146157,468569,7
243205,560269,32
443365,635632,64
68248,56729,99
445885,996059,43
766556,508848,98
209824,520500,1
55495,717269,6
140356,978797,8
656790,682736,97
759000,519730,98
103895,172417,36
827631,10932,5
736916,350935,3
176099,702320,47
898657,743790,95
895162,997537,80
607491,106103,74
280498,332476,51
930878,269470,26
987444,984461,80
845398,607917,4
270463,681755,55
267282,224092,25
324571,73078,16
237724,432460,29
368673,298415,62
469016,766686,34
704473,83985,49
548799,680805,61
303587,388407,42
969519,722190,94
855023,373413,65
959553,211748,26
852546,756663,95
244950,888554,46
941443,840655,59
895814,953655,80
94037,485433,45
682877,122595,49
457900,933619,43
346859,664399,31
561039,399191,53
210888,407847,51
695666,60068,24
565821,753549,44
913204,235121,88
683291,79087,49
215504,991068,8
892569,421674,17
90685,147447,36
151071,56064,75
280301,32151,16
366382,794337,34
437363,769815,34
289237,222572,25
771413,142489,76
815914,82529,5
76385,803380,37
420719,35193,77
505045,301195,86
197778,70672,75
800807,170958,57
303406,353349,51
746815,733848,48
792513,771512,10
806054,356624,65
794210,289776,82
274597,166406,50
791771,310398,3
865924,585047,12
888762,425437,17
333963,916648,13
105033,290210,70
575778,111276,74
218821,725219,96
757869,515176,98
576005,925480,21
554485,245806,19
275612,226631,25
992340,260326,26
310845,387080,42
662528,114602,49
119516,714650,47
132627,75304,75
640850,780380,78
853661,482292,22
897609,117414,90
382537,314206,62
870676,454882,17
218152,482819,29
750571,848766,63
210450,42584,75
719386,736640,48
723720,563464,98
145257,346560,70
638946,779593,78
620914,705478,97
974895,60859,18
865193,311554,58
304026,780249,85
648127,81291,49
272972,841037,91
312897,863825,91
321470,946751,13
56616,547200,45
797117,159786,57
528193,345261,53
802938,984557,71
458092,153004,41
547549,669289,61
751456,735068,48
291144,257772,25
375814,315905,62
423259,716627,34
357271,661209,31
955529,576124,35
919733,961358,80
549166,833028,28
711930,420526,54
793073,187080,57
262844,628728,55
45971,644115,27
656424,521255,11
741453,606514,87
697235,443885,72
391093,101835,39
553537,310919,19
630526,254770,68
932587,993826,80
240563,149192,50
476883,988202,43
714043,926275,67
908862,251386,88
60639,164886,84
245320,107693,50
997875,298279,26
177995,578425,1
602901,972217,21
62625,539232,45
886038,640974,33
853343,136068,57
908377,99401,90
642820,883261,23
974658,89368,18
14600,390807,66
294582,45624,16
809025,290793,82
372397,879895,81
402852,734603,34
483464,581867,9
439128,440497,83
434009,404836,83
83600,73285,99
709509,726818,48
645204,955586,21
548300,280701,19
743270,151253,76
113725,384138,7
208663,10473,75
28020,944992,73
489790,908877,28
497479,134849,41
418637,40069,77
440706,950530,43
569191,400153,69
374610,86321,39
811542,591028,4
413575,971481,43
688626,746222,48
757301,970144,67
221123,430136,29
312242,855826,91
870926,659740,33
262512,43064,16
789649,636875,4
974570,609448,35
8089,958011,73
306536,957633,13
940645,436135,17
127625,5330,75
584387,792762,78
964004,20709,18
60460,166079,84
305651,83203,16
402777,474221,14
243448,633964,55
45933,6282,99
589766,198707,38
673001,142200,49
961468,401753,2
274397,803352,91
951904,658608,94
235035,240993,40
374723,977493,13
734206,816688,63
90104,379496,66
205370,654328,55
306350,832947,91
347191,255643,25
603805,153026,38
910286,182694,90
546929,251382,19
987063,578140,35
799686,337802,65
453076,862968,81
911558,571222,12
537390,924302,28
759594,505919,98
980819,628563,35
260511,424551,29
433017,728753,34
152287,499386,1
189012,739099,96
45181,357320,66
479644,388186,83
247087,798629,96
562443,987117,21
476724,310832,86
162870,367973,7
533331,710537,61
998833,389857,2
341139,524442,14
296946,771578,85
914777,657382,33
622178,960715,21
745285,19537,89
367327,680513,31
391256,854150,81
710569,545786,98
39720,574685,27
747561,268099,93
953273,674825,94
796985,930797,71
908441,171473,90
952115,211506,26
787029,611083,4
481862,656425,64
541228,425888,83
911297,172372,90
65875,174936,84
159696,16295,75
875347,966796,80
952072,483168,56
617389,468589,52
583285,271777,19
761430,359814,3
403016,490252,14
675593,704601,97
233278,719255,96
525597,720116,61
992680,979187,80
208784,41298,75
110977,192022,36
319272,15477,16
121943,507088,1
629694,267937,68
226809,987108,13
326497,442989,42
318711,578691,32
66209,788955,37
977424,581617,35
246629,94304,50
974568,574316,35
534958,45720,15
426094,365504,62
32858,252853,84
703911,643764,87
747977,251936,93
303910,817270,91
866256,176800,57
481483,293618,86
845619,321365,58
188643,539425,1
123227,90132,36
860341,755535,95
289719,311805,51
519246,980640,43
629819,373144,69
444904,507120,9
166833,969413,8
931282,62962,18
207535,49865,75
84811,421939,7
537135,631789,0
492007,166065,41
60263,847394,37
153504,957985,8
859486,387636,65
9036,881949,73
930257,837647,59
348864,361270,42
874006,427800,17
38292,583491,27
734116,289678,93
620721,469478,52
519480,905870,28
960546,910833,80
373419,54604,39
738185,679185,87
62515,703049,6
147872,298307,70
652641,950663,21
798877,726768,20
797272,757006,10
877,749458,6
142467,456128,7
158870,144118,36
198166,578048,1
262439,816993,91
211296,262706,40
303553,826803,91
80918,995480,73
38856,61991,99
886260,384177,58
878193,805173,95
552123,546478,11
661416,429349,72
70307,653648,27
867563,147931,57
276431,982328,13
992620,975064,80
910565,878461,59
299051,155462,50
855666,191216,57
778769,778219,10
531144,951395,21
106273,133201,36
724716,315212,3
783906,112714,57
388918,560963,14
118351,131094,36
307633,391025,42
972295,362264,2
572794,950236,21
623231,648020,30
279591,90301,50
695420,924677,67
50868,946144,73
852697,289010,82
400909,80236,39
530029,204595,41
643897,991945,21
635015,706284,97
524445,355800,53
935745,66799,18
706374,31804,24
533796,520799,9
82208,676299,27
571091,326879,53
865268,569972,12
528058,71215,15
920139,790929,95
158460,238967,40
328451,291513,25
461594,12795,77
53913,127132,99
715913,363008,54
81680,797025,37
609695,153873,38
155147,557809,1
105515,401647,7
496317,601726,0
223149,476486,29
313600,684492,31
261321,23603,16
704468,2967,24
869617,654510,33
357421,181966,79
304023,716323,85
247474,297020,51
18694,198242,84
854263,603400,4
354462,453708,42
485042,102231,41
204190,834839,96
143194,670626,47
211759,36388,75
579307,413969,69
580153,643850,30
191942,973849,8
485855,766610,44
421559,146677,41
213175,833880,96
32496,160666,84
321940,860071,91
229585,644525,55
532006,441206,83
351081,627161,31
706811,373462,54
792106,938575,71
635511,40397,24
958132,328878,2
453627,111506,41
88874,714540,6
278036,960261,13
114466,834568,37
599713,380786,69
876038,582052,12
551135,942734,21
533879,915443,28
852979,33504,5
107299,383051,7
954353,826492,59
862874,332142,58
324810,94134,39
117129,601714,27
9403,47954,99
976646,490739,56
855300,29265,5
868955,528684,12
605477,256829,19
532183,401428,53
809455,517412,22
156759,655040,47
257865,953078,13
389425,75051,39
395014,4161,77
943949,951123,80
540244,882994,28
490063,489846,9
853324,820063,95
807105,23307,5
726443,340516,3
59592,568899,27
493927,439828,83
199522,382241,51
334170,403013,42
454290,259457,86
698145,735922,48
653799,408136,72
550104,609306,0
612202,294927,19
849252,392747,65
906256,460424,17
359263,149555,39
575668,256528,19
473022,86728,77
639055,605884,92
95315,963017,73
441829,828476,34
210282,219793,40
64572,275847,70
170088,674576,47
602810,435517,52
749460,189825,76
391284,326675,62
436066,972719,43
500085,929411,43
627395,633848,30
89419,874624,37
815270,252227,82
191321,535210,1
277861,11183,16
965902,926296,80
267552,759755,85
208160,559082,1
500578,226161,41
99681,347117,70
11571,488539,45
886615,343965,58
35402,13630,99
86233,330534,70
300764,951641,13
231067,545989,32
442515,363441,62
363177,924358,81
689359,63612,24
137490,805585,37
475549,556927,9
286379,178252,50
886004,80731,5
852316,884684,71
897333,489478,17
668426,241454,68
122766,335452,70
958337,778092,59
393004,222288,79
999065,293110,26
313757,322385,25
335890,308660,62
648733,265871,68
501287,136494,41
67971,394146,66
413985,858545,81
574512,828858,78
617691,549257,11
363827,845602,81
43521,465627,45
794882,584894,4
320437,590267,32
624615,913405,23
610102,986747,21
273387,829194,91
272392,100408,50
565614,280269,19
495129,637973,0
423944,241261,79
880285,966749,80
162141,111135,36
861009,993474,71
320478,283182,25
454226,186211,41
658182,66879,24
43908,971335,73
238965,286995,51
535849,20202,15
543046,985857,21
300322,520581,32
416603,848618,81
728755,199191,76
805350,531708,22
429340,919234,81
579723,418029,69
824434,270447,82
413154,890393,81
849434,452043,17
501490,558449,9
861232,731590,95
845767,808828,10
975387,334584,2
353307,33966,16
877491,992951,80
541546,767769,44
897056,829431,95
254770,920065,46
533365,272047,19
308981,49304,16
653504,442657,72
742728,34613,89
742753,457315,22
98691,700767,47
792316,459259,22
777969,338981,3
261327,137860,50
24637,85065,99
702893,523409,98
942582,986318,80
50024,764552,6
829061,43849,5
978310,461329,56
572504,89810,74
447585,563567,9
870862,587316,12
34016,712580,6
338022,140635,39
654145,226822,68
212531,9409,75
143084,818460,37
873430,747653,95
815036,317864,65
355994,206110,79
104642,724333,47
869180,315457,58
901194,380762,58
481214,763715,44
773841,960878,67
492286,862411,28
546181,666267,61
962217,995837,80
41548,309354,66
323093,238310,25
292246,778781,85
973001,243616,26
456654,990756,43
644206,180946,38
161621,368979,7
441662,25713,77
160668,353019,70
196628,738319,96
944198,150706,90
928135,165252,90
398952,192838,79
38952,678856,6
540988,398900,53
326248,254285,25
768345,587831,4
681003,632423,92
145065,114841,36
134702,940715,8
597889,728435,78
814962,68619,5
294251,484582,29
370584,417897,42
603858,53817,15
515088,88463,15
801163,162107,57
532532,272332,19
92004,316225,70
801320,801581,10
177734,189664,40
683596,198111,68
662746,786578,48
18957,619718,27
601523,807753,78
911892,173415,90
601521,769983,78
110526,622131,27
155984,635295,47
413493,584813,64
954861,350841,2
585577,803787,78
251449,112080,50
740572,797936,63
918316,145153,90
589125,434005,52
337678,357840,42
224015,32727,75
51154,756426,6
265735,210164,25
238242,143530,50
319926,1836,16
870503,545383,12
256183,670661,55
812127,431654,22
819177,924239,71
687702,221992,68
31496,365145,66
992443,993350,80
249425,95995,50
395840,895051,81
127981,992197,8
862342,395634,65
427570,179407,79
298593,462743,29
338331,341108,62
15148,606920,27
510841,716092,61
362174,72087,39
579359,302700,19
485224,161817,41
666322,890260,23
615217,965049,21
583347,329338,69
199666,795792,96
878042,261509,88
192523,749501,96
864739,683983,33
707240,588843,92
688205,664477,97
868935,205119,88
438702,265993,86
559778,205532,38
379815,551844,14
852769,503733,12
249469,826688,91
158355,474747,7
80248,739783,6
548855,622138,0
274131,329745,51
31437,367204,66
609077,758717,78
771104,945553,67
909992,236037,88
87934,907489,73
171181,45733,75
645968,788124,78
8780,569659,27
266679,83145,50
419425,277292,86
457135,79489,77
973621,660357,94
621917,562491,11
796794,718596,20
459440,812268,34
802520,955953,71
711307,948116,67
999523,994688,80
731868,517718,98
291460,572471,32
530835,755680,44
720245,161140,76
285686,531010,32
692001,462214,72
432737,18131,77
741444,456405,22
802459,933806,71
481562,626222,0
916344,995180,80
5256,349706,66
522843,423980,83
834547,233853,82
383804,594042,64
64335,281088,70
257650,339205,51
26523,783896,6
944697,535683,56
225906,817319,96
684041,691821,97
437205,104553,77
227023,585704,32
927636,792555,95
483970,85522,77
375920,91669,39
689699,786206,48
778954,883542,63
700110,764320,48
929667,919360,80
693790,536900,98
689671,302732,60
32091,364763,66
588211,68229,15
725931,738193,48
825905,1430,5
36024,461895,45
85707,480507,45
896083,475724,17
496488,484992,9
270452,499604,29
856801,265823,88
701401,448395,72
181621,516063,1
471253,353866,86
426556,139335,41
807829,196520,57
917499,414711,17
61287,57642,99
801934,106334,57
168787,804843,96
11445,369362,66
873568,68453,5
504581,497687,9
631514,871624,23
385919,146647,39
696861,154459,76
993785,552813,35
134521,903590,8
649209,260288,68
668817,816167,78
335527,209680,25
91962,616759,27
874581,87120,5
239494,183354,50
644236,679626,97
486406,28899,77
710768,888546,63
802102,941875,71
98658,146707,36
706142,136080,49
100530,615176,27
264690,661300,55
475871,975311,43
54017,877335,73
379938,625605,31
552031,1560,15
233574,694353,55
992915,933750,80
543142,587734,0
60186,551112,45
549654,48470,15
638135,150104,74
799005,882166,71
567202,973949,21
164509,912175,8
940300,637523,33
859625,732878,95
491094,817193,44
570139,335243,53
439680,703920,64
796198,709476,20
176797,432529,7
524753,534328,9
464790,729573,61
949714,859153,59
791328,861322,63
251471,484224,29
362398,831006,81
732089,227292,93
98435,405506,7
354965,901937,81
871217,556512,12
299646,158634,50
169590,310911,70
482435,296743,86
368680,416030,42
218897,3468,75
298655,510029,32
67452,667298,27
282552,854794,91
534360,991410,21
644262,120634,74
509230,633199,0
187052,789607,96
933293,858954,59
446588,819879,34
716135,94644,49
693680,681464,97
368547,170973,79
552065,571954,11
839112,965840,71
873180,542780,12
507600,246409,19
399616,352466,62
902603,63379,18
222748,735494,96
448992,219589,79
646993,12210,24
216018,628218,55
469413,432828,83
541675,939586,21
633266,306340,60
666378,828446,23
707571,153047,76
267912,801923,91
932127,269160,26
785977,918159,71
503424,61040,77
902341,654848,33
38989,302344,66
498881,696893,61
689007,156253,49
151924,397182,7
438673,780594,34
454620,807844,34
439983,795013,34
785074,749591,10
380864,184302,79
570255,292399,19
357436,438052,42
351988,878070,81
738440,973795,67
582230,545129,11
986663,861096,59
440710,25186,77
308152,119321,50
438219,152999,41
463220,349622,86
104110,779896,37
724160,972539,67
470074,548581,9
4486,400673,66
122386,949800,8
303924,61633,16
870615,441775,17
914552,885072,59
408293,195417,79
381698,211104,79
39517,175498,84
597726,986537,21
734726,544436,98
348383,277859,25
990287,760008,94
460086,671700,64
271231,587133,32
949957,931784,80
504758,469649,83
396571,169858,79
811065,579080,4
601400,735886,78
44774,532076,45
610747,831990,78
264089,547925,32
978352,177074,90
97843,463341,45
378099,725730,31
345329,958603,13
248968,406783,29
807434,556127,4
839620,500620,22
935755,236319,26
814865,443082,22
895654,259162,88
738184,662687,87
780858,887030,71
313394,224970,25
86677,780612,37
752053,769944,48
464647,334626,86
71165,74508,99
264458,759002,85
550863,361216,53
970389,337856,2
359002,756559,85
494418,699943,61
943422,106997,90
315055,133490,39
577684,135346,74
776487,427867,22
164726,554262,1
496929,885865,28
743667,827247,63
557002,546839,11
733646,389960,54
60428,614203,27
918520,573909,35
688724,392475,54
336424,282852,25
900423,420224,17
720208,549713,98
27525,620819,27
109094,554558,1
465264,704534,61
114303,103995,36
854656,217504,88
596911,289522,19
4781,358404,66
707352,475225,72
109743,459680,7
851583,559585,12
952423,382795,2
643621,338934,60
473830,674079,61
261513,250141,25
130697,631121,47
266254,939642,13
566372,30669,15
466522,849075,28
414219,780996,34
209325,126657,50
725409,964372,67
204667,854535,46
177780,955489,8
919241,690099,33
495455,126293,41
613258,29503,15
871798,319657,58
481145,618702,0
532360,391031,53
60686,950043,73
379302,944826,81
696410,573070,92
601486,188413,38
669027,346244,60
323331,234650,25
775316,746426,10
196615,514219,1
491173,147911,41
940257,908176,80
721611,117297,49
426649,705571,64
544606,200413,38
357850,392564,42
830532,767373,10
245667,940960,46
715201,391097,54
174073,647322,47
548043,971243,21
696372,925877,67
215634,161900,50
55018,692313,6
712377,927157,67
736419,9442,89
702278,193423,76
873701,299579,58
34149,951728,73
693823,90131,49
832839,531748,12
92617,615242,27
375174,558060,14
315037,842529,91
397334,996283,43
540533,740281,44
919056,576565,35
343349,683385,31
665875,370513,60
214538,748167,96
446293,846754,81
396340,293551,62
723051,330260,3
694860,516403,98
187296,898200,46
62859,473736,45
89044,570969,27
282264,12729,16
946365,557043,35
228743,489589,29
526077,787772,44
90832,613466,27
524275,492640,9
809019,193754,57
435362,129505,41
599866,953626,21
608512,275670,19
195504,844361,46
176793,362577,51
840003,933959,71
49911,856005,37
892507,374373,58
98489,310047,70
966367,742655,94
818864,662743,20
726565,387198,54
638107,672312,97
548576,932851,21
435298,66872,77
925143,885400,59
928200,271243,26
793021,314549,3
640995,213778,68
977363,555885,35
772577,705172,20
829628,567413,4
525039,331274,53
737436,99259,49
247223,87075,50
474772,494537,9
692599,516586,98
266871,307844,51
934273,338196,2
70992,164320,84
727164,453575,72
251208,60588,16
310708,79585,16
587223,463827,52
549220,753440,44
81967,628838,27
883188,745269,95
738993,263774,93
252134,618627,55
279758,899576,46
184474,455079,7
515722,746013,44
252630,954000,13
891029,525111,12
545027,275310,19
150651,2932,75
294089,760183,85
408843,427214,42
199685,114638,50
727531,622335,87
598898,686753,30
261990,281647,25
655805,124417,49
76785,539114,45
891933,733319,95
906484,293005,88
545655,831439,28
3921,905456,73
5526,882332,73
369770,735118,85
141150,313866,70
158647,389433,7
207380,435936,29
778949,800379,10
979574,702166,94
313365,734695,85
33476,640808,27
73189,99124,99
985379,271688,26
269841,230461,25
362685,654859,31
231651,368074,51
235097,287191,51
820091,274543,82
249241,9917,16
678295,115614,49
125262,280675,70
313908,856657,91
850144,379250,65
65252,690552,6
113330,747760,47
609669,721912,97
190006,433261,7
828784,379513,65
481946,68224,77
642831,69959,24
808594,54329,5
113497,553255,1
565972,294944,19
126846,906555,8
471429,321953,86
80407,412935,7
201160,909171,46
437240,709054,64
74241,785185,37
605176,201206,38
672562,764634,48
207786,266759,40
434289,103170,77
980116,815910,59
15355,87549,99
442900,826637,34
293995,178349,50
517254,501914,9
669621,331681,60
572627,152685,38
177783,14391,75
872634,375753,58
296348,732522,85
500094,87285,77
7657,704407,6
979880,855337,59
659977,236226,68
250389,302308,51
902957,15090,5
632960,159258,38
656166,187857,68
320460,984458,13
788390,486668,22
441296,874194,81
590725,325379,69
651586,222481,68
242704,129406,50
939541,869561,59
717435,943433,67
289923,747777,85
896686,607217,33
503987,509549,9
1682,269753,84
749156,73985,89
479922,62532,77
980282,610942,35
105635,416264,7
164514,990134,8
188208,222138,40
473590,627330,64
543549,428615,83
741584,806742,63
915616,768114,95
702680,955289,67
549590,963876,21
868379,853343,71
146423,932871,8
765242,436944,22
734316,657662,87
329395,152620,39
99952,893283,37
418872,996885,43
657946,111299,49
609638,196207,38
665238,668164,97
840772,871409,71
774441,34308,89
620934,51083,15
552081,836282,28
396369,779991,34
322735,223456,25
635159,131277,74
376563,909277,81
220471,462544,29
991298,759093,94
87453,832851,37
741322,411507,54
214559,108407,50
999143,604129,35
603262,36722,15
195439,746900,96
158912,850667,37
166604,115325,36
279049,977652,13
408719,356568,62
852463,347729,58
286178,796032,85
910094,951507,80
987254,793666,59
152247,829269,37
528978,544597,9
44935,228151,84
537233,287012,19
813435,402472,65
352614,388736,42
488699,565002,9
995051,822396,59
13678,886824,73
857035,191593,57
108236,122851,36
756995,824486,63
150788,309716,70
399455,650874,64
241976,906605,46
325059,280044,25
708504,841474,63
656512,6583,24
640576,162587,38
612522,674038,30
560270,464324,52
893828,579301,12
321782,196547,25
368760,752038,85
508559,365599,53
628076,74059,74
714313,465553,72
562909,827049,78
219854,97050,50
135472,891008,8
175929,855071,46
188255,16365,75
59868,211032,84
817586,180635,57
938772,941440,80
785949,446675,22
272453,129615,50
442444,158165,41
280727,193529,25
651742,843516,23
984877,840599,59
951422,551836,35
711018,91314,49
725873,755499,48
678151,685964,97
8159,142032,84
132353,464406,7
284504,660414,55
587088,197138,38
311943,828816,91
913459,516004,12
485725,589431,0
581964,80122,15
626225,979941,21
871247,54104,5
340678,789414,85
686328,119098,49
688543,346397,60
908514,402216,17
58528,682053,6
272175,455770,29
127667,704592,47
91144,861484,37
977341,175070,90
406881,461404,14
831509,179175,57
408950,234339,79
538043,894743,28
960292,642988,35
712940,382726,54
482845,180348,41
114864,521113,1
355929,99462,39
661398,131774,49
740526,28087,89
72247,272030,70
10248,251930,84
198355,767121,96
17276,362470,66
49752,191072,84
354880,472929,14
518018,336337,53
830708,721522,20
630718,481481,52
252647,245298,25
727503,155203,76
502937,871887,28
811566,3548,5
638851,172409,38
678430,374539,54
877053,644820,33
501485,464392,83
40094,866828,73
788481,12168,89
523886,952386,43
757139,249761,93
738267,64984,89
195586,226239,40
409432,327501,62
317846,46767,16
16563,382757,66
998970,702863,94
19046,121363,99
756934,800922,63
112704,223258,84
300602,220496,25
883752,223518,88
681928,178903,68
832802,905771,71
305708,34757,16
161672,236110,40
302437,72991,16
760684,831855,63
998637,93618,18
439369,475287,83
162233,661430,47
655312,829326,23
490510,14172,77
203609,66059,75
254487,174726,50
620893,363857,69
350442,888545,81
786935,21641,89
735543,282751,93
203236,793177,96
928064,975354,80
788256,226468,82
248845,346382,51
643177,876585,23
771289,66630,89
864525,82475,5
174043,154096,36
905097,968233,80
106408,401808,7
188752,363141,51
321696,753521,85
431382,242732,79
597235,742365,78
933300,987721,80
637817,794245,78
886756,714001,95
229172,706534,55
729733,634738,87
54282,331635,66
796682,838679,10
688114,147061,49
664881,667225,97
57874,690168,6
657937,960117,21
694185,168199,76
920640,203439,88
206170,110557,50
144705,65636,75
158263,941452,8
986022,78691,18
566910,61587,15
104101,630804,27
929296,691151,94
185061,332708,51
831986,200734,57
749530,353269,3
404256,347057,62
988728,551931,35
315847,440924,42
619610,799650,78
731251,142957,76
694893,67684,24
577555,981491,21
919501,65172,18
355170,346690,62
834055,972260,71
779262,59879,89
398575,857604,81
750971,571883,98
642750,704931,97
776813,907664,71
109388,488309,45
18447,55251,99
616118,103227,74
944677,190610,90
593289,423058,52
341075,451556,42
307720,860379,91
402792,727874,34
383161,802457,34
896709,992447,80
56994,914718,73
678475,138713,49
358225,704085,31
559016,390220,53
434006,350200,62
818301,192531,57
872938,478734,17
91124,537121,45
393711,112491,39
652164,923250,23
68032,415056,66
860760,794799,95
190971,651142,55
748752,284219,93
871819,665261,33
58332,394125,66
63536,859468,37
79395,393250,66
366335,994811,13
800002,641310,4
509060,787132,44
338856,158585,39
354169,520302,14
719521,998148,67
882981,277365,88
687378,767482,48
85428,791894,37
369500,194908,79
834106,821170,10
420066,57967,77
261084,54311,16
815993,407314,65
740859,627479,87
45850,611005,27
164433,637471,47
986132,931881,80
136689,334619,70
951539,519416,56
837109,291735,82
203639,570053,1
893430,890659,71
313439,975644,13
665164,420696,72
638107,672288,97
153963,666035,47
59348,468570,45
268265,744266,85
891606,233354,88
988942,164043,90
82746,720882,6
873647,395500,17
183476,691724,47
806534,417166,65
324512,78816,16
677118,332329,60
455914,548574,9
893985,218642,88
730842,268588,93
163299,576881,1
647679,550837,11
928598,956074,80
742461,555660,98
981977,87476,18
214692,338468,51
639572,295846,60
289153,798885,91
863909,733934,95
229066,927139,46
429759,964289,43
818938,905304,71
455037,821781,34
684952,995527,67
822753,18389,5
70937,240041,84
377460,976235,13
587928,315384,19
668721,204499,68
21890,916891,73
187595,925093,8
47259,283392,70
986079,33093,18
205561,863813,46
111738,997105,8
345191,640965,31
700689,491511,72
826568,128578,57
17854,84332,99
369419,833065,81
338204,205871,79
86560,829287,37
829949,961778,71
603205,77624,74
634115,581481,11
961196,824024,59
375197,938742,81
444591,241006,79
598401,327478,69
934315,37459,18
577749,233042,19
740501,607937,87
597629,355913,69
836566,175557,57
593397,223945,38
843815,14220,5
996326,265544,26
6362,929288,73
548836,301922,19
405529,737987,34
361289,195685,79
893968,928245,80
21213,533108,45
950154,248537,26
167070,960353,8
653279,662935,97
962557,711074,94
37491,118308,99
416531,644500,64
113898,297950,70
647953,161163,38
682686,916851,23
527574,948806,43
583622,941817,21
126646,548033,1
791941,165645,57
7945,541111,45
464490,700059,61
900155,921713,80
246499,922173,46
976847,873194,59
777344,826649,63
493520,602720,0
919338,328377,58
37572,477177,45
928073,129776,90
160354,75080,75
874598,376743,58
926882,113907,90
451018,264014,86
290055,961966,13
778481,931340,67
47409,819754,37
620922,850305,23
81664,537346,45
185885,169283,36
143769,340872,70
39713,461281,45
765011,546981,98
112862,877555,37
78375,254308,70
158693,166552,36
252053,266403,25
443798,923218,43
531980,997333,21
185426,471313,7
364579,479593,14
521854,803166,44
823094,744740,10
850538,8553,5
754085,911901,67
331625,637908,31
331571,722943,85
511835,415936,83
642212,663744,97
561657,771752,44
845337,587539,4
768258,126663,76
839033,629980,4
82735,537150,45
892533,804957,95
912979,448058,17
520675,997756,43
296419,916393,13
826693,237557,82
637163,806109,78
279119,153298,50
489103,365647,53
440680,511064,9
459311,650101,64
252403,140406,50
815311,941738,71
801994,119700,57
813133,337567,65
489177,604029,0
927973,452405,17
586986,475611,52
602374,104119,74
937191,370627,2
128304,420426,7
104518,646213,27
903370,945466,80
448965,761747,34
686386,100861,49
183301,744829,96
357013,322779,62
955738,99845,18
98853,434807,7
808612,355699,65
239105,647397,55
806602,562955,4
588234,453591,52
515082,988653,43
299751,927433,13
367399,891753,81
705501,356234,54
239586,734517,96
39232,387669,66
566603,897052,28
764621,990346,67
752391,451622,22
426554,107959,39
472837,974783,43
189120,550857,1
253909,455776,29
233284,807043,96
984967,345015,2
671210,29289,24
273977,740758,85
936506,859806,59
769486,758280,10
415389,445375,83
425057,947097,43
873878,269749,88
677052,216343,68
88089,518866,45
595724,339958,69
683586,35628,24
806727,664484,20
983568,839102,59
789856,114476,57
1505,300734,66
442308,883352,81
507226,950580,43
404398,718290,34
307779,852450,91
132817,258515,70
873884,377471,58
163168,367998,7
948505,527122,56
349965,862056,81
577549,871358,28
919746,187078,90
230513,246126,40
640385,960420,21
794966,856,89
400143,216369,79
523783,227532,19
144010,392802,7
835693,493531,22
780511,63272,89
414481,192619,79
350510,23909,16
842323,930127,71
651531,293115,60
393437,508606,14
153675,825653,37
751977,489347,98
462525,658177,64
984679,502519,56
848636,36629,5
632701,807515,78
910598,426925,17
335706,220836,25
598261,986447,21
219588,617878,55
691638,364220,54
449727,575290,9
904654,535703,12
562839,650636,30
248767,38650,16
599542,516483,11
544796,390629,53
317204,256418,25
631908,479756,52
265035,455599,29
266550,909230,46
431088,298157,86
127291,389487,7
118353,171400,36
727242,758435,48
20474,113536,99
212603,230009,40
776523,24510,89
948005,126000,90
689736,396209,54
97237,273565,70
808693,708338,20
46568,670837,27
767552,257364,93
523366,221656,19
382963,465770,14
207650,974987,8
618400,463487,52
837935,184081,57
853701,153717,57
524453,498005,9
977355,415504,2
379271,412508,42
22212,321476,66
54113,491993,45
941010,559627,35
660749,210311,68
703306,469124,72
572652,575238,11
34503,901341,73
851907,11669,5
121777,718396,47
85022,979533,73
11802,365073,66
789225,505339,22
242796,683363,55
293528,328704,51
535729,9490,15
512205,644505,0
201679,625781,55
517247,381043,53
200021,763085,96
179990,95470,75
572110,457338,52
485947,322062,86
899263,926437,80
633644,658480,97
75982,42916,99
290094,624249,55
769189,764915,10
938873,648919,33
385188,859818,81
971735,957801,80
768125,882084,63
196007,290390,40
600850,491762,52
54771,550160,45
548775,276753,19
402198,752438,34
239159,548024,32
649110,601012,92
210815,176204,50
462408,694909,61
335910,640631,31
87093,776822,37
63933,524404,45
659777,885632,23
818681,574191,4
443079,836478,34
701945,606343,92
809039,527776,22
336622,609051,31
328846,926552,13
567626,92846,74
462755,535665,9
934899,847742,59
11346,703965,6
553016,545128,11
967058,358936,2
649378,106605,49
726222,626559,87
591455,596883,11
825724,943918,71
431406,641884,64
155968,369402,7
548679,649596,0
775279,116717,76
666181,509995,72
501558,695988,61
484125,698355,61
266491,928484,13
36242,128416,99
303309,728665,85
685837,869408,23
152977,87930,75
849605,317700,58
588770,469592,52
441636,586638,64
627677,383233,69
6927,430766,66
895927,853647,59
259789,278292,25
258104,959287,13
741646,861008,63
976443,94251,18
86001,431539,7
884702,202992,88
697794,834284,63
822356,347223,65
786475,285823,82
839609,314134,58
653339,672701,97
99521,665349,47
536162,280046,19
749710,387928,54
918533,799527,95
660081,982703,21
302427,896772,91
55847,622421,27
32266,306500,66
354329,218709,79
844268,623556,4
110067,896549,8
311477,998439,13
777968,323884,3
524934,575194,0
288533,377064,51
330622,774344,85
412543,623551,64
27428,989044,73
874880,111696,90
288709,333835,51
780831,442648,22
597783,954776,21
932186,256872,26
249454,576636,32
526023,884703,28
208533,826548,96
802852,546649,4
546427,809578,44
593412,475828,52
255989,415909,29
192172,846313,46
988814,13216,18
130884,777447,37
561692,368849,53
257808,984385,13
562773,537507,11
892235,804885,95
708579,97841,49
417643,328954,62
746253,287209,93
130704,746279,47
713269,916352,67
144414,167801,36
231990,63558,75
229663,948312,46
280595,976225,13
417908,788474,34
898702,489033,17
186425,247527,40
190353,267984,40
12138,14921,99
786947,231826,82
314382,819284,91
711179,790105,48
295972,405567,42
379092,410743,42
361258,678175,31
89265,281920,70
239890,832301,91
492917,470334,83
916532,164813,90
20227,971563,73
74371,958528,73
991254,21153,18
520947,562627,9
79033,321459,70
771840,318588,3
523854,425319,83
344797,9338,16
945133,855381,59
389183,6560,77
265074,111050,50
424769,99358,77
920986,21523,18
740187,329050,3
359526,566092,14
322584,673922,31
622218,630308,30
592288,588483,11
638014,114277,74
663402,803335,78
660286,429084,72
625125,478427,52
934690,339251,2
804762,638473,4
826726,787501,10
534460,680889,61
706589,641537,87
313208,96739,39
906605,310909,58
459723,574082,9
602035,413347,69
128374,583909,1
775179,444621,22
749282,188514,76
359523,508482,14
72925,663146,27
498597,930673,43
833717,293063,82
514833,813434,44
388995,844543,81
236371,693171,55
139819,947332,8
811567,8635,5
138413,315868,70
801015,673243,20
200525,223821,40
763551,7056,89
590476,143178,74
409123,139643,39
995757,702449,94
62265,496860,45
742088,285157,93
643041,592123,92
811695,162319,57
101568,55246,99
520268,159936,41
46296,102444,99
792933,829903,10
185660,395368,7
964638,676483,94
652849,435565,72
550568,397819,53
152064,754179,47
490488,635032,0
987000,521830,56
407496,798676,34
362071,334469,62
428098,53461,77
524284,646999,0
128815,997524,8
391913,897729,81
131898,814592,37
857323,38682,5
143491,655835,47
625899,492098,52
705739,357787,54
326824,935308,13
723834,481253,98
427939,385921,62
184573,128983,36
817850,612324,4
342845,210738,79
881800,427627,17
130671,190591,36
267235,427266,29
67747,628410,27
691842,801718,48
477036,544904,9
215598,561719,1
816658,586970,4
209710,606022,55
413297,298958,62
603735,989949,21
79590,675763,27
550824,712230,61
462383,277724,86
714113,98931,49
741811,619232,87
444505,811136,34
776045,990718,67
13863,995951,73
953366,228704,26
835594,833887,10
140233,909858,8
984806,637788,35
303375,836684,91
148193,692898,47
545404,609567,0
996409,659240,94
861061,858248,71
588379,893258,23
553,302109,66
553475,261748,19
200798,827698,96
130502,349047,70
447881,536121,9
588399,229221,38
523185,171775,41
27688,360948,66
461790,311938,86
756203,505861,98
9825,129801,99
575003,78633,15
600173,119382,74
467887,790558,34
921829,195578,90
92933,926286,73
102048,130149,36
422412,484742,14
71809,896248,73
247182,394950,51
930477,537869,56
968182,245945,26
611228,917209,21
533037,760546,44
504739,158097,41
140300,33192,75
866613,180893,57
274111,983804,13
798125,100753,57
355945,381289,42
337149,479427,14
731777,976307,67
792547,348660,65
928703,715504,94
489538,676932,61
200834,424584,7
991452,344550,2
858842,562249,12
729703,133921,76
819681,391462,65
316090,530390,32
270822,715025,85
432784,810919,34
124769,8727,75
684872,656654,97
390260,104710,39
875568,683202,33
591536,959650,21
843084,720645,20
885627,737099,95
424288,13200,77
867503,136263,57
175784,415960,7
41967,350887,66
370304,703190,31
530290,584858,0
713165,178672,76
940850,873719,59
601849,286603,19
940481,679218,94
626374,474533,52
488915,205711,41
401028,84201,39
175296,214159,40
386127,641387,31
791552,621400,4
871793,238403,88
855829,924247,71
826691,201572,57
826413,532837,12
405812,489540,14
714764,54502,24
20711,106190,99
741376,307548,3
975924,361745,2
852747,125140,57
240505,174832,50
416873,392404,62
148569,3519,75
147042,337802,70
439983,800248,34
783854,249551,82
217802,605584,55
53951,765247,6
517932,887348,28
661536,440960,72
227993,889612,46
710972,310963,60
356093,860033,81
590797,530256,11
25609,417438,66
889163,178373,90
925235,435272,17
619462,304408,60
195946,276109,40
566582,553216,11
914974,981726,80
876146,388581,58
892621,296835,58
909231,445786,17
326123,154086,39
734435,655225,87
376752,77031,39
666373,739124,48
466795,429505,83
693956,329443,60
950934,348955,2
902963,108279,90
853403,151829,57
803287,847353,10
467492,144703,41
30574,868973,73
829608,233431,82
281467,629755,55
301707,790169,85
382906,505122,14
601844,199714,38
607957,948931,21
692609,692664,97
604029,916382,21
644941,535503,11
214766,574095,1
825564,264114,82
971981,90327,18
140247,137941,36
390566,243692,79
744170,272283,93
275760,714148,85
699847,344722,60
751476,60285,89
212392,681330,55
123396,925688,8
53287,608609,27
901716,144058,90
184126,621452,55
747658,895350,63
158646,377811,7
873764,362032,58
683503,641032,92
825182,840911,10
199260,979533,8
14526,140223,84
739877,115585,76
645795,881160,23
665054,573625,92
930878,282618,26
970928,401402,2
377619,656876,31
121896,716710,47
760007,442054,22
608636,356569,69
857229,454242,17
449819,113962,41
365341,297652,62
637426,222279,68
843758,57242,5
81743,869167,37
102831,282566,70
95369,874429,37
543409,90667,15
852745,95658,5
737657,809584,63
681826,458221,72
329314,786449,85
863653,428241,17
451844,147923,41
142381,3093,75
984662,215605,26
673323,545517,98
518864,560591,9
866827,771295,95
155186,214598,40
756696,800286,63
415388,428290,83
278066,460679,29
640640,238870,68
689148,517946,98
126412,614812,27
161132,154923,36
797646,38277,89
335809,957734,13
648046,719996,97
984715,118110,90
84900,928852,73
217477,147341,50
364358,768258,85
118876,958933,8
802684,725854,20
433749,28142,77
995563,442586,56
548134,501244,52
413189,477128,14
105874,427443,7
43231,585471,27
12472,619423,27
654726,981077,21
967103,101831,18
479304,674999,61
714045,958269,67
635340,165944,38
22378,117352,99
350474,426084,42
196838,261986,40
202554,334918,51
977030,958552,80
393412,90396,39
300428,299656,25
323528,539249,32
159444,782065,96
169668,619777,1
599049,219616,38
99443,343280,70
515300,650995,0
276175,682348,55
237983,787733,96
437784,837347,34
304980,808332,91
645195,801329,78
938495,299800,26
749170,309003,3
428162,134752,41
785094,78314,89
231041,119045,50
793097,581905,4
81180,406022,7
27826,685708,6
709456,828054,63
108689,751596,47
84450,356691,66
908231,641616,33
647369,343484,60
945879,398898,2
290685,546575,32
297761,481631,29
786677,681881,20
374329,353567,62
411834,696195,64
964449,500440,56
908429,972949,80
364581,526903,14
667783,437339,72
363141,322690,62
458820,393258,83
491298,258674,86
550181,907967,28
203540,908460,46
500243,591520,0
679881,761771,48
97192,519361,45
