x,y,cluster_id
242578,13469,8
383138,414652,2
67768,993126,3
484308,765337,4
31833,30935,8
932640,887879,6
591329,478778,2
833354,186335,1
735652,115053,1
698658,355604,5
638300,908210,4
294000,264971,9
377493,541620,2
9281,999465,3
12901,842497,3
852470,467010,5
53607,976747,3
196754,856972,3
144213,800662,3
729397,985790,6
183405,499760,9
469862,970991,4
450770,95791,0
974081,390235,5
680670,26669,1
231241,468739,9
97960,415410,9
796294,316402,1
778534,828493,6
487140,369048,2
602845,24264,0
811111,355792,5
806109,274877,1
859817,951019,6
777276,680837,6
835185,961129,6
705424,73751,1
536857,957185,4
418065,418776,2
381617,836927,4
240062,726211,7
431612,116690,0
223913,309587,9
244801,377033,9
807539,314736,1
775229,283334,1
996348,632867,5
600910,509480,2
834128,199442,1
35980,730005,7
197911,293197,9
770346,214750,1
309220,60662,8
557590,416916,2
115944,685545,7
959950,893088,6
136133,997800,3
27973,148064,8
522975,641339,2
989146,578132,5
680530,674978,2
362046,914709,4
530369,917610,4
283108,208988,8
471815,806578,4
161689,514298,7
813117,64168,1
479624,43309,0
902915,294501,1
685730,66033,1
821219,242774,1
310257,492554,9
356179,307990,0
396981,70916,0
886516,684032,6
528226,902819,4
686503,63316,1
152140,23765,8
418942,174793,0
752751,490316,5
747743,329274,5
117577,118127,8
374985,376969,2
728744,14480,1
382012,490499,2
827576,79664,1
923967,118042,1
938251,195973,1
726117,857863,6
103637,838910,3
565110,810400,4
406969,934977,4
160874,816054,3
431739,248100,0
830522,596218,5
645779,608168,2
495466,304382,0
755627,828610,6
455550,438144,2
897430,118944,1
98993,780745,3
997533,539816,5
698849,561277,5
384785,92576,0
929386,192648,1
841254,969376,6
318446,127999,8
288386,909935,3
279052,41813,8
755507,809000,6
866244,973541,6
313587,467795,9
243042,823442,3
599615,743697,4
327666,83176,8
951140,823081,6
527120,310801,0
646964,528517,2
786098,952490,6
515310,819254,4
207082,441170,9
757169,750570,6
841330,249551,1
217528,1761,8
607765,712493,4
871078,223776,1
14974,680695,7
452619,175360,0
288399,131390,8
272306,650010,7
719640,990750,6
535380,148002,0
469616,838895,4
313226,398227,9
5279,739131,7
580105,833601,4
347811,666053,7
354997,440055,2
14917,711650,7
706767,635577,5
146365,957588,3
183773,679719,7
48126,868372,3
730391,687771,6
373259,371670,9
663645,885499,4
586741,364693,2
406085,74556,0
75646,387667,9
531298,530090,2
229012,19601,8
439383,726733,4
208291,749221,7
166750,575130,7
211249,463602,9
769233,500985,5
67848,329471,9
430095,618497,2
83209,503956,9
994746,709053,6
62870,660778,7
710643,782564,6
561766,616936,2
851959,876326,6
416611,994392,4
751597,103922,1
622708,854272,4
763144,172256,1
113940,992884,3
414314,380142,2
62500,450930,9
789565,228458,1
697292,386877,5
247648,231501,8
849283,902588,6
803927,613533,5
663457,738469,4
452902,931007,4
436138,171789,0
273068,465220,9
955457,369525,5
607397,533230,2
999677,575269,5
555215,505000,2
540809,380896,2
724384,729940,6
104473,885740,3
639572,287519,0
332946,834822,3
860169,869593,6
256492,871667,3
117700,192914,8
305697,859094,3
796018,674653,6
900226,112347,1
221747,915444,3
880066,285789,1
257319,771158,3
861762,644236,5
684291,882927,6
369671,66247,0
417820,301777,0
980466,702029,6
7364,783108,3
703318,672688,6
870522,869668,6
524434,177186,0
980344,642136,5
393063,217912,0
447246,868568,4
31640,773725,3
9819,42467,8
744825,278843,1
523351,969780,4
102327,819686,3
470454,926986,4
854907,426604,5
934752,387852,5
632230,906357,4
147351,540271,7
343122,859703,3
37949,811880,3
271485,855588,3
870383,540877,5
534808,524330,2
423039,21274,0
554457,763045,4
498689,467937,2
617602,46054,0
32396,486973,9
571333,395104,2
522923,772502,4
453133,808894,4
94785,52884,8
826935,303685,1
42690,506413,9
285958,109358,8
982686,19644,1
173411,524345,7
675854,86444,1
873180,538256,5
478759,506532,2
299840,413003,9
344194,871591,3
838942,102171,1
196498,555389,7
424329,714240,4
233338,727393,7
302701,508484,7
92123,325340,9
998452,999447,6
711751,399947,5
915277,68584,1
703078,646216,5
966967,821532,6
497813,752719,4
952957,363209,5
467852,199519,0
319607,637251,7
293620,877284,3
523256,367777,2
237859,699470,7
999000,202858,1
442180,722977,4
79262,168652,8
539282,715609,4
251904,750679,7
674102,637241,2
116274,231005,8
506655,355788,0
732259,84308,1
967997,128374,1
585623,581955,2
922186,193661,1
864539,311585,1
811253,744298,6
429059,196341,0
917628,585903,5
274474,86126,8
521532,393337,2
826258,922274,6
661199,778269,4
376760,214791,0
994520,904005,6
626417,198418,0
813554,408777,5
327680,324291,9
367317,511847,2
620384,803852,4
341576,879053,3
250295,716161,7
534048,751257,4
386673,821553,4
854750,796623,6
844887,19776,1
383249,271130,0
883418,620394,5
964801,416189,5
902504,390258,5
74399,429715,9
223790,239575,8
552139,814155,4
516846,642578,2
822119,358702,5
709654,167894,1
807477,278000,1
359047,513118,2
989323,555229,5
734375,650304,5
661679,842450,4
72134,360306,9
669352,806694,4
106581,312340,9
513709,915202,4
801957,495907,5
725267,570966,5
239062,924139,3
4986,808315,3
353592,834880,4
839796,454535,5
374671,108680,0
592807,314266,0
880309,355704,5
327136,184438,8
855266,459639,5
154120,306519,9
672925,858988,4
25724,353126,9
998767,287106,1
403714,223334,0
576057,802292,4
127505,976868,3
225842,738540,7
646862,809815,4
561670,1315,0
111739,2849,8
893928,255271,1
349886,542663,2
542610,659326,2
304556,687893,7
434005,323590,0
589821,134435,0
462490,70127,0
629891,585425,2
253674,504712,7
696317,16186,1
52367,132880,8
315584,25240,8
210313,743236,7
574919,671006,2
608211,212948,0
31110,873539,3
579454,892040,4
521551,712622,4
41863,596998,7
751981,550487,5
35726,446954,9
959509,480178,5
357800,549171,2
923869,471037,5
731501,345154,5
16405,722120,7
675589,628740,2
237498,636867,7
829868,607283,5
621287,975722,4
973083,621237,5
132736,906385,3
616378,468377,2
14476,303459,9
245720,816957,3
608290,539205,2
424689,751438,4
430810,628092,2
345266,893285,3
456783,165931,0
810127,812538,6
334136,834506,3
549359,88853,0
352562,523797,2
458504,87214,0
817071,518386,5
520241,704018,4
443985,70005,0
588148,7255,0
937220,858295,6
379421,943657,4
52889,905543,3
469229,342547,0
188338,400091,9
335425,498812,2
536861,26511,0
579792,570720,2
104485,89116,8
780534,447421,5
815274,324253,5
733585,370990,5
235025,68069,8
47294,877899,3
859542,324578,5
186882,928701,3
689450,600241,2
266814,354545,9
842451,76321,1
733023,918199,6
184514,137053,8
455505,682579,2
107825,225534,8
556607,898878,4
458725,805522,4
420218,606961,2
197918,418513,9
953410,967169,6
215132,729668,7
532081,695311,4
97791,579595,7
262600,528353,7
31083,414922,9
596607,175765,0
82470,85277,8
252503,829532,3
958437,460401,5
966716,608715,5
679522,741861,6
466695,750819,4
22240,788280,3
625487,571436,2
128128,461503,9
481417,186445,0
589343,103250,0
330431,556650,7
624015,829410,4
905440,730891,6
89809,423409,9
243339,806022,3
817059,316019,1
347653,17202,8
127524,307548,9
960467,574613,5
532236,291130,0
25211,730439,7
503756,634589,2
538167,985049,4
730439,490467,5
283424,520330,7
197125,91670,8
697768,401666,5
808041,751828,6
983132,511241,5
432666,828883,4
48384,205276,8
80313,821012,3
757363,8609,1
707157,189128,1
680946,675023,2
127441,915777,3
464064,524562,2
320625,760533,3
294147,739293,7
312291,675442,7
165789,427107,9
397577,92002,0
290437,384309,9
82044,925550,3
721616,213077,1
186101,803504,3
504920,205865,0
980372,124577,1
776937,996788,6
17328,239384,9
332762,745003,7
267561,910812,3
19009,497406,9
906774,166610,1
230936,355255,9
779472,588468,5
394199,317563,0
290800,475775,9
362539,193552,0
44196,805903,3
813759,851464,6
564542,260234,0
763298,762542,6
44144,930766,3
389826,819942,4
765440,760514,6
966042,280601,1
70368,685962,7
964895,1139,1
146132,46477,8
147215,254032,9
524450,432983,2
161411,846487,3
913975,182299,1
909292,474804,5
46046,897454,3
512430,424367,2
349529,550215,2
478212,309860,0
823446,666155,6
77972,484115,9
526598,538193,2
414083,500447,2
18624,25006,8
287518,320761,9
30486,382682,9
751338,737903,6
952214,869233,6
200549,641193,7
542255,683283,2
943362,87182,1
283571,981982,3
172243,900475,3
299713,279151,9
697794,836100,6
339123,647658,7
193305,887822,3
638140,228485,0
149953,269467,9
948273,637831,5
40760,64007,8
770440,791028,6
808978,506184,5
446060,935134,4
809826,753518,6
387116,265002,0
893533,617219,5
601806,554563,2
553467,135407,0
786284,90982,1
141422,887534,3
789736,94881,1
675275,347341,5
775765,297738,1
89194,87366,8
364210,280764,0
805982,141354,1
738005,650951,5
540762,602548,2
28278,269437,9
431553,118445,0
710573,606347,5
879124,448669,5
782282,820982,6
259457,706066,7
852164,326385,5
562070,710548,4
196002,221354,8
306021,297215,9
301958,10359,8
109793,296194,9
136531,678842,7
313124,676199,7
877292,655694,5
250228,591121,7
977002,486192,5
430209,531175,2
471716,133042,0
41837,161437,8
279457,847490,3
779934,351890,5
223913,306152,9
499712,666297,2
460131,429919,2
652146,630747,2
974738,421745,5
270729,152068,8
810341,405655,5
858824,260347,1
659526,658617,2
390842,895279,4
965477,784319,6
64369,856170,3
654323,218280,0
638217,520501,2
65709,374082,9
205302,517220,7
918035,424475,5
152224,438185,9
585705,946647,4
297843,849297,3
146692,467539,9
943533,961072,6
748604,789923,6
252586,226657,8
426687,344493,0
895017,552102,5
178670,911525,3
1627,348707,9
724558,661643,6
239147,350197,9
768439,165283,1
911430,418744,5
831055,548144,5
672461,65380,1
854762,994810,6
776296,213350,1
780540,535883,5
586894,931210,4
856026,239074,1
130708,813366,3
255189,965174,3
693344,48560,1
150135,330008,9
458016,877102,4
468099,356033,0
855049,823421,6
250833,762169,3
776482,340047,5
179205,906942,3
983798,704694,6
802638,939609,6
16014,161869,8
544660,113148,0
689317,352054,5
984868,680902,6
922855,425236,5
955076,975835,6
863676,810105,6
443603,642803,2
599618,782140,4
441281,616519,2
840588,775751,6
54643,393956,9
230453,232462,8
997603,714695,6
888529,521034,5
25289,44722,8
644519,436345,2
654821,587228,2
546599,692868,4
35328,765762,3
175141,595542,7
289130,412239,9
502562,564201,2
536599,627309,2
189077,819114,3
865331,624967,5
821899,668647,6
957923,814533,6
856777,853233,6
292285,447019,9
63966,92841,8
380868,255788,0
36412,991412,3
667741,733999,4
325196,583595,7
488764,667166,2
67141,453105,9
335806,898567,3
222368,343760,9
589718,397795,2
753452,271553,1
218,666513,7
86064,492552,9
331103,860917,3
437529,555893,2
900287,138799,1
797276,820266,6
220819,307277,9
411484,813708,4
5974,405751,9
461672,330896,0
385117,664285,2
653832,955598,4
749923,957199,6
647581,895951,4
263295,210696,8
172066,923309,3
62027,503377,9
270310,113454,8
826725,781561,6
697279,176449,1
591138,271203,0
123186,389876,9
648284,724937,4
27815,496005,9
365009,710649,7
888142,6528,1
732732,42238,1
906359,176035,1
626265,636628,2
812437,629874,5
297298,690003,7
894775,491711,5
190341,69922,8
185334,911032,3
728059,491349,5
114253,261181,9
681789,835962,4
22854,118492,8
508964,170729,0
444857,724577,4
966472,504457,5
421891,732427,4
916412,152779,1
759500,932912,6
463855,26065,0
87796,603038,7
264076,325429,9
490573,73370,0
133243,423548,9
587391,294335,0
900293,241081,1
864629,826222,6
319393,42303,8
989090,639798,5
88958,130479,8
963129,319547,5
637683,550394,2
476744,645707,2
401749,208499,0
255176,755091,7
824497,334896,5
604644,259054,0
936577,58469,1
702505,2611,1
893644,477155,5
557158,159383,0
757319,269378,1
436915,244025,0
341386,678381,7
556456,363597,2
976096,261845,1
837832,455306,5
340140,738492,7
838163,10166,1
863728,683183,6
273097,950126,3
773734,164077,1
652271,725725,4
272943,365600,9
655343,351713,2
243255,402613,9
723965,680854,6
123297,261724,9
804150,361057,5
297167,501711,7
271521,465598,9
320205,686505,7
102040,1116,8
758899,819795,6
307084,162805,8
267077,770362,3
487890,978026,4
686407,447194,5
993502,791547,6
542651,338569,0
337652,918201,3
220304,659358,7
838643,89632,1
452402,525893,2
691637,347229,5
881189,156135,1
175218,898030,3
202446,516774,7
433467,286153,0
381265,933473,4
891852,364863,5
261152,191209,8
652788,414443,2
552273,60222,0
152052,547179,7
447529,629865,2
149661,361168,9
155977,515622,7
69174,623831,7
735693,807013,6
480659,444560,2
731063,990739,6
351500,667669,7
522571,854045,4
946983,952144,6
692021,812608,6
511050,224011,0
966500,978391,6
824190,168318,1
933801,405607,5
51988,766692,3
795650,499217,5
350803,954842,3
41902,262928,9
39298,496141,9
658151,545651,2
758756,412482,5
598829,521751,2
72999,895807,3
831767,524524,5
688145,665722,2
805639,387532,5
260766,707758,7
302174,653878,7
737836,820310,6
953547,269616,1
448563,15009,0
273042,21652,8
919776,682284,6
152520,417282,9
268832,274600,9
218522,701903,7
886238,17152,1
282081,937983,3
695537,894112,6
351414,225027,0
30544,369400,9
509515,434505,2
726246,31457,1
698925,838227,6
90299,656945,7
284910,495104,9
222096,768958,3
885650,129575,1
781288,108898,1
254319,347684,9
541060,609374,2
749789,707047,6
349649,565372,2
222516,835035,3
435364,172746,0
346145,673032,7
650491,814657,4
945008,765865,6
904353,475219,5
18253,782937,3
825366,939543,6
903418,749907,6
692057,410394,5
498846,114126,0
122227,272752,9
145801,483149,9
299740,744382,7
830073,38872,1
337565,463319,2
3177,407989,9
72370,324033,9
34459,166962,8
135095,541866,7
145298,37440,8
268732,595015,7
419959,266128,0
816027,971400,6
326940,881076,3
254108,809641,3
647788,378185,2
160600,220332,8
127164,246854,9
886556,346737,5
621975,539081,2
345074,661911,7
740201,573687,5
967708,277254,1
808407,912229,6
848464,150921,1
545608,35536,0
268556,622215,7
580360,118124,0
315317,532872,7
993768,265875,1
564594,145663,0
159422,415063,9
968169,19403,1
118412,165552,8
446318,280092,0
512132,404636,2
722206,119429,1
246048,329758,9
247805,860895,3
73814,600265,7
654149,291218,0
505451,130000,0
916369,427290,5
469615,830755,4
513926,568692,2
9142,661204,7
862551,907201,6
328505,197791,0
274385,597895,7
821890,507690,5
751772,35476,1
258163,962228,3
177659,927442,3
532199,682958,2
486770,152062,0
719304,358104,5
657716,242012,0
511020,725362,4
167867,340893,9
389685,436554,2
168204,4930,8
865417,75490,1
772478,47852,1
256073,828780,3
314452,8313,8
721180,884284,6
175914,600878,7
972434,711106,6
562233,463928,2
242174,218545,8
91632,73475,8
895381,682700,6
148105,206138,8
574866,777720,4
148148,932684,3
622352,886595,4
15845,313634,9
260497,179452,8
64106,436877,9
606106,827812,4
44174,442853,9
38842,831778,3
702222,253625,1
684563,456885,5
867658,729092,6
855769,925571,6
78773,940038,3
234979,302275,9
337800,408333,9
861433,115931,1
468418,707094,4
134634,805523,3
436332,443267,2
989277,779134,6
921152,804133,6
79997,512120,9
203381,227984,8
728568,57905,1
220248,712328,7
108589,67620,8
493188,26330,0
535295,713444,4
856125,894547,6
661345,229144,0
224344,555068,7
35232,161004,8
9371,502253,9
372830,154043,0
16201,300869,9
720729,295774,1
84228,635636,7
135320,335573,9
983496,627689,5
581780,989074,4
382185,391124,2
625693,35387,0
753161,377106,5
29806,965724,3
925212,50386,1
854117,145873,1
699758,848907,6
591717,993080,4
705928,543080,5
548909,523414,2
34276,83044,8
721979,309497,1
730015,369676,5
153033,40352,8
209195,951779,3
557925,45782,0
460857,634163,2
390532,680045,2
524206,332584,0
751909,350477,5
478207,238507,0
593432,812433,4
564719,245211,0
275696,632427,7
204459,355115,9
423492,636566,2
768454,409700,5
836554,972956,6
474675,868969,4
767850,268745,1
799870,421564,5
235436,983230,3
153839,583642,7
273905,538073,7
393064,234339,0
545063,884139,4
738266,52157,1
605151,789116,4
681866,121999,1
443740,940641,4
357292,15947,8
37314,142958,8
695613,169161,1
93245,177303,8
934087,209417,1
683274,802244,6
329324,964006,3
61453,846185,3
847387,38238,1
669441,304301,0
388493,413164,2
51053,57149,8
518097,671399,2
204299,655409,7
463472,580675,2
405447,351155,0
865230,932593,6
90591,573776,7
453396,227115,0
122325,925423,3
585910,392221,2
72148,603604,7
784572,309345,1
163232,447450,9
297934,391186,9
669410,783276,4
523323,500049,2
335821,143853,8
748186,770163,6
143503,855783,3
153310,696870,7
299309,495168,9
296116,831163,3
359620,145829,0
962045,96997,1
234047,631645,7
66130,450176,9
123385,735202,7
555062,930672,4
816155,122266,1
936490,602538,5
859314,500129,5
668252,320747,0
798684,496473,5
232905,438296,9
452176,736052,4
833106,26009,1
141307,949091,3
378831,13075,0
751950,25212,1
745536,240149,1
197255,274272,9
693050,102709,1
239531,813463,3
883097,219721,1
867177,651950,5
333819,497642,2
879322,774805,6
158403,282467,9
437674,987061,4
535721,864875,4
956956,569361,5
264541,152769,8
589402,90625,0
137783,724098,7
924659,744082,6
796387,879672,6
662489,457969,2
99091,428118,9
386559,904085,4
965117,737080,6
103915,513843,7
163639,293112,9
348921,321667,0
270602,23702,8
371931,49495,0
872748,275667,1
146722,969327,3
488819,596305,2
101812,161350,8
820818,492225,5
838009,433553,5
730040,787800,6
559365,254691,0
592493,41438,0
452454,404403,2
808356,44645,1
358498,278535,0
343883,656200,7
766914,538329,5
711036,394351,5
869030,793574,6
611259,433397,2
107854,709571,7
774190,821240,6
593434,860854,4
389015,175340,0
944062,863325,6
904945,420155,5
559495,443429,2
713401,137053,1
465648,155552,0
372323,636105,2
22946,669984,7
428548,614195,2
788360,968954,6
216611,582131,7
884498,772624,6
501411,221118,0
341683,672160,7
4474,207135,8
324423,585788,7
344812,260619,0
228897,75460,8
268969,564252,7
387670,572543,2
734233,269060,1
105796,122725,8
641645,133418,0
366279,58809,0
406691,267197,0
787883,956607,6
696008,810665,6
849490,387349,5
187938,683689,7
762548,145832,1
1247,969778,3
61106,10156,8
697222,216741,1
769867,168569,1
150759,807388,3
778061,878874,6
241909,774239,3
648644,768397,4
455517,880961,4
327679,309241,9
420151,482812,2
636180,292454,0
283061,412256,9
793444,429173,5
119609,276762,9
548990,875193,4
372582,989898,4
231415,399510,9
579637,962833,4
345796,794865,3
300875,814105,3
673124,211328,1
790360,581230,5
737625,272812,1
162626,267198,9
810016,945471,6
547859,873238,4
515237,603928,2
230113,513108,7
812783,457341,5
545122,879278,4
31104,780084,3
886726,208887,1
780325,939040,6
450219,837236,4
428397,72104,0
867855,48646,1
608610,922980,4
532228,163787,0
773860,276242,1
807459,978869,6
853246,522099,5
922630,658647,5
895314,558027,5
773335,454523,5
174958,527402,7
56195,480200,9
725944,955187,6
842620,914593,6
569582,966320,4
948107,839537,6
99223,647872,7
791721,463593,5
608784,844791,4
403138,543117,2
168961,736218,7
621532,98395,0
739130,569993,5
886779,105735,1
90082,19726,8
544786,233272,0
618436,55810,0
12355,661680,7
871635,576546,5
12552,975694,3
495722,605387,2
741714,238,1
11499,271766,9
575154,628918,2
240742,158462,8
282576,257007,9
524368,60129,0
591842,94499,0
259734,350116,9
402581,190496,0
670601,797720,4
292782,790946,3
446040,594992,2
46015,390610,9
993732,668097,6
708336,11153,1
462346,653469,2
865517,751617,6
431338,506075,2
602926,391413,2
489633,271500,0
104404,719744,7
745281,939802,6
260342,573491,7
663712,21535,1
954379,255236,1
765984,902903,6
96337,148934,8
139275,799879,3
576323,263659,0
322871,501548,2
522994,972856,4
798314,263975,1
641468,162387,0
254220,677608,7
560911,234065,0
939487,973489,6
429920,667674,2
601719,95697,0
383606,280928,0
567093,146859,0
273254,582893,7
691052,527648,5
180700,26089,8
486346,33361,0
709503,624747,5
129371,350974,9
833279,930390,6
77562,595368,7
360088,413,8
943914,376378,5
799696,494948,5
600324,662232,2
147557,4582,8
18892,533151,7
684244,98451,1
679476,966777,4
621846,377735,2
606424,184923,0
2469,507869,9
760893,341951,5
170468,58201,8
188936,450198,9
481465,983623,4
765368,550158,5
515568,161918,0
368816,699929,7
707770,504196,5
38803,178018,8
956165,274246,1
263093,811242,3
549946,951166,4
249375,258902,9
377096,861000,4
827171,274018,1
425691,597573,2
415183,994431,4
415829,847539,4
602008,949619,4
251351,457359,9
837562,920270,6
979574,700914,6
267319,837844,3
649455,398050,2
39719,571985,7
367024,584263,2
718978,870128,6
256065,700404,7
700113,814213,6
483066,903289,4
588381,928039,4
554483,212161,0
794661,879351,6
255422,893973,3
5303,142275,8
223110,819353,3
874756,39219,1
161644,755281,7
15347,948811,3
672529,211090,1
803106,813531,6
27758,542002,7
434785,444295,2
271661,811357,3
483756,491700,2
12831,661349,7
301021,267390,9
34347,278044,9
95313,930538,3
560008,66389,0
812235,235757,1
383949,40690,0
881513,594492,5
627292,901896,4
171516,683638,7
917026,460890,5
180264,702775,7
552612,754461,4
232109,67054,8
982663,621556,5
503817,659632,2
436894,880913,4
514167,613852,2
24935,94850,8
145688,579831,7
230428,819261,3
328540,776104,3
996164,541967,5
856088,277164,1
302927,303302,9
608687,211545,0
439819,46454,0
766181,205278,1
123733,592661,7
855691,599541,5
499790,974694,4
684477,16473,1
863901,591963,5
133589,246594,9
516366,566603,2
899298,515966,5
849073,384979,5
355820,267841,0
609764,307010,0
932852,445981,5
615953,326408,0
942830,155479,1
150533,8922,8
964888,880589,6
69581,457699,9
559233,40274,0
896103,804760,6
608177,643948,2
839299,99800,1
338913,115578,8
531827,427889,2
540352,710404,4
774367,798947,6
907227,773395,6
463358,658925,2
564644,975500,4
242637,2980,8
100307,862353,3
579898,353254,0
151113,757299,7
934581,513414,5
959552,206042,1
961499,920383,6
889004,501238,5
320196,545130,7
3435,746576,7
702916,912419,6
28342,348857,9
254831,960087,3
195418,396498,9
949062,889182,6
482897,60572,0
38358,696095,7
277616,897886,3
782126,192715,1
976367,815555,6
47561,367183,9
250198,93442,8
489054,543753,2
868320,862548,6
857057,565897,5
34491,702990,7
158204,950383,3
92834,265531,9
783404,680779,6
864418,276963,1
932470,28687,1
154262,697631,7
97959,397025,9
814029,399500,5
409374,358252,0
152011,861245,3
949625,357007,5
217499,509412,7
697051,337279,5
649929,369638,2
511522,150934,0
752145,317765,1
693008,399197,5
307755,451051,9
822738,772750,6
625918,811399,4
184419,543721,7
334906,773060,3
820718,807505,6
750658,320686,1
785342,246740,1
966998,336515,5
815811,338525,5
590288,980198,4
201272,782310,3
296841,20052,8
20866,697485,7
639954,718517,4
117304,528517,7
801422,503480,5
990531,856212,6
365333,163257,0
870528,967686,6
903693,378242,5
114596,19018,8
637913,404685,2
548960,376755,2
125468,753744,7
180463,52461,8
725937,832360,6
488572,444666,2
514411,717296,4
602637,521330,2
996356,770079,6
721412,781988,6
888241,674649,6
828435,516216,5
54127,717784,7
806198,773172,6
717055,545110,5
675831,706302,4
819734,276546,1
924551,936277,6
14241,361904,9
527166,86567,0
935600,639263,5
104474,906597,3
187777,975702,3
635548,659510,2
386401,243495,0
430963,196589,0
74268,225950,8
550329,381741,2
930692,149910,1
551242,725455,4
737414,718154,6
14629,885911,3
506598,393911,2
475021,678999,2
949483,969361,6
63705,704533,7
90754,306791,9
238242,139257,8
500294,441330,2
447531,654471,2
704467,984301,6
151992,535817,7
476856,532104,2
86363,514913,7
155124,175092,8
776137,545787,5
46215,751050,7
899979,947709,6
150080,410950,9
844016,388512,5
724458,966576,6
258840,327095,9
488267,305935,0
855019,307585,1
595217,815383,4
146287,651429,7
579234,196287,0
10309,278585,9
193866,317682,9
282931,235907,8
896855,456782,5
149574,896150,3
597415,755360,4
350980,924660,3
765605,525304,5
794308,950352,6
567872,236853,0
800813,264530,1
969201,370581,5
367793,498939,2
668545,236943,1
312609,24453,8
982474,440615,5
416742,188084,0
135925,497706,9
961435,847083,6
928276,542958,5
499754,378958,2
159582,94952,8
874509,882619,6
179285,257453,9
12982,203487,8
10752,721330,7
394248,133799,0
761338,821643,6
360747,87044,0
954615,230061,1
651675,711518,4
490738,842402,4
254990,631384,7
673267,605070,2
412090,2655,0
632375,328978,0
143520,145335,8
656858,826975,4
978240,284650,1
129133,340829,9
317550,74956,8
795116,523358,5
81564,856555,3
130503,370288,9
441438,248965,0
364857,159503,0
778416,850863,6
466530,971393,4
218310,136577,8
452236,745810,4
838533,224679,1
181327,578062,7
493051,709459,4
877720,847493,6
822971,678187,6
297579,423227,9
186750,722863,7
158476,506997,9
103082,506982,9
852662,692375,6
749167,264103,1
795872,227019,1
509287,592673,2
62189,224082,8
146216,458424,9
748036,254604,1
136100,437518,9
369257,118654,0
218680,367580,9
919956,701102,6
434314,524580,2
632318,384484,2
31709,939447,3
300288,943997,3
764675,893321,6
56236,171276,8
644175,660743,2
107918,794424,3
884694,52976,1
381471,391468,2
416627,264816,0
776791,534620,5
360716,560627,2
459909,704880,4
926502,721595,6
857947,527426,5
456404,796534,4
359700,488333,2
428072,611545,2
243076,392482,9
449116,295463,0
861457,523474,5
35660,343037,9
422954,593877,2
298042,197567,8
511678,780876,4
184322,907815,3
648739,370588,2
476892,135705,0
806736,819782,6
87898,315510,9
784424,814768,6
808639,807053,6
154885,161933,8
618360,782304,4
183469,563653,7
322168,691674,7
973753,875743,6
628993,494229,2
513687,542189,2
579436,590646,2
1329,351664,9
425282,730685,4
633715,862316,4
955479,742365,6
936087,815174,6
633311,73692,0
551892,663472,2
977056,382373,5
559254,385409,2
581022,243863,0
620345,146350,0
720456,720330,6
594062,407779,2
553845,486004,2
282944,451203,9
369869,403591,2
156053,790084,3
945671,905708,6
240476,689488,7
232479,283954,9
419288,976058,4
612061,912972,4
323431,912937,3
738606,751718,6
130905,120610,8
99089,395412,9
690142,229444,1
266216,302794,9
73476,914392,3
187987,513432,7
267309,666485,7
629584,419521,2
895081,633322,5
255640,542391,7
976002,675323,6
155109,922417,3
78647,827960,3
526706,360790,2
802648,112274,1
2696,326488,9
283871,23940,8
366885,250377,0
98251,318207,9
117525,248070,9
319077,733301,7
593578,280697,0
689268,540515,5
437002,698227,4
114725,192087,8
420168,778446,4
344590,527895,2
333144,161882,8
757749,492506,5
555424,19196,0
638441,282668,0
806620,874882,6
158318,859313,3
474740,959667,4
137082,937656,3
199555,929304,3
825561,215035,1
98511,689352,7
945270,154596,1
297508,226904,8
583530,404522,2
816610,772620,6
439778,361037,0
949771,802371,6
462480,903543,4
848070,526143,5
885616,554063,5
150036,671530,7
416868,308881,0
377294,183520,0
432834,645844,2
707546,740104,6
939596,798308,6
175216,871413,3
842428,703073,6
564368,344779,0
701073,934733,6
72950,77787,8
370613,900643,4
117706,301301,9
972525,237201,1
641695,968124,4
265998,633237,7
819211,491369,5
441982,406060,2
654656,810236,4
650921,34420,1
502268,630748,2
981852,989594,6
115967,65038,8
95760,439556,9
622380,348375,0
139959,294460,9
994231,44761,1
312977,210368,8
660995,353646,5
729113,215931,1
163043,280095,9
560459,650478,2
585070,283993,0
83739,402733,9
748310,850522,6
729120,328897,5
779478,687315,6
716464,612782,5
41966,325984,9
817062,367055,5
105570,319508,9
985034,482703,5
793321,352556,5
409054,982992,4
157585,547487,7
617918,359611,2
982900,608371,5
905399,55600,1
483297,773789,4
75356,517709,7
142626,118354,8
184423,606121,7
85691,214293,8
638219,560689,2
512251,407412,2
373729,276984,0
273457,998579,3
122545,625229,7
233725,229815,8
500913,856350,4
674480,993035,4
954025,313159,1
278790,629290,7
487476,17135,0
4565,739554,7
686417,619084,2
957943,151239,1
875498,505404,5
338261,159107,0
126081,46319,8
498717,945760,4
394182,17790,0
998900,525119,5
686535,610058,2
250482,855968,3
258509,761231,3
22548,980160,3
557999,296889,0
828594,189759,1
283321,785083,3
901814,790843,6
707819,315321,1
615167,113610,0
455838,270732,0
193164,515266,7
89202,230667,8
821111,414213,5
689897,109471,1
880706,37874,1
553728,519739,2
255202,192476,8
945325,93932,1
725917,488884,5
689664,193891,1
736071,161548,1
140826,874258,3
660527,488716,2
854288,26314,1
261920,98504,8
562220,245439,0
101742,984765,3
955899,810508,6
211777,338149,9
281804,288377,9
753290,550223,5
601289,873116,4
472743,398130,2
375548,836279,4
350232,364730,9
29361,480928,9
972295,366873,5
48551,1771,8
768158,447923,5
246552,799580,3
546738,30260,0
584984,828868,4
788940,727599,6
763882,569139,5
523443,511583,2
178129,823764,3
5093,605523,7
33573,263042,9
962840,459098,5
67424,199124,8
692065,544420,5
83468,855268,3
505736,911692,4
821867,122202,1
858017,695332,6
445916,511949,2
342937,744871,7
50570,938489,3
188180,757236,7
865898,159981,1
808412,989178,6
127998,262449,9
993705,203015,1
75276,164882,8
178256,960386,3
215869,125298,8
895538,317158,1
477585,780458,4
171723,155807,8
656736,762081,4
311292,887653,3
795626,98444,1
563748,917503,4
485947,318235,0
577285,435434,2
353729,135301,0
4940,38098,8
325248,448307,9
704363,232399,1
944267,306864,1
479426,717079,4
948340,765752,6
3712,391831,9
510152,139749,0
768994,482184,5
71325,774551,3
880603,305922,1
635826,328753,0
356958,401138,9
934269,261498,1
668,232162,9
955871,334649,5
451182,23349,0
436483,974807,4
596843,143468,0
268774,293049,9
275284,704814,7
821293,481305,5
296768,790396,3
198206,256078,9
907177,928476,6
906825,19552,1
613702,490084,2
846799,160303,1
223203,380972,9
4238,235973,9
998417,400464,5
598673,902218,4
586080,260836,0
880712,133559,1
734726,550408,5
711715,804720,6
940338,261410,1
525945,566742,2
245010,890290,3
120636,543869,7
819450,496208,5
775091,961085,6
972313,666060,6
475116,282028,0
45402,73875,8
618326,221168,0
187134,173262,8
25010,346286,9
38012,870850,3
386523,300523,0
902434,210237,1
464392,37261,0
250149,259355,9
980821,662146,6
689160,726988,6
500733,832968,4
706156,367834,5
197512,599976,7
812397,964734,6
295297,60486,8
596013,202505,0
505973,889124,4
509641,547389,2
982911,800290,6
475040,9311,0
501832,291985,0
392523,145788,0
263213,824818,3
723617,844065,6
213967,146511,8
415514,546904,2
820392,332608,5
148652,395572,9
378805,589644,2
162998,510465,7
397449,934304,4
848397,19401,1
75273,129264,8
549782,200565,0
899119,501601,5
412281,217109,0
964259,302515,1
384354,837852,4
792826,38791,1
973617,583752,5
130046,697597,7
529302,992877,4
286924,339565,9
74671,2733,8
937242,229782,1
952073,505880,5
340050,235234,0
585967,362300,2
180989,883290,3
468424,808422,4
154377,627630,7
579590,180689,0
853862,865781,6
182641,654700,7
548920,713517,4
87150,736320,7
333683,225694,0
248651,83404,8
777006,150050,1
899638,217241,1
181602,194039,8
217422,217279,8
808228,898584,6
513149,498741,2
349859,84797,8
187391,481162,9
895888,206203,1
664727,72408,1
967290,256805,1
123998,48087,8
213876,619782,7
681492,838677,4
645907,763770,4
685379,167063,1
844162,843276,6
946322,842699,6
248668,369411,9
693936,990944,6
810059,663165,6
826107,392494,5
649635,425133,2
225417,598504,7
65050,296349,9
753066,786788,6
551256,964254,4
218405,747744,7
347455,679858,7
389291,819241,4
995262,370934,5
299124,384750,9
496050,119173,0
954990,528199,5
450541,249264,0
387351,219666,0
937882,986524,6
513466,839628,4
630319,779980,4
127718,564851,7
461741,487289,2
882542,884272,6
962724,511529,5
283458,81512,8
982686,15692,1
746828,943657,6
57537,38989,8
298791,780725,3
652077,461848,2
279927,744454,7
38926,234091,9
380026,104045,0
697901,624950,5
536745,89336,0
478008,896976,4
482482,75279,0
221694,11060,8
899420,557177,5
482675,320272,0
814027,356565,5
793068,107455,1
997388,100180,1
739529,270242,1
965662,889330,6
971823,444881,5
131712,693749,7
848923,860404,6
816885,392244,5
460759,980937,4
611240,122995,0
187638,646888,7
251308,739837,7
453145,24331,0
935479,600588,5
89116,787429,3
332212,503563,2
395020,101521,0
274033,681332,7
147885,507427,9
342340,724872,7
930402,267352,1
386731,789151,4
266112,549422,7
136647,631639,7
964332,538166,5
964959,72936,1
851605,928536,6
906832,128894,1
328140,52040,8
647792,451377,2
301995,641305,7
423197,686058,2
592866,307988,0
364807,319069,0
593037,173339,0
322113,761604,3
286086,250464,8
564616,501269,2
841902,854087,6
654213,364370,2
966962,731779,6
22459,470884,9
153244,588531,7
443903,691860,4
99034,466069,9
235489,875460,3
856301,857188,6
764895,601439,5
397183,461721,2
159380,712294,7
532482,439497,2
629816,331469,0
6182,908779,3
854880,983874,6
973615,550380,5
252918,796504,3
845140,273376,1
644953,741321,4
395518,482858,2
406733,976923,4
160663,269645,9
924571,274822,1
944343,581326,5
355923,998955,3
453123,648227,2
755532,231224,1
198377,125068,8
29554,727486,7
872186,833442,6
672226,105496,1
74709,636755,7
944997,572538,5
657911,512550,2
442694,366638,2
95546,843433,3
587182,770090,4
908141,142076,1
875623,608146,5
121952,663443,7
491625,751064,4
139145,610977,7
693121,300331,1
678024,562287,2
360884,393459,9
877706,607302,5
928253,150849,1
325031,796711,3
329322,923591,3
800315,900302,6
378106,828224,4
964203,365902,5
731095,526524,5
296938,652421,7
251952,566351,7
673920,579525,2
91674,765255,3
652013,392734,2
691916,35020,1
596305,98392,0
679337,621292,2
62118,18727,8
748388,171543,1
123919,706836,7
793895,2085,1
56483,320598,9
296391,445621,9
565661,66217,0
914427,791244,6
446143,325544,0
418654,328243,0
793603,94099,1
525698,422601,2
670810,316135,0
289282,963987,3
740697,901476,6
118862,721231,7
736983,481008,5
311942,821608,3
767156,603502,5
68954,910806,3
920554,752031,6
391821,347951,0
19090,848691,3
958200,470330,5
845414,880932,6
834665,217815,1
818484,276402,1
496827,177470,0
754507,8282,1
195655,384886,9
789740,161820,1
717977,39662,1
610344,55919,0
847114,459968,5
694133,302923,1
234321,234622,8
306235,897556,3
236024,859912,3
554031,610119,2
274140,472506,9
412230,363886,0
846133,965895,6
805621,86397,1
81292,281776,9
821048,368884,5
845224,684612,6
275836,981809,3
270006,5574,8
689294,968030,6
688679,638952,2
878181,602431,5
65722,590606,7
329749,94063,8
932585,962865,6
877073,974537,6
56962,361010,9
511502,817773,4
320042,954805,3
415542,30667,0
434152,808783,4
230606,804050,3
684031,511462,5
148877,179903,8
634733,964717,4
13187,649375,7
46569,699849,7
378133,286293,0
739405,189805,1
64667,860162,3
759155,126764,1
524966,105688,0
314426,572619,7
12514,335998,9
123070,448772,9
514531,737321,4
163445,33015,8
888656,657891,5
182199,232656,8
265988,473477,9
738342,319927,1
16839,28442,8
40785,488486,9
985455,556887,5
616183,202840,0
135449,493984,9
395475,752681,4
325713,267179,0
479305,684696,2
689364,153263,1
902853,264551,1
312810,405632,9
463858,74331,0
281336,421060,9
759439,900982,6
811875,197518,1
691952,644483,2
838481,351647,5
141060,804371,3
70835,524125,7
980485,20554,1
463804,164116,0
305037,766483,3
290446,538504,7
639546,861608,4
46515,793188,3
119990,676533,7
497572,703653,4
299808,882508,3
318300,676037,7
157050,540517,7
485971,730168,4
937226,965963,6
944773,806075,6
702753,184428,1
690755,535332,5
330248,480746,2
905595,336892,5
147891,616778,7
188316,42434,8
190045,91193,8
684482,96529,1
363936,678804,7
665789,922666,4
249883,785982,3
6487,38901,8
822706,227730,1
465889,212366,0
247882,166075,8
236129,633031,7
360700,285099,0
672078,619512,2
148607,651002,7
399793,321712,0
24047,166567,8
496299,297695,0
374693,476535,2
131925,275620,9
353809,481397,2
846812,375489,5
854688,749306,6
589615,671165,2
281245,892186,3
984063,156896,1
967254,650457,5
233862,525750,7
294905,478063,9
818531,57035,1
601967,274727,0
353266,343610,9
60736,803086,3
472059,902524,4
726189,70879,1
276959,863402,3
207707,937294,3
110217,427088,9
82206,645291,7
418374,618593,2
693445,746177,6
11761,680446,7
258131,418569,9
905206,803736,6
400785,6811,0
486892,197797,0
381747,33272,0
215700,270200,9
252735,717594,7
616209,628414,2
765755,44589,1
413698,36750,0
669388,412275,5
106014,785356,3
484967,845731,4
206917,667176,7
240464,488961,9
971271,164388,1
885608,413901,5
439789,535815,2
451655,980427,4
37226,661488,7
644619,126512,0
292473,601398,7
711789,39925,1
23289,426991,9
441666,88754,0
697551,753889,6
623441,178417,0
660444,95090,1
183429,897801,3
350229,302072,0
937829,104719,1
19339,32371,8
61305,362573,9
777235,898,1
95227,481947,9
99263,321699,9
800667,815018,6
9192,505630,9
132203,943439,3
384489,118871,0
875794,476761,5
930516,193398,1
441779,992127,4
687628,968247,6
335525,170555,0
534559,345753,0
82571,783700,3
662522,7318,1
999516,876893,6
956619,902013,6
148324,892781,3
976122,687161,6
127391,70936,8
222909,441242,9
956185,602789,5
87901,367062,9
223834,987025,3
937058,144846,1
439045,44820,0
300250,307729,9
5574,691837,7
717811,260409,1
700245,27534,1
764167,355222,5
221639,101081,8
869255,570760,5
773186,940810,6
210473,431993,9
513573,635052,2
319684,930129,3
678532,98484,1
231799,851561,3
200644,234845,8
55903,572620,7
35125,348668,9
66846,489003,9
679080,310410,1
75342,273182,9
375973,985667,4
119701,826555,3
924873,352304,5
189005,623785,7
967410,268502,1
728600,595710,5
102436,643253,7
169705,233873,8
711595,791222,6
82044,924564,3
147855,6806,8
396184,674832,2
916063,278243,1
443418,533230,2
5633,675526,7
570865,537750,2
976676,8837,1
525337,345989,0
49038,187034,8
484653,563378,2
697575,144198,1
544473,971440,4
1173,729987,7
897010,59856,1
12524,493128,9
7243,736825,7
833230,105147,1
207029,547775,7
455577,891831,4
11471,803866,3
588490,764731,4
842605,669174,6
807621,694627,6
597270,324506,0
977058,422797,5
951929,86898,1
508953,986645,4
544542,131793,0
56719,286266,9
282869,196009,8
339407,422017,9
847895,580548,5
271368,890159,3
917185,131920,1
185828,220766,8
421535,753848,4
936974,735943,6
6424,974719,3
103501,549650,7
972851,720026,6
491481,321430,0
285118,983544,3
428867,973615,4
550302,937540,4
240450,258639,9
945704,455362,5
270875,606871,7
689894,59804,1
141903,966499,3
959991,578850,5
740206,647341,5
869832,278941,1
164799,784701,3
473367,887805,4
341458,894012,3
663399,760267,4
807837,332996,5
673449,660320,2
2287,452728,9
12225,470352,9
211719,375568,9
186165,878589,3
456264,442159,2
373044,761679,4
543486,374583,2
626890,148764,0
291799,274881,9
936343,127511,1
86116,361827,9
233232,944053,3
707682,12952,1
697113,384322,5
301378,272062,9
560771,883024,4
987929,134701,1
930290,389555,5
262146,892986,3
422659,640615,2
821153,122781,1
595084,592921,2
229050,652480,7
242622,751112,7
951209,971874,6
301352,838020,3
606578,767460,4
710263,396481,5
672775,342185,5
103813,793615,3
289343,998899,3
508574,615651,2
260407,664103,7
586028,378789,2
308913,902537,3
947558,617217,5
573498,782384,4
529017,197879,0
767187,115605,1
981045,433853,5
774636,310676,1
548260,618324,2
174109,250414,9
718460,161766,1
816887,436424,5
991573,372980,5
691235,594050,2
212245,213746,8
442635,368048,2
794543,893558,6
40899,399967,9
248680,578359,7
489804,141836,0
851281,482870,5
598464,389657,2
979846,280576,1
656353,336969,0
443351,409160,2
759273,105520,1
487017,310510,0
744581,178788,1
901512,720405,6
847165,317652,1
788798,334577,5
243628,663403,7
824505,470003,5
341481,273732,0
613804,219289,0
594938,133821,0
135251,171009,8
160620,555747,7
442150,224147,0
255259,152231,8
555823,730198,4
450245,267976,0
873643,322222,5
595166,959092,4
465348,117523,0
209650,600075,7
466774,80081,0
926329,818623,6
598494,890107,4
32171,707299,7
580389,605198,2
569562,630099,2
84728,34895,8
489555,967353,4
305076,426880,9
580548,271196,0
996328,293868,1
41617,464949,9
403664,386554,2
818825,992453,6
172700,569378,7
547558,822263,4
789063,796695,6
66622,726194,7
152070,849973,3
513015,244175,0
864615,592816,5
467937,624779,2
666205,922476,4
69144,118889,8
180678,662836,7
291448,367937,9
922280,766190,6
357697,822157,4
6310,67010,8
241490,729943,7
168594,574838,7
313976,8049,8
294922,767435,3
296710,808218,3
731945,810564,6
150221,771250,3
404778,108395,0
807193,508337,5
627130,183586,0
546174,553896,2
342655,14621,8
742954,837359,6
507096,771711,4
152641,440986,9
652402,920787,4
676384,990317,4
257843,578790,7
726245,6123,1
911105,943799,6
439822,89398,0
514024,211681,0
737007,886492,6
284746,733351,7
430491,274072,0
344397,292372,0
901535,98817,1
830760,590586,5
981327,163273,1
139246,317642,9
612431,130521,0
677692,982680,4
914810,224739,1
191054,57337,8
669299,914879,4
375622,85876,0
331176,88498,8
402675,761890,4
90780,745521,7
983570,862409,6
509389,307125,0
861598,881567,6
502765,982219,4
166353,895276,3
919842,787477,6
129735,467251,9
88562,467264,9
321060,60337,8
88366,179806,8
4688,800354,3
559102,834498,4
417430,756358,4
113646,58523,8
601183,92210,0
785975,895854,6
620728,585871,2
749465,268221,1
5308,225187,8
734438,702136,6
814254,175332,1
815264,145945,1
908158,414934,5
809069,32099,1
500152,60408,0
284697,914564,3
78633,600870,7
826246,716761,6
610420,338114,0
682946,279903,1
345246,559428,2
317817,554097,7
712799,27724,1
973166,5267,1
538267,662772,2
223007,92175,8
194904,767480,3
39980,951958,3
569394,813592,4
54758,325175,9
231980,890556,3
586856,292664,0
819429,156442,1
325094,867233,3
594135,641982,2
799960,934104,6
491448,779008,4
795635,245478,1
764174,474691,5
145975,416324,9
163518,262639,9
185165,76877,8
80376,891628,3
600630,794264,4
210603,616137,7
421799,190343,0
105250,946909,3
713457,74754,1
402659,496020,2
620579,77121,0
179938,226586,8
246870,154468,8
148301,503364,9
50397,33145,8
72777,171504,8
470675,642273,2
684467,851524,6
573478,454193,2
623409,644298,2
732555,54271,1
146526,664917,7
261599,695194,7
136362,842206,3
967962,549590,5
971577,301562,1
368980,458152,2
175832,221082,8
728847,737197,6
85325,67205,8
518665,205662,0
563184,437829,2
603134,882937,4
522293,184653,0
477208,438000,2
474363,625121,2
424425,323952,0
662528,118851,1
544535,8340,0
179649,367914,9
535689,325607,0
477202,340241,0
435851,359042,0
425627,528389,2
643332,484550,2
845357,916935,6
930686,43464,1
505785,737468,4
636969,550957,2
950736,32085,1
267583,283495,9
716943,667243,6
367407,9689,8
848430,572835,5
638424,4018,0
535211,302991,0
379021,214592,0
651870,983152,4
837702,268423,1
393688,721337,4
525050,524852,2
193088,241298,8
499586,551925,2
211286,96074,8
732506,233888,1
960959,848228,6
178820,435067,9
177573,484401,9
331746,662441,7
658146,463294,2
586611,177677,0
223490,212111,8
965481,845310,6
138352,288446,9
914801,73361,1
987156,139195,1
458447,130973,0
267040,148909,8
729823,137417,1
572681,64707,0
539311,213797,0
289808,807464,3
48249,935738,3
963280,856050,6
640207,968501,4
608550,909050,4
417161,227481,0
273319,682334,7
987993,207704,1
892582,634833,5
653883,814002,4
946064,504542,5
852700,339318,5
925811,111247,1
733077,832398,6
113547,394738,9
377415,223581,0
730380,507154,5
744184,512044,5
935900,683194,6
446639,669040,2
566149,272102,0
232993,926723,3
440263,511832,2
373846,231987,0
18322,941247,3
549549,282833,0
581593,833811,4
870593,60638,1
155807,661486,7
605519,963722,4
288283,185339,8
6671,119830,8
988386,818865,6
676822,363046,5
721172,749694,6
120572,456153,9
566116,712924,4
121106,437663,9
805638,358254,5
177901,988248,3
492031,571643,2
611520,826400,4
320641,21762,8
762440,333738,5
136394,380293,9
585510,682307,2
544097,647436,2
469918,916651,4
161711,886872,3
669521,655531,2
519154,427646,2
454980,853456,4
40576,971433,3
876531,859173,6
126649,597855,7
161501,349126,9
774685,137345,1
358671,186086,0
552943,322633,0
501475,296399,0
581471,798587,4
863399,163417,1
564951,139699,0
925992,152410,1
555256,192891,0
923160,555085,5
319079,773505,3
303196,825237,3
774996,365813,5
230342,366421,9
442776,737724,4
937575,828618,6
586493,196878,0
930076,794301,6
827642,186892,1
101007,625394,7
7015,908119,3
758044,447897,5
810591,618629,5
307870,383311,9
318791,926353,3
215639,247411,8
236891,436063,9
923718,941993,6
84489,18919,8
978174,185953,1
328282,443278,9
177430,79099,8
428703,211955,0
337151,509918,2
202999,814642,3
693461,9816,1
993693,1329,1
346475,215729,0
764357,548678,5
637638,785538,4
551784,848779,4
441657,931921,4
811815,178838,1
733447,55746,1
937309,368026,5
413368,477124,2
39287,303941,9
353149,390148,9
228816,714666,7
399131,200066,0
513282,734672,4
643629,480505,2
860880,818753,6
783749,476699,5
883418,621184,5
250117,732327,7
226167,199749,8
189277,181221,8
789126,848512,6
956122,547865,5
977900,570078,5
313902,758327,3
209374,953982,3
584994,2981,0
110113,679202,7
353367,41869,8
708461,113160,1
881485,130904,1
117949,376241,9
489602,749097,4
88583,820093,3
307625,259472,9
953614,392403,5
122726,665742,7
138268,875066,3
242565,797015,3
442532,638256,2
181070,249641,9
730091,652387,5
670359,730239,4
131217,370922,9
92727,470201,9
672493,597894,2
817405,136537,1
789922,228951,1
982536,498614,5
221094,937960,3
295359,103929,8
740080,526481,5
576161,548284,2
24199,723802,7
942423,314301,1
470699,40290,0
170221,915790,3
684587,864818,6
11789,145301,8
76596,352287,9
888442,46569,1
700616,268836,1
335615,687118,7
400994,522667,2
470535,287897,0
697811,124869,1
688892,217231,1
7223,400581,9
575238,33689,0
221411,268954,9
312055,713985,7
946640,192382,1
377602,364976,0
157012,905008,3
486036,822400,4
87864,733518,7
239884,736193,7
208879,636978,7
692912,783138,6
201419,263676,9
615648,198664,0
962492,615641,5
87898,308177,9
533516,812581,4
53466,604152,7
990127,81128,1
522120,281571,0
376225,222206,0
629028,77145,0
579685,782191,4
299912,627256,7
300486,281724,9
948260,406288,5
495298,480550,2
606287,872309,4
901451,691213,6
233411,950968,3
920500,844556,6
453748,155237,0
77643,954746,3
421586,600035,2
802628,783379,6
258687,768428,3
970727,13555,1
826039,247425,1
487390,566048,2
583266,956765,4
365457,245596,0
735206,608946,5
568344,158798,0
928424,38920,1
136536,761497,3
483704,624006,2
681335,210488,1
678195,429313,5
467277,535534,2
721883,696616,6
28021,958062,3
157896,769765,3
443199,856136,4
80478,604578,7
144783,375528,9
506327,848622,4
799952,798449,6
546966,871958,4
12898,790952,3
544597,50359,0
383838,171721,0
131553,21130,8
141188,954533,3
841984,241108,1
307179,761990,3
777942,872662,6
845296,905948,6
273827,214759,8
457694,464041,2
146157,468569,9
243205,560269,7
443365,635632,2
68248,56729,8
445885,996059,4
766556,508848,5
209824,520500,7
55495,717269,7
140356,978797,3
656790,682736,2
759000,519730,5
103895,172417,8
827631,10932,1
736916,350935,5
176099,702320,7
898657,743790,6
895162,997537,6
607491,106103,0
280498,332476,9
930878,269470,1
987444,984461,6
845398,607917,5
270463,681755,7
267282,224092,8
324571,73078,8
237724,432460,9
368673,298415,0
469016,766686,4
704473,83985,1
548799,680805,2
303587,388407,9
969519,722190,6
855023,373413,5
959553,211748,1
852546,756663,6
244950,888554,3
941443,840655,6
895814,953655,6
94037,485433,9
682877,122595,1
457900,933619,4
346859,664399,7
561039,399191,2
210888,407847,9
695666,60068,1
565821,753549,4
913204,235121,1
683291,79087,1
215504,991068,3
892569,421674,5
90685,147447,8
151071,56064,8
280301,32151,8
366382,794337,4
437363,769815,4
289237,222572,8
771413,142489,1
815914,82529,1
76385,803380,3
420719,35193,0
505045,301195,0
197778,70672,8
800807,170958,1
303406,353349,9
746815,733848,6
792513,771512,6
806054,356624,5
794210,289776,1
274597,166406,8
791771,310398,1
865924,585047,5
888762,425437,5
333963,916648,3
105033,290210,9
575778,111276,0
218821,725219,7
757869,515176,5
576005,925480,4
554485,245806,0
275612,226631,8
992340,260326,1
310845,387080,9
662528,114602,1
119516,714650,7
132627,75304,8
640850,780380,4
853661,482292,5
897609,117414,1
382537,314206,0
870676,454882,5
218152,482819,9
750571,848766,6
210450,42584,8
719386,736640,6
723720,563464,5
145257,346560,9
638946,779593,4
620914,705478,4
974895,60859,1
865193,311554,1
304026,780249,3
648127,81291,0
272972,841037,3
312897,863825,3
321470,946751,3
56616,547200,7
797117,159786,1
528193,345261,0
802938,984557,6
458092,153004,0
547549,669289,2
751456,735068,6
291144,257772,9
375814,315905,0
423259,716627,4
357271,661209,7
955529,576124,5
919733,961358,6
549166,833028,4
711930,420526,5
793073,187080,1
262844,628728,7
45971,644115,7
656424,521255,2
741453,606514,5
697235,443885,5
391093,101835,0
553537,310919,0
630526,254770,0
932587,993826,6
240563,149192,8
476883,988202,4
714043,926275,6
908862,251386,1
60639,164886,8
245320,107693,8
997875,298279,1
177995,578425,7
602901,972217,4
62625,539232,7
886038,640974,5
853343,136068,1
908377,99401,1
642820,883261,4
974658,89368,1
14600,390807,9
294582,45624,8
809025,290793,1
372397,879895,4
402852,734603,4
483464,581867,2
439128,440497,2
434009,404836,2
83600,73285,8
709509,726818,6
645204,955586,4
548300,280701,0
743270,151253,1
113725,384138,9
208663,10473,8
28020,944992,3
489790,908877,4
497479,134849,0
418637,40069,0
440706,950530,4
569191,400153,2
374610,86321,0
811542,591028,5
413575,971481,4
688626,746222,6
757301,970144,6
221123,430136,9
312242,855826,3
870926,659740,5
262512,43064,8
789649,636875,5
974570,609448,5
8089,958011,3
306536,957633,3
940645,436135,5
127625,5330,8
584387,792762,4
964004,20709,1
60460,166079,8
305651,83203,8
402777,474221,2
243448,633964,7
45933,6282,8
589766,198707,0
673001,142200,1
961468,401753,5
274397,803352,3
951904,658608,5
235035,240993,8
374723,977493,4
734206,816688,6
90104,379496,9
205370,654328,7
306350,832947,3
347191,255643,0
603805,153026,0
910286,182694,1
546929,251382,0
987063,578140,5
799686,337802,5
453076,862968,4
911558,571222,5
537390,924302,4
759594,505919,5
980819,628563,5
260511,424551,9
433017,728753,4
152287,499386,9
189012,739099,7
45181,357320,9
479644,388186,2
247087,798629,3
562443,987117,4
476724,310832,0
162870,367973,9
533331,710537,4
998833,389857,5
341139,524442,2
296946,771578,3
914777,657382,5
622178,960715,4
745285,19537,1
367327,680513,7
391256,854150,4
710569,545786,5
39720,574685,7
747561,268099,1
953273,674825,6
796985,930797,6
908441,171473,1
952115,211506,1
787029,611083,5
481862,656425,2
541228,425888,2
911297,172372,1
65875,174936,8
159696,16295,8
875347,966796,6
952072,483168,5
617389,468589,2
583285,271777,0
761430,359814,5
403016,490252,2
675593,704601,4
233278,719255,7
525597,720116,4
992680,979187,6
208784,41298,8
110977,192022,8
319272,15477,8
121943,507088,9
629694,267937,0
226809,987108,3
326497,442989,9
318711,578691,7
66209,788955,3
977424,581617,5
246629,94304,8
974568,574316,5
534958,45720,0
426094,365504,0
32858,252853,9
703911,643764,5
747977,251936,1
303910,817270,3
866256,176800,1
481483,293618,0
845619,321365,5
188643,539425,7
123227,90132,8
860341,755535,6
289719,311805,9
519246,980640,4
629819,373144,2
444904,507120,2
166833,969413,3
931282,62962,1
207535,49865,8
84811,421939,9
537135,631789,2
492007,166065,0
60263,847394,3
153504,957985,3
859486,387636,5
9036,881949,3
930257,837647,6
348864,361270,9
874006,427800,5
38292,583491,7
734116,289678,1
620721,469478,2
519480,905870,4
960546,910833,6
373419,54604,0
738185,679185,6
62515,703049,7
147872,298307,9
652641,950663,4
798877,726768,6
797272,757006,6
877,749458,7
142467,456128,9
158870,144118,8
198166,578048,7
262439,816993,3
211296,262706,9
303553,826803,3
80918,995480,3
38856,61991,8
886260,384177,5
878193,805173,6
552123,546478,2
661416,429349,2
70307,653648,7
867563,147931,1
276431,982328,3
992620,975064,6
910565,878461,6
299051,155462,8
855666,191216,1
778769,778219,6
531144,951395,4
106273,133201,8
724716,315212,1
783906,112714,1
388918,560963,2
118351,131094,8
307633,391025,9
972295,362264,5
572794,950236,4
623231,648020,2
279591,90301,8
695420,924677,6
50868,946144,3
852697,289010,1
400909,80236,0
530029,204595,0
643897,991945,4
635015,706284,4
524445,355800,0
935745,66799,1
706374,31804,1
533796,520799,2
82208,676299,7
571091,326879,0
865268,569972,5
528058,71215,0
920139,790929,6
158460,238967,8
328451,291513,9
461594,12795,0
53913,127132,8
715913,363008,5
81680,797025,3
609695,153873,0
155147,557809,7
105515,401647,9
496317,601726,2
223149,476486,9
313600,684492,7
261321,23603,8
704468,2967,1
869617,654510,5
357421,181966,0
304023,716323,7
247474,297020,9
18694,198242,8
854263,603400,5
354462,453708,2
485042,102231,0
204190,834839,3
143194,670626,7
211759,36388,8
579307,413969,2
580153,643850,2
191942,973849,3
485855,766610,4
421559,146677,0
213175,833880,3
32496,160666,8
321940,860071,3
229585,644525,7
532006,441206,2
351081,627161,7
706811,373462,5
792106,938575,6
635511,40397,0
958132,328878,5
453627,111506,0
88874,714540,7
278036,960261,3
114466,834568,3
599713,380786,2
876038,582052,5
551135,942734,4
533879,915443,4
852979,33504,1
107299,383051,9
954353,826492,6
862874,332142,5
324810,94134,8
117129,601714,7
9403,47954,8
976646,490739,5
855300,29265,1
868955,528684,5
605477,256829,0
532183,401428,2
809455,517412,5
156759,655040,7
257865,953078,3
389425,75051,0
395014,4161,0
943949,951123,6
540244,882994,4
490063,489846,2
853324,820063,6
807105,23307,1
726443,340516,5
59592,568899,7
493927,439828,2
199522,382241,9
334170,403013,9
454290,259457,0
698145,735922,6
653799,408136,2
550104,609306,2
612202,294927,0
849252,392747,5
906256,460424,5
359263,149555,0
575668,256528,0
473022,86728,0
639055,605884,2
95315,963017,3
441829,828476,4
210282,219793,8
64572,275847,9
170088,674576,7
602810,435517,2
749460,189825,1
391284,326675,0
436066,972719,4
500085,929411,4
627395,633848,2
89419,874624,3
815270,252227,1
191321,535210,7
277861,11183,8
965902,926296,6
267552,759755,3
208160,559082,7
500578,226161,0
99681,347117,9
11571,488539,9
886615,343965,5
35402,13630,8
86233,330534,9
300764,951641,3
231067,545989,7
442515,363441,0
363177,924358,4
689359,63612,1
137490,805585,3
475549,556927,2
286379,178252,8
886004,80731,1
852316,884684,6
897333,489478,5
668426,241454,1
122766,335452,9
958337,778092,6
393004,222288,0
999065,293110,1
313757,322385,9
335890,308660,9
648733,265871,0
501287,136494,0
67971,394146,9
413985,858545,4
574512,828858,4
617691,549257,2
363827,845602,4
43521,465627,9
794882,584894,5
320437,590267,7
624615,913405,4
610102,986747,4
273387,829194,3
272392,100408,8
565614,280269,0
495129,637973,2
423944,241261,0
880285,966749,6
162141,111135,8
861009,993474,6
320478,283182,9
454226,186211,0
658182,66879,1
43908,971335,3
238965,286995,9
535849,20202,0
543046,985857,4
300322,520581,7
416603,848618,4
728755,199191,1
805350,531708,5
429340,919234,4
579723,418029,2
824434,270447,1
413154,890393,4
849434,452043,5
501490,558449,2
861232,731590,6
845767,808828,6
975387,334584,5
353307,33966,8
877491,992951,6
541546,767769,4
897056,829431,6
254770,920065,3
533365,272047,0
308981,49304,8
653504,442657,2
742728,34613,1
742753,457315,5
98691,700767,7
792316,459259,5
777969,338981,5
261327,137860,8
24637,85065,8
702893,523409,5
942582,986318,6
50024,764552,3
829061,43849,1
978310,461329,5
572504,89810,0
447585,563567,2
870862,587316,5
34016,712580,7
338022,140635,8
654145,226822,0
212531,9409,8
143084,818460,3
873430,747653,6
815036,317864,1
355994,206110,0
104642,724333,7
869180,315457,1
901194,380762,5
481214,763715,4
773841,960878,6
492286,862411,4
546181,666267,2
962217,995837,6
41548,309354,9
323093,238310,0
292246,778781,3
973001,243616,1
456654,990756,4
644206,180946,0
161621,368979,9
441662,25713,0
160668,353019,9
196628,738319,7
944198,150706,1
928135,165252,1
398952,192838,0
38952,678856,7
540988,398900,2
326248,254285,0
768345,587831,5
681003,632423,2
145065,114841,8
134702,940715,3
597889,728435,4
814962,68619,1
294251,484582,9
370584,417897,2
603858,53817,0
515088,88463,0
801163,162107,1
532532,272332,0
92004,316225,9
801320,801581,6
177734,189664,8
683596,198111,1
662746,786578,4
18957,619718,7
601523,807753,4
911892,173415,1
601521,769983,4
110526,622131,7
155984,635295,7
413493,584813,2
954861,350841,5
585577,803787,4
251449,112080,8
740572,797936,6
918316,145153,1
589125,434005,2
337678,357840,9
224015,32727,8
51154,756426,7
265735,210164,8
238242,143530,8
319926,1836,8
870503,545383,5
256183,670661,7
812127,431654,5
819177,924239,6
687702,221992,1
31496,365145,9
992443,993350,6
249425,95995,8
395840,895051,4
127981,992197,3
862342,395634,5
427570,179407,0
298593,462743,9
338331,341108,9
15148,606920,7
510841,716092,4
362174,72087,0
579359,302700,0
485224,161817,0
666322,890260,4
615217,965049,4
583347,329338,0
199666,795792,3
878042,261509,1
192523,749501,7
864739,683983,6
707240,588843,5
688205,664477,2
868935,205119,1
438702,265993,0
559778,205532,0
379815,551844,2
852769,503733,5
249469,826688,3
158355,474747,9
80248,739783,7
548855,622138,2
274131,329745,9
31437,367204,9
609077,758717,4
771104,945553,6
909992,236037,1
87934,907489,3
171181,45733,8
645968,788124,4
8780,569659,7
266679,83145,8
419425,277292,0
457135,79489,0
973621,660357,5
621917,562491,2
796794,718596,6
459440,812268,4
802520,955953,6
711307,948116,6
999523,994688,6
731868,517718,5
291460,572471,7
530835,755680,4
720245,161140,1
285686,531010,7
692001,462214,5
432737,18131,0
741444,456405,5
802459,933806,6
481562,626222,2
916344,995180,6
5256,349706,9
522843,423980,2
834547,233853,1
383804,594042,2
64335,281088,9
257650,339205,9
26523,783896,3
944697,535683,5
225906,817319,3
684041,691821,6
437205,104553,0
227023,585704,7
927636,792555,6
483970,85522,0
375920,91669,0
689699,786206,6
778954,883542,6
700110,764320,6
929667,919360,6
693790,536900,5
689671,302732,1
32091,364763,9
588211,68229,0
725931,738193,6
825905,1430,1
36024,461895,9
85707,480507,9
896083,475724,5
496488,484992,2
270452,499604,9
856801,265823,1
701401,448395,5
181621,516063,7
471253,353866,0
426556,139335,0
807829,196520,1
917499,414711,5
61287,57642,8
801934,106334,1
168787,804843,3
11445,369362,9
873568,68453,1
504581,497687,2
631514,871624,4
385919,146647,0
696861,154459,1
993785,552813,5
134521,903590,3
649209,260288,0
668817,816167,4
335527,209680,0
91962,616759,7
874581,87120,1
239494,183354,8
644236,679626,2
486406,28899,0
710768,888546,6
802102,941875,6
98658,146707,8
706142,136080,1
100530,615176,7
264690,661300,7
475871,975311,4
54017,877335,3
379938,625605,2
552031,1560,0
233574,694353,7
992915,933750,6
543142,587734,2
60186,551112,7
549654,48470,0
638135,150104,0
799005,882166,6
567202,973949,4
164509,912175,3
940300,637523,5
859625,732878,6
491094,817193,4
570139,335243,0
439680,703920,4
796198,709476,6
176797,432529,9
524753,534328,2
464790,729573,4
949714,859153,6
791328,861322,6
251471,484224,9
362398,831006,4
732089,227292,1
98435,405506,9
354965,901937,3
871217,556512,5
299646,158634,8
169590,310911,9
482435,296743,0
368680,416030,2
218897,3468,8
298655,510029,7
67452,667298,7
282552,854794,3
534360,991410,4
644262,120634,0
509230,633199,2
187052,789607,3
933293,858954,6
446588,819879,4
716135,94644,1
693680,681464,6
368547,170973,0
552065,571954,2
839112,965840,6
873180,542780,5
507600,246409,0
399616,352466,0
902603,63379,1
222748,735494,7
448992,219589,0
646993,12210,1
216018,628218,7
469413,432828,2
541675,939586,4
633266,306340,0
666378,828446,4
707571,153047,1
267912,801923,3
932127,269160,1
785977,918159,6
503424,61040,0
902341,654848,5
38989,302344,9
498881,696893,4
689007,156253,1
151924,397182,9
438673,780594,4
454620,807844,4
439983,795013,4
785074,749591,6
380864,184302,0
570255,292399,0
357436,438052,2
351988,878070,3
738440,973795,6
582230,545129,2
986663,861096,6
440710,25186,0
308152,119321,8
438219,152999,0
463220,349622,0
104110,779896,3
724160,972539,6
470074,548581,2
4486,400673,9
122386,949800,3
303924,61633,8
870615,441775,5
914552,885072,6
408293,195417,0
381698,211104,0
39517,175498,8
597726,986537,4
734726,544436,5
348383,277859,0
990287,760008,6
460086,671700,2
271231,587133,7
949957,931784,6
504758,469649,2
396571,169858,0
811065,579080,5
601400,735886,4
44774,532076,7
610747,831990,4
264089,547925,7
978352,177074,1
97843,463341,9
378099,725730,4
345329,958603,3
248968,406783,9
807434,556127,5
839620,500620,5
935755,236319,1
814865,443082,5
895654,259162,1
738184,662687,6
780858,887030,6
313394,224970,8
86677,780612,3
752053,769944,6
464647,334626,0
71165,74508,8
264458,759002,3
550863,361216,2
970389,337856,5
359002,756559,4
494418,699943,4
943422,106997,1
315055,133490,8
577684,135346,0
776487,427867,5
164726,554262,7
496929,885865,4
743667,827247,6
557002,546839,2
733646,389960,5
60428,614203,7
918520,573909,5
688724,392475,5
336424,282852,0
900423,420224,5
720208,549713,5
27525,620819,7
109094,554558,7
465264,704534,4
114303,103995,8
854656,217504,1
596911,289522,0
4781,358404,9
707352,475225,5
109743,459680,9
851583,559585,5
952423,382795,5
643621,338934,0
473830,674079,2
261513,250141,8
130697,631121,7
266254,939642,3
566372,30669,0
466522,849075,4
414219,780996,4
209325,126657,8
725409,964372,6
204667,854535,3
177780,955489,3
919241,690099,6
495455,126293,0
613258,29503,0
871798,319657,1
481145,618702,2
532360,391031,2
60686,950043,3
379302,944826,4
696410,573070,5
601486,188413,0
669027,346244,5
323331,234650,0
775316,746426,6
196615,514219,7
491173,147911,0
940257,908176,6
721611,117297,1
426649,705571,4
544606,200413,0
357850,392564,9
830532,767373,6
245667,940960,3
715201,391097,5
174073,647322,7
548043,971243,4
696372,925877,6
215634,161900,8
55018,692313,7
712377,927157,6
736419,9442,1
702278,193423,1
873701,299579,1
34149,951728,3
693823,90131,1
832839,531748,5
92617,615242,7
375174,558060,2
315037,842529,3
397334,996283,4
540533,740281,4
919056,576565,5
343349,683385,7
665875,370513,5
214538,748167,7
446293,846754,4
396340,293551,0
723051,330260,5
694860,516403,5
187296,898200,3
62859,473736,9
89044,570969,7
282264,12729,8
946365,557043,5
228743,489589,9
526077,787772,4
90832,613466,7
524275,492640,2
809019,193754,1
435362,129505,0
599866,953626,4
608512,275670,0
195504,844361,3
176793,362577,9
840003,933959,6
49911,856005,3
892507,374373,5
98489,310047,9
966367,742655,6
818864,662743,6
726565,387198,5
638107,672312,2
548576,932851,4
435298,66872,0
925143,885400,6
928200,271243,1
793021,314549,1
640995,213778,0
977363,555885,5
772577,705172,6
829628,567413,5
525039,331274,0
737436,99259,1
247223,87075,8
474772,494537,2
692599,516586,5
266871,307844,9
934273,338196,5
70992,164320,8
727164,453575,5
251208,60588,8
310708,79585,8
587223,463827,2
549220,753440,4
81967,628838,7
883188,745269,6
738993,263774,1
252134,618627,7
279758,899576,3
184474,455079,9
515722,746013,4
252630,954000,3
891029,525111,5
545027,275310,0
150651,2932,8
294089,760183,3
408843,427214,2
199685,114638,8
727531,622335,5
598898,686753,2
261990,281647,9
655805,124417,1
76785,539114,7
891933,733319,6
906484,293005,1
545655,831439,4
3921,905456,3
5526,882332,3
369770,735118,4
141150,313866,9
158647,389433,9
207380,435936,9
778949,800379,6
979574,702166,6
313365,734695,7
33476,640808,7
73189,99124,8
985379,271688,1
269841,230461,8
362685,654859,7
231651,368074,9
235097,287191,9
820091,274543,1
249241,9917,8
678295,115614,1
125262,280675,9
313908,856657,3
850144,379250,5
65252,690552,7
113330,747760,7
609669,721912,4
190006,433261,9
828784,379513,5
481946,68224,0
642831,69959,0
808594,54329,1
113497,553255,7
565972,294944,0
126846,906555,3
471429,321953,0
80407,412935,9
201160,909171,3
437240,709054,4
74241,785185,3
605176,201206,0
672562,764634,4
207786,266759,9
434289,103170,0
980116,815910,6
15355,87549,8
442900,826637,4
293995,178349,8
517254,501914,2
669621,331681,0
572627,152685,0
177783,14391,8
872634,375753,5
296348,732522,7
500094,87285,0
7657,704407,7
979880,855337,6
659977,236226,0
250389,302308,9
902957,15090,1
632960,159258,0
656166,187857,0
320460,984458,3
788390,486668,5
441296,874194,4
590725,325379,0
651586,222481,0
242704,129406,8
939541,869561,6
717435,943433,6
289923,747777,7
896686,607217,5
503987,509549,2
1682,269753,9
749156,73985,1
479922,62532,0
980282,610942,5
105635,416264,9
164514,990134,3
188208,222138,8
473590,627330,2
543549,428615,2
741584,806742,6
915616,768114,6
702680,955289,6
549590,963876,4
868379,853343,6
146423,932871,3
765242,436944,5
734316,657662,5
329395,152620,8
99952,893283,3
418872,996885,4
657946,111299,1
609638,196207,0
665238,668164,2
840772,871409,6
774441,34308,1
620934,51083,0
552081,836282,4
396369,779991,4
322735,223456,0
635159,131277,0
376563,909277,4
220471,462544,9
991298,759093,6
87453,832851,3
741322,411507,5
214559,108407,8
999143,604129,5
603262,36722,0
195439,746900,7
158912,850667,3
166604,115325,8
279049,977652,3
408719,356568,0
852463,347729,5
286178,796032,3
910094,951507,6
987254,793666,6
152247,829269,3
528978,544597,2
44935,228151,8
537233,287012,0
813435,402472,5
352614,388736,9
488699,565002,2
995051,822396,6
13678,886824,3
857035,191593,1
108236,122851,8
756995,824486,6
150788,309716,9
399455,650874,2
241976,906605,3
325059,280044,9
708504,841474,6
656512,6583,1
640576,162587,0
612522,674038,2
560270,464324,2
893828,579301,5
321782,196547,8
368760,752038,4
508559,365599,2
628076,74059,0
714313,465553,5
562909,827049,4
219854,97050,8
135472,891008,3
175929,855071,3
188255,16365,8
59868,211032,8
817586,180635,1
938772,941440,6
785949,446675,5
272453,129615,8
442444,158165,0
280727,193529,8
651742,843516,4
984877,840599,6
951422,551836,5
711018,91314,1
725873,755499,6
678151,685964,2
8159,142032,8
132353,464406,9
284504,660414,7
587088,197138,0
311943,828816,3
913459,516004,5
485725,589431,2
581964,80122,0
626225,979941,4
871247,54104,1
340678,789414,3
686328,119098,1
688543,346397,5
908514,402216,5
58528,682053,7
272175,455770,9
127667,704592,7
91144,861484,3
977341,175070,1
406881,461404,2
831509,179175,1
408950,234339,0
538043,894743,4
960292,642988,5
712940,382726,5
482845,180348,0
114864,521113,7
355929,99462,0
661398,131774,1
740526,28087,1
72247,272030,9
10248,251930,9
198355,767121,3
17276,362470,9
49752,191072,8
354880,472929,2
518018,336337,0
830708,721522,6
630718,481481,2
252647,245298,8
727503,155203,1
502937,871887,4
811566,3548,1
638851,172409,0
678430,374539,5
877053,644820,5
501485,464392,2
40094,866828,3
788481,12168,1
523886,952386,4
757139,249761,1
738267,64984,1
195586,226239,8
409432,327501,0
317846,46767,8
16563,382757,9
998970,702863,6
19046,121363,8
756934,800922,6
112704,223258,8
300602,220496,8
883752,223518,1
681928,178903,1
832802,905771,6
305708,34757,8
161672,236110,8
302437,72991,8
760684,831855,6
998637,93618,1
439369,475287,2
162233,661430,7
655312,829326,4
490510,14172,0
203609,66059,8
254487,174726,8
620893,363857,2
350442,888545,3
786935,21641,1
735543,282751,1
203236,793177,3
928064,975354,6
788256,226468,1
248845,346382,9
643177,876585,4
771289,66630,1
864525,82475,1
174043,154096,8
905097,968233,6
106408,401808,9
188752,363141,9
321696,753521,7
431382,242732,0
597235,742365,4
933300,987721,6
637817,794245,4
886756,714001,6
229172,706534,7
729733,634738,5
54282,331635,9
796682,838679,6
688114,147061,1
664881,667225,2
57874,690168,7
657937,960117,4
694185,168199,1
920640,203439,1
206170,110557,8
144705,65636,8
158263,941452,3
986022,78691,1
566910,61587,0
104101,630804,7
929296,691151,6
185061,332708,9
831986,200734,1
749530,353269,5
404256,347057,0
988728,551931,5
315847,440924,9
619610,799650,4
731251,142957,1
694893,67684,1
577555,981491,4
919501,65172,1
355170,346690,9
834055,972260,6
779262,59879,1
398575,857604,4
750971,571883,5
642750,704931,4
776813,907664,6
109388,488309,9
18447,55251,8
616118,103227,0
944677,190610,1
593289,423058,2
341075,451556,2
307720,860379,3
402792,727874,4
383161,802457,4
896709,992447,6
56994,914718,3
678475,138713,1
358225,704085,7
559016,390220,2
434006,350200,0
818301,192531,1
872938,478734,5
91124,537121,7
393711,112491,0
652164,923250,4
68032,415056,9
860760,794799,6
190971,651142,7
748752,284219,1
871819,665261,6
58332,394125,9
63536,859468,3
79395,393250,9
366335,994811,4
800002,641310,5
509060,787132,4
338856,158585,0
354169,520302,2
719521,998148,6
882981,277365,1
687378,767482,6
85428,791894,3
369500,194908,0
834106,821170,6
420066,57967,0
261084,54311,8
815993,407314,5
740859,627479,5
45850,611005,7
164433,637471,7
986132,931881,6
136689,334619,9
951539,519416,5
837109,291735,1
203639,570053,7
893430,890659,6
313439,975644,3
665164,420696,2
638107,672288,2
153963,666035,7
59348,468570,9
268265,744266,7
891606,233354,1
988942,164043,1
82746,720882,7
873647,395500,5
183476,691724,7
806534,417166,5
324512,78816,8
677118,332329,5
455914,548574,2
893985,218642,1
730842,268588,1
163299,576881,7
647679,550837,2
928598,956074,6
742461,555660,5
981977,87476,1
214692,338468,9
639572,295846,0
289153,798885,3
863909,733934,6
229066,927139,3
429759,964289,4
818938,905304,6
455037,821781,4
684952,995527,4
822753,18389,1
70937,240041,9
377460,976235,4
587928,315384,0
668721,204499,1
21890,916891,3
187595,925093,3
47259,283392,9
986079,33093,1
205561,863813,3
111738,997105,3
345191,640965,7
700689,491511,5
826568,128578,1
17854,84332,8
369419,833065,4
338204,205871,0
86560,829287,3
829949,961778,6
603205,77624,0
634115,581481,2
961196,824024,6
375197,938742,4
444591,241006,0
598401,327478,0
934315,37459,1
577749,233042,0
740501,607937,5
597629,355913,2
836566,175557,1
593397,223945,0
843815,14220,1
996326,265544,1
6362,929288,3
548836,301922,0
405529,737987,4
361289,195685,0
893968,928245,6
21213,533108,7
950154,248537,1
167070,960353,3
653279,662935,2
962557,711074,6
37491,118308,8
416531,644500,2
113898,297950,9
647953,161163,0
682686,916851,4
527574,948806,4
583622,941817,4
126646,548033,7
791941,165645,1
7945,541111,7
464490,700059,4
900155,921713,6
246499,922173,3
976847,873194,6
777344,826649,6
493520,602720,2
919338,328377,5
37572,477177,9
928073,129776,1
160354,75080,8
874598,376743,5
926882,113907,1
451018,264014,0
290055,961966,3
778481,931340,6
47409,819754,3
620922,850305,4
81664,537346,7
185885,169283,8
143769,340872,9
39713,461281,9
765011,546981,5
112862,877555,3
78375,254308,9
158693,166552,8
252053,266403,9
443798,923218,4
531980,997333,4
185426,471313,9
364579,479593,2
521854,803166,4
823094,744740,6
850538,8553,1
754085,911901,6
331625,637908,7
331571,722943,7
511835,415936,2
642212,663744,2
561657,771752,4
845337,587539,5
768258,126663,1
839033,629980,5
82735,537150,7
892533,804957,6
912979,448058,5
520675,997756,4
296419,916393,3
826693,237557,1
637163,806109,4
279119,153298,8
489103,365647,2
440680,511064,2
459311,650101,2
252403,140406,8
815311,941738,6
801994,119700,1
813133,337567,5
489177,604029,2
927973,452405,5
586986,475611,2
602374,104119,0
937191,370627,5
128304,420426,9
104518,646213,7
903370,945466,6
448965,761747,4
686386,100861,1
183301,744829,7
357013,322779,0
955738,99845,1
98853,434807,9
808612,355699,5
239105,647397,7
806602,562955,5
588234,453591,2
515082,988653,4
299751,927433,3
367399,891753,4
705501,356234,5
239586,734517,7
39232,387669,9
566603,897052,4
764621,990346,6
752391,451622,5
426554,107959,0
472837,974783,4
189120,550857,7
253909,455776,9
233284,807043,3
984967,345015,5
671210,29289,1
273977,740758,7
936506,859806,6
769486,758280,6
415389,445375,2
425057,947097,4
873878,269749,1
677052,216343,1
88089,518866,7
595724,339958,0
683586,35628,1
806727,664484,6
983568,839102,6
789856,114476,1
1505,300734,9
442308,883352,4
507226,950580,4
404398,718290,4
307779,852450,3
132817,258515,9
873884,377471,5
163168,367998,9
948505,527122,5
349965,862056,3
577549,871358,4
919746,187078,1
230513,246126,8
640385,960420,4
794966,856,1
400143,216369,0
523783,227532,0
144010,392802,9
835693,493531,5
780511,63272,1
414481,192619,0
350510,23909,8
842323,930127,6
651531,293115,0
393437,508606,2
153675,825653,3
751977,489347,5
462525,658177,2
984679,502519,5
848636,36629,1
632701,807515,4
910598,426925,5
335706,220836,0
598261,986447,4
219588,617878,7
691638,364220,5
449727,575290,2
904654,535703,5
562839,650636,2
248767,38650,8
599542,516483,2
544796,390629,2
317204,256418,0
631908,479756,2
265035,455599,9
266550,909230,3
431088,298157,0
127291,389487,9
118353,171400,8
727242,758435,6
20474,113536,8
212603,230009,8
776523,24510,1
948005,126000,1
689736,396209,5
97237,273565,9
808693,708338,6
46568,670837,7
767552,257364,1
523366,221656,0
382963,465770,2
207650,974987,3
618400,463487,2
837935,184081,1
853701,153717,1
524453,498005,2
977355,415504,5
379271,412508,2
22212,321476,9
54113,491993,9
941010,559627,5
660749,210311,0
703306,469124,5
572652,575238,2
34503,901341,3
851907,11669,1
121777,718396,7
85022,979533,3
11802,365073,9
789225,505339,5
242796,683363,7
293528,328704,9
535729,9490,0
512205,644505,2
201679,625781,7
517247,381043,2
200021,763085,3
179990,95470,8
572110,457338,2
485947,322062,0
899263,926437,6
633644,658480,2
75982,42916,8
290094,624249,7
769189,764915,6
938873,648919,5
385188,859818,4
971735,957801,6
768125,882084,6
196007,290390,9
600850,491762,2
54771,550160,7
548775,276753,0
402198,752438,4
239159,548024,7
649110,601012,2
210815,176204,8
462408,694909,4
335910,640631,7
87093,776822,3
63933,524404,7
659777,885632,4
818681,574191,5
443079,836478,4
701945,606343,5
809039,527776,5
336622,609051,7
328846,926552,3
567626,92846,0
462755,535665,2
934899,847742,6
11346,703965,7
553016,545128,2
967058,358936,5
649378,106605,0
726222,626559,5
591455,596883,2
825724,943918,6
431406,641884,2
155968,369402,9
548679,649596,2
775279,116717,1
666181,509995,2
501558,695988,4
484125,698355,4
266491,928484,3
36242,128416,8
303309,728665,7
685837,869408,6
152977,87930,8
849605,317700,1
588770,469592,2
441636,586638,2
627677,383233,2
6927,430766,9
895927,853647,6
259789,278292,9
258104,959287,3
741646,861008,6
976443,94251,1
86001,431539,9
884702,202992,1
697794,834284,6
822356,347223,5
786475,285823,1
839609,314134,1
653339,672701,2
99521,665349,7
536162,280046,0
749710,387928,5
918533,799527,6
660081,982703,4
302427,896772,3
55847,622421,7
32266,306500,9
354329,218709,0
844268,623556,5
110067,896549,3
311477,998439,3
777968,323884,1
524934,575194,2
288533,377064,9
330622,774344,3
412543,623551,2
27428,989044,3
874880,111696,1
288709,333835,9
780831,442648,5
597783,954776,4
932186,256872,1
249454,576636,7
526023,884703,4
208533,826548,3
802852,546649,5
546427,809578,4
593412,475828,2
255989,415909,9
192172,846313,3
988814,13216,1
130884,777447,3
561692,368849,2
257808,984385,3
562773,537507,2
892235,804885,6
708579,97841,1
417643,328954,0
746253,287209,1
130704,746279,7
713269,916352,6
144414,167801,8
231990,63558,8
229663,948312,3
280595,976225,3
417908,788474,4
898702,489033,5
186425,247527,9
190353,267984,9
12138,14921,8
786947,231826,1
314382,819284,3
711179,790105,6
295972,405567,9
379092,410743,2
361258,678175,7
89265,281920,9
239890,832301,3
492917,470334,2
916532,164813,1
20227,971563,3
74371,958528,3
991254,21153,1
520947,562627,2
79033,321459,9
771840,318588,1
523854,425319,2
344797,9338,8
945133,855381,6
389183,6560,0
265074,111050,8
424769,99358,0
920986,21523,1
740187,329050,5
359526,566092,2
322584,673922,7
622218,630308,2
592288,588483,2
638014,114277,0
663402,803335,4
660286,429084,2
625125,478427,2
934690,339251,5
804762,638473,5
826726,787501,6
534460,680889,2
706589,641537,5
313208,96739,8
906605,310909,1
459723,574082,2
602035,413347,2
128374,583909,7
775179,444621,5
749282,188514,1
359523,508482,2
72925,663146,7
498597,930673,4
833717,293063,1
514833,813434,4
388995,844543,4
236371,693171,7
139819,947332,3
811567,8635,1
138413,315868,9
801015,673243,6
200525,223821,8
763551,7056,1
590476,143178,0
409123,139643,0
995757,702449,6
62265,496860,9
742088,285157,1
643041,592123,2
811695,162319,1
101568,55246,8
520268,159936,0
46296,102444,8
792933,829903,6
185660,395368,9
964638,676483,6
652849,435565,2
550568,397819,2
152064,754179,7
490488,635032,2
987000,521830,5
407496,798676,4
362071,334469,0
428098,53461,0
524284,646999,2
128815,997524,3
391913,897729,4
131898,814592,3
857323,38682,1
143491,655835,7
625899,492098,2
705739,357787,5
326824,935308,3
723834,481253,5
427939,385921,2
184573,128983,8
817850,612324,5
342845,210738,0
881800,427627,5
130671,190591,8
267235,427266,9
67747,628410,7
691842,801718,6
477036,544904,2
215598,561719,7
816658,586970,5
209710,606022,7
413297,298958,0
603735,989949,4
79590,675763,7
550824,712230,4
462383,277724,0
714113,98931,1
741811,619232,5
444505,811136,4
776045,990718,6
13863,995951,3
953366,228704,1
835594,833887,6
140233,909858,3
984806,637788,5
303375,836684,3
148193,692898,7
545404,609567,2
996409,659240,5
861061,858248,6
588379,893258,4
553,302109,9
553475,261748,0
200798,827698,3
130502,349047,9
447881,536121,2
588399,229221,0
523185,171775,0
27688,360948,9
461790,311938,0
756203,505861,5
9825,129801,8
575003,78633,0
600173,119382,0
467887,790558,4
921829,195578,1
92933,926286,3
102048,130149,8
422412,484742,2
71809,896248,3
247182,394950,9
930477,537869,5
968182,245945,1
611228,917209,4
533037,760546,4
504739,158097,0
140300,33192,8
866613,180893,1
274111,983804,3
798125,100753,1
355945,381289,9
337149,479427,2
731777,976307,6
792547,348660,5
928703,715504,6
489538,676932,2
200834,424584,9
991452,344550,5
858842,562249,5
729703,133921,1
819681,391462,5
316090,530390,7
270822,715025,7
432784,810919,4
124769,8727,8
684872,656654,2
390260,104710,0
875568,683202,6
591536,959650,4
843084,720645,6
885627,737099,6
424288,13200,0
867503,136263,1
175784,415960,9
41967,350887,9
370304,703190,7
530290,584858,2
713165,178672,1
940850,873719,6
601849,286603,0
940481,679218,6
626374,474533,2
488915,205711,0
401028,84201,0
175296,214159,8
386127,641387,2
791552,621400,5
871793,238403,1
855829,924247,6
826691,201572,1
826413,532837,5
405812,489540,2
714764,54502,1
20711,106190,8
741376,307548,1
975924,361745,5
852747,125140,1
240505,174832,8
416873,392404,2
148569,3519,8
147042,337802,9
439983,800248,4
783854,249551,1
217802,605584,7
53951,765247,3
517932,887348,4
661536,440960,2
227993,889612,3
710972,310963,1
356093,860033,4
590797,530256,2
25609,417438,9
889163,178373,1
925235,435272,5
619462,304408,0
195946,276109,9
566582,553216,2
914974,981726,6
876146,388581,5
892621,296835,1
909231,445786,5
326123,154086,8
734435,655225,5
376752,77031,0
666373,739124,4
466795,429505,2
693956,329443,5
950934,348955,5
902963,108279,1
853403,151829,1
803287,847353,6
467492,144703,0
30574,868973,3
829608,233431,1
281467,629755,7
301707,790169,3
382906,505122,2
601844,199714,0
607957,948931,4
692609,692664,6
604029,916382,4
644941,535503,2
214766,574095,7
825564,264114,1
971981,90327,1
140247,137941,8
390566,243692,0
744170,272283,1
275760,714148,7
699847,344722,5
751476,60285,1
212392,681330,7
123396,925688,3
53287,608609,7
901716,144058,1
184126,621452,7
747658,895350,6
158646,377811,9
873764,362032,5
683503,641032,2
825182,840911,6
199260,979533,3
14526,140223,8
739877,115585,1
645795,881160,4
665054,573625,2
930878,282618,1
970928,401402,5
377619,656876,2
121896,716710,7
760007,442054,5
608636,356569,2
857229,454242,5
449819,113962,0
365341,297652,0
637426,222279,0
843758,57242,1
81743,869167,3
102831,282566,9
95369,874429,3
543409,90667,0
852745,95658,1
737657,809584,6
681826,458221,5
329314,786449,3
863653,428241,5
451844,147923,0
142381,3093,8
984662,215605,1
673323,545517,2
518864,560591,2
866827,771295,6
155186,214598,8
756696,800286,6
415388,428290,2
278066,460679,9
640640,238870,0
689148,517946,5
126412,614812,7
161132,154923,8
797646,38277,1
335809,957734,3
648046,719996,4
984715,118110,1
84900,928852,3
217477,147341,8
364358,768258,4
118876,958933,3
802684,725854,6
433749,28142,0
995563,442586,5
548134,501244,2
413189,477128,2
105874,427443,9
43231,585471,7
12472,619423,7
654726,981077,4
967103,101831,1
479304,674999,2
714045,958269,6
635340,165944,0
22378,117352,8
350474,426084,9
196838,261986,9
202554,334918,9
977030,958552,6
393412,90396,0
300428,299656,9
323528,539249,7
159444,782065,3
169668,619777,7
599049,219616,0
99443,343280,9
515300,650995,2
276175,682348,7
237983,787733,3
437784,837347,4
304980,808332,3
645195,801329,4
938495,299800,1
749170,309003,1
428162,134752,0
785094,78314,1
231041,119045,8
793097,581905,5
81180,406022,9
27826,685708,7
709456,828054,6
108689,751596,7
84450,356691,9
908231,641616,5
647369,343484,0
945879,398898,5
290685,546575,7
297761,481631,9
786677,681881,6
374329,353567,0
411834,696195,4
964449,500440,5
908429,972949,6
364581,526903,2
667783,437339,2
363141,322690,0
458820,393258,2
491298,258674,0
550181,907967,4
203540,908460,3
500243,591520,2
679881,761771,6
97192,519361,7
