x,y,cluster_id
242578,13469,6
383138,414652,4
67768,993126,0
484308,765337,2
31833,30935,6
932640,887879,5
591329,478778,4
833354,186335,8
735652,115053,8
698658,355604,1
638300,908210,2
294000,264971,9
377493,541620,4
9281,999465,0
12901,842497,0
852470,467010,1
53607,976747,0
196754,856972,0
144213,800662,0
729397,985790,5
183405,499760,9
469862,970991,2
450770,95791,7
974081,390235,1
680670,26669,8
231241,468739,9
97960,415410,9
796294,316402,8
778534,828493,5
487140,369048,4
602845,24264,7
811111,355792,1
806109,274877,8
859817,951019,5
777276,680837,5
835185,961129,5
705424,73751,8
536857,957185,2
418065,418776,4
381617,836927,2
240062,726211,3
431612,116690,7
223913,309587,9
244801,377033,9
807539,314736,8
775229,283334,8
996348,632867,1
600910,509480,4
834128,199442,8
35980,730005,3
197911,293197,9
770346,214750,8
309220,60662,6
557590,416916,4
115944,685545,3
959950,893088,5
136133,997800,0
27973,148064,6
522975,641339,4
989146,578132,1
680530,674978,2
362046,914709,0
530369,917610,2
283108,208988,6
471815,806578,2
161689,514298,3
813117,64168,8
479624,43309,7
902915,294501,8
685730,66033,8
821219,242774,8
310257,492554,4
356179,307990,7
396981,70916,7
886516,684032,5
528226,902819,2
686503,63316,8
152140,23765,6
418942,174793,7
752751,490316,1
747743,329274,8
117577,118127,6
374985,376969,4
728744,14480,8
382012,490499,4
827576,79664,8
923967,118042,8
938251,195973,8
726117,857863,5
103637,838910,0
565110,810400,2
406969,934977,2
160874,816054,0
431739,248100,7
830522,596218,1
645779,608168,4
495466,304382,7
755627,828610,5
455550,438144,4
897430,118944,8
98993,780745,0
997533,539816,1
698849,561277,1
384785,92576,7
929386,192648,8
841254,969376,5
318446,127999,6
288386,909935,0
279052,41813,6
755507,809000,5
866244,973541,5
313587,467795,9
243042,823442,0
599615,743697,2
327666,83176,6
951140,823081,5
527120,310801,7
646964,528517,4
786098,952490,5
515310,819254,2
207082,441170,9
757169,750570,5
841330,249551,8
217528,1761,6
607765,712493,2
871078,223776,8
14974,680695,3
452619,175360,7
288399,131390,6
272306,650010,3
719640,990750,5
535380,148002,7
469616,838895,2
313226,398227,9
5279,739131,3
580105,833601,2
347811,666053,3
354997,440055,4
14917,711650,3
706767,635577,1
146365,957588,0
183773,679719,3
48126,868372,0
730391,687771,5
373259,371670,4
663645,885499,2
586741,364693,4
406085,74556,7
75646,387667,9
531298,530090,4
229012,19601,6
439383,726733,2
208291,749221,3
166750,575130,3
211249,463602,9
769233,500985,1
67848,329471,9
430095,618497,4
83209,503956,9
994746,709053,5
62870,660778,3
710643,782564,5
561766,616936,4
851959,876326,5
416611,994392,2
751597,103922,8
622708,854272,2
763144,172256,8
113940,992884,0
414314,380142,4
62500,450930,9
789565,228458,8
697292,386877,1
247648,231501,6
849283,902588,5
803927,613533,1
663457,738469,2
452902,931007,2
436138,171789,7
273068,465220,9
955457,369525,1
607397,533230,4
999677,575269,1
555215,505000,4
540809,380896,4
724384,729940,5
104473,885740,0
639572,287519,7
332946,834822,0
860169,869593,5
256492,871667,0
117700,192914,6
305697,859094,0
796018,674653,5
900226,112347,8
221747,915444,0
880066,285789,8
257319,771158,0
861762,644236,1
684291,882927,2
369671,66247,7
417820,301777,7
980466,702029,5
7364,783108,0
703318,672688,1
870522,869668,5
524434,177186,7
980344,642136,1
393063,217912,7
447246,868568,2
31640,773725,0
9819,42467,6
744825,278843,8
523351,969780,2
102327,819686,0
470454,926986,2
854907,426604,1
934752,387852,1
632230,906357,2
147351,540271,3
343122,859703,0
37949,811880,0
271485,855588,0
870383,540877,1
534808,524330,4
423039,21274,7
554457,763045,2
498689,467937,4
617602,46054,7
32396,486973,9
571333,395104,4
522923,772502,2
453133,808894,2
94785,52884,6
826935,303685,8
42690,506413,9
285958,109358,6
982686,19644,8
173411,524345,3
675854,86444,8
873180,538256,1
478759,506532,4
299840,413003,9
344194,871591,0
838942,102171,8
196498,555389,3
424329,714240,2
233338,727393,3
302701,508484,3
92123,325340,9
998452,999447,5
711751,399947,1
915277,68584,8
703078,646216,1
966967,821532,5
497813,752719,2
952957,363209,1
467852,199519,7
319607,637251,3
293620,877284,0
523256,367777,4
237859,699470,3
999000,202858,8
442180,722977,2
79262,168652,6
539282,715609,2
251904,750679,3
674102,637241,1
116274,231005,6
506655,355788,4
732259,84308,8
967997,128374,8
585623,581955,4
922186,193661,8
864539,311585,8
811253,744298,5
429059,196341,7
917628,585903,1
274474,86126,6
521532,393337,4
826258,922274,5
661199,778269,2
376760,214791,7
994520,904005,5
626417,198418,7
813554,408777,1
327680,324291,9
367317,511847,4
620384,803852,2
341576,879053,0
250295,716161,3
534048,751257,2
386673,821553,2
854750,796623,5
844887,19776,8
383249,271130,7
883418,620394,1
964801,416189,1
902504,390258,1
74399,429715,9
223790,239575,6
552139,814155,2
516846,642578,4
822119,358702,1
709654,167894,8
807477,278000,8
359047,513118,4
989323,555229,1
734375,650304,1
661679,842450,2
72134,360306,9
669352,806694,2
106581,312340,9
513709,915202,2
801957,495907,1
725267,570966,1
239062,924139,0
4986,808315,0
353592,834880,0
839796,454535,1
374671,108680,7
592807,314266,7
880309,355704,1
327136,184438,6
855266,459639,1
154120,306519,9
672925,858988,2
25724,353126,9
998767,287106,8
403714,223334,7
576057,802292,2
127505,976868,0
225842,738540,3
646862,809815,2
561670,1315,7
111739,2849,6
893928,255271,8
349886,542663,4
542610,659326,2
304556,687893,3
434005,323590,7
589821,134435,7
462490,70127,7
629891,585425,4
253674,504712,3
696317,16186,8
52367,132880,6
315584,25240,6
210313,743236,3
574919,671006,2
608211,212948,7
31110,873539,0
579454,892040,2
521551,712622,2
41863,596998,3
751981,550487,1
35726,446954,9
959509,480178,1
357800,549171,4
923869,471037,1
731501,345154,1
16405,722120,3
675589,628740,1
237498,636867,3
829868,607283,1
621287,975722,2
973083,621237,1
132736,906385,0
616378,468377,4
14476,303459,9
245720,816957,0
608290,539205,4
424689,751438,2
430810,628092,4
345266,893285,0
456783,165931,7
810127,812538,5
334136,834506,0
549359,88853,7
352562,523797,4
458504,87214,7
817071,518386,1
520241,704018,2
443985,70005,7
588148,7255,7
937220,858295,5
379421,943657,2
52889,905543,0
469229,342547,4
188338,400091,9
335425,498812,4
536861,26511,7
579792,570720,4
104485,89116,6
780534,447421,1
815274,324253,8
733585,370990,1
235025,68069,6
47294,877899,0
859542,324578,8
186882,928701,0
689450,600241,1
266814,354545,9
842451,76321,8
733023,918199,5
184514,137053,6
455505,682579,2
107825,225534,6
556607,898878,2
458725,805522,2
420218,606961,4
197918,418513,9
953410,967169,5
215132,729668,3
532081,695311,2
97791,579595,3
262600,528353,3
31083,414922,9
596607,175765,7
82470,85277,6
252503,829532,0
958437,460401,1
966716,608715,1
679522,741861,2
466695,750819,2
22240,788280,0
625487,571436,4
128128,461503,9
481417,186445,7
589343,103250,7
330431,556650,3
624015,829410,2
905440,730891,5
89809,423409,9
243339,806022,0
817059,316019,8
347653,17202,6
127524,307548,9
960467,574613,1
532236,291130,7
25211,730439,3
503756,634589,4
538167,985049,2
730439,490467,1
283424,520330,3
197125,91670,6
697768,401666,1
808041,751828,5
983132,511241,1
432666,828883,2
48384,205276,6
80313,821012,0
757363,8609,8
707157,189128,8
680946,675023,2
127441,915777,0
464064,524562,4
320625,760533,0
294147,739293,3
312291,675442,3
165789,427107,9
397577,92002,7
290437,384309,9
82044,925550,0
721616,213077,8
186101,803504,0
504920,205865,7
980372,124577,8
776937,996788,5
17328,239384,9
332762,745003,3
267561,910812,0
19009,497406,9
906774,166610,8
230936,355255,9
779472,588468,1
394199,317563,7
290800,475775,9
362539,193552,7
44196,805903,0
813759,851464,5
564542,260234,7
763298,762542,5
44144,930766,0
389826,819942,2
765440,760514,5
966042,280601,8
70368,685962,3
964895,1139,8
146132,46477,6
147215,254032,9
524450,432983,4
161411,846487,0
913975,182299,8
909292,474804,1
46046,897454,0
512430,424367,4
349529,550215,4
478212,309860,7
823446,666155,1
77972,484115,9
526598,538193,4
414083,500447,4
18624,25006,6
287518,320761,9
30486,382682,9
751338,737903,5
952214,869233,5
200549,641193,3
542255,683283,2
943362,87182,8
283571,981982,0
172243,900475,0
299713,279151,9
697794,836100,5
339123,647658,3
193305,887822,0
638140,228485,7
149953,269467,9
948273,637831,1
40760,64007,6
770440,791028,5
808978,506184,1
446060,935134,2
809826,753518,5
387116,265002,7
893533,617219,1
601806,554563,4
553467,135407,7
786284,90982,8
141422,887534,0
789736,94881,8
675275,347341,1
775765,297738,8
89194,87366,6
364210,280764,7
805982,141354,8
738005,650951,1
540762,602548,4
28278,269437,9
431553,118445,7
710573,606347,1
879124,448669,1
782282,820982,5
259457,706066,3
852164,326385,8
562070,710548,2
196002,221354,6
306021,297215,9
301958,10359,6
109793,296194,9
136531,678842,3
313124,676199,3
877292,655694,1
250228,591121,3
977002,486192,1
430209,531175,4
471716,133042,7
41837,161437,6
279457,847490,0
779934,351890,1
223913,306152,9
499712,666297,2
460131,429919,4
652146,630747,4
974738,421745,1
270729,152068,6
810341,405655,1
858824,260347,8
659526,658617,2
390842,895279,2
965477,784319,5
64369,856170,0
654323,218280,7
638217,520501,4
65709,374082,9
205302,517220,3
918035,424475,1
152224,438185,9
585705,946647,2
297843,849297,0
146692,467539,9
943533,961072,5
748604,789923,5
252586,226657,6
426687,344493,4
895017,552102,1
178670,911525,0
1627,348707,9
724558,661643,1
239147,350197,9
768439,165283,8
911430,418744,1
831055,548144,1
672461,65380,8
854762,994810,5
776296,213350,8
780540,535883,1
586894,931210,2
856026,239074,8
130708,813366,0
255189,965174,0
693344,48560,8
150135,330008,9
458016,877102,2
468099,356033,4
855049,823421,5
250833,762169,0
776482,340047,1
179205,906942,0
983798,704694,5
802638,939609,5
16014,161869,6
544660,113148,7
689317,352054,1
984868,680902,5
922855,425236,1
955076,975835,5
863676,810105,5
443603,642803,4
599618,782140,2
441281,616519,4
840588,775751,5
54643,393956,9
230453,232462,6
997603,714695,5
888529,521034,1
25289,44722,6
644519,436345,4
654821,587228,4
546599,692868,2
35328,765762,3
175141,595542,3
289130,412239,9
502562,564201,4
536599,627309,4
189077,819114,0
865331,624967,1
821899,668647,1
957923,814533,5
856777,853233,5
292285,447019,9
63966,92841,6
380868,255788,7
36412,991412,0
667741,733999,2
325196,583595,3
488764,667166,2
67141,453105,9
335806,898567,0
222368,343760,9
589718,397795,4
753452,271553,8
218,666513,3
86064,492552,9
331103,860917,0
437529,555893,4
900287,138799,8
797276,820266,5
220819,307277,9
411484,813708,2
5974,405751,9
461672,330896,7
385117,664285,3
653832,955598,2
749923,957199,5
647581,895951,2
263295,210696,6
172066,923309,0
62027,503377,9
270310,113454,6
826725,781561,5
697279,176449,8
591138,271203,7
123186,389876,9
648284,724937,2
27815,496005,9
365009,710649,3
888142,6528,8
732732,42238,8
906359,176035,8
626265,636628,4
812437,629874,1
297298,690003,3
894775,491711,1
190341,69922,6
185334,911032,0
728059,491349,1
114253,261181,9
681789,835962,2
22854,118492,6
508964,170729,7
444857,724577,2
966472,504457,1
421891,732427,2
916412,152779,8
759500,932912,5
463855,26065,7
87796,603038,3
264076,325429,9
490573,73370,7
133243,423548,9
587391,294335,7
900293,241081,8
864629,826222,5
319393,42303,6
989090,639798,1
88958,130479,6
963129,319547,8
637683,550394,4
476744,645707,4
401749,208499,7
255176,755091,3
824497,334896,1
604644,259054,7
936577,58469,8
702505,2611,8
893644,477155,1
557158,159383,7
757319,269378,8
436915,244025,7
341386,678381,3
556456,363597,4
976096,261845,8
837832,455306,1
340140,738492,3
838163,10166,8
863728,683183,5
273097,950126,0
773734,164077,8
652271,725725,2
272943,365600,9
655343,351713,4
243255,402613,9
723965,680854,5
123297,261724,9
804150,361057,1
297167,501711,3
271521,465598,9
320205,686505,3
102040,1116,6
758899,819795,5
307084,162805,6
267077,770362,0
487890,978026,2
686407,447194,1
993502,791547,5
542651,338569,4
337652,918201,0
220304,659358,3
838643,89632,8
452402,525893,4
691637,347229,1
881189,156135,8
175218,898030,0
202446,516774,3
433467,286153,7
381265,933473,2
891852,364863,1
261152,191209,6
652788,414443,4
552273,60222,7
152052,547179,3
447529,629865,4
149661,361168,9
155977,515622,3
69174,623831,3
735693,807013,5
480659,444560,4
731063,990739,5
351500,667669,3
522571,854045,2
946983,952144,5
692021,812608,2
511050,224011,7
966500,978391,5
824190,168318,8
933801,405607,1
51988,766692,3
795650,499217,1
350803,954842,0
41902,262928,9
39298,496141,9
658151,545651,4
758756,412482,1
598829,521751,4
72999,895807,0
831767,524524,1
688145,665722,2
805639,387532,1
260766,707758,3
302174,653878,3
737836,820310,5
953547,269616,8
448563,15009,7
273042,21652,6
919776,682284,5
152520,417282,9
268832,274600,9
218522,701903,3
886238,17152,8
282081,937983,0
695537,894112,5
351414,225027,7
30544,369400,9
509515,434505,4
726246,31457,8
698925,838227,5
90299,656945,3
284910,495104,9
222096,768958,0
885650,129575,8
781288,108898,8
254319,347684,9
541060,609374,4
749789,707047,5
349649,565372,4
222516,835035,0
435364,172746,7
346145,673032,3
650491,814657,2
945008,765865,5
904353,475219,1
18253,782937,0
825366,939543,5
903418,749907,5
692057,410394,1
498846,114126,7
122227,272752,9
145801,483149,9
299740,744382,3
830073,38872,8
337565,463319,4
3177,407989,9
72370,324033,9
34459,166962,6
135095,541866,3
145298,37440,6
268732,595015,3
419959,266128,7
816027,971400,5
326940,881076,0
254108,809641,0
647788,378185,4
160600,220332,6
127164,246854,9
886556,346737,1
621975,539081,4
345074,661911,3
740201,573687,1
967708,277254,8
808407,912229,5
848464,150921,8
545608,35536,7
268556,622215,3
580360,118124,7
315317,532872,3
993768,265875,8
564594,145663,7
159422,415063,9
968169,19403,8
118412,165552,6
446318,280092,7
512132,404636,4
722206,119429,8
246048,329758,9
247805,860895,0
73814,600265,3
654149,291218,7
505451,130000,7
916369,427290,1
469615,830755,2
513926,568692,4
9142,661204,3
862551,907201,5
328505,197791,6
274385,597895,3
821890,507690,1
751772,35476,8
258163,962228,0
177659,927442,0
532199,682958,2
486770,152062,7
719304,358104,1
657716,242012,7
511020,725362,2
167867,340893,9
389685,436554,4
168204,4930,6
865417,75490,8
772478,47852,8
256073,828780,0
314452,8313,6
721180,884284,5
175914,600878,3
972434,711106,5
562233,463928,4
242174,218545,6
91632,73475,6
895381,682700,5
148105,206138,6
574866,777720,2
148148,932684,0
622352,886595,2
15845,313634,9
260497,179452,6
64106,436877,9
606106,827812,2
44174,442853,9
38842,831778,0
702222,253625,8
684563,456885,1
867658,729092,5
855769,925571,5
78773,940038,0
234979,302275,9
337800,408333,4
861433,115931,8
468418,707094,2
134634,805523,0
436332,443267,4
989277,779134,5
921152,804133,5
79997,512120,9
203381,227984,6
728568,57905,8
220248,712328,3
108589,67620,6
493188,26330,7
535295,713444,2
856125,894547,5
661345,229144,7
224344,555068,3
35232,161004,6
9371,502253,9
372830,154043,7
16201,300869,9
720729,295774,8
84228,635636,3
135320,335573,9
983496,627689,1
581780,989074,2
382185,391124,4
625693,35387,7
753161,377106,1
29806,965724,0
925212,50386,8
854117,145873,8
699758,848907,5
591717,993080,2
705928,543080,1
548909,523414,4
34276,83044,6
721979,309497,8
730015,369676,1
153033,40352,6
209195,951779,0
557925,45782,7
460857,634163,4
390532,680045,2
524206,332584,7
751909,350477,1
478207,238507,7
593432,812433,2
564719,245211,7
275696,632427,3
204459,355115,9
423492,636566,4
768454,409700,1
836554,972956,5
474675,868969,2
767850,268745,8
799870,421564,1
235436,983230,0
153839,583642,3
273905,538073,3
393064,234339,7
545063,884139,2
738266,52157,8
605151,789116,2
681866,121999,8
443740,940641,2
357292,15947,6
37314,142958,6
695613,169161,8
93245,177303,6
934087,209417,8
683274,802244,2
329324,964006,0
61453,846185,0
847387,38238,8
669441,304301,8
388493,413164,4
51053,57149,6
518097,671399,2
204299,655409,3
463472,580675,4
405447,351155,4
865230,932593,5
90591,573776,3
453396,227115,7
122325,925423,0
585910,392221,4
72148,603604,3
784572,309345,8
163232,447450,9
297934,391186,9
669410,783276,2
523323,500049,4
335821,143853,6
748186,770163,5
143503,855783,0
153310,696870,3
299309,495168,3
296116,831163,0
359620,145829,7
962045,96997,8
234047,631645,3
66130,450176,9
123385,735202,3
555062,930672,2
816155,122266,8
936490,602538,1
859314,500129,1
668252,320747,8
798684,496473,1
232905,438296,9
452176,736052,2
833106,26009,8
141307,949091,0
378831,13075,7
751950,25212,8
745536,240149,8
197255,274272,9
693050,102709,8
239531,813463,0
883097,219721,8
867177,651950,1
333819,497642,4
879322,774805,5
158403,282467,9
437674,987061,2
535721,864875,2
956956,569361,1
264541,152769,6
589402,90625,7
137783,724098,3
924659,744082,5
796387,879672,5
662489,457969,4
99091,428118,9
386559,904085,2
965117,737080,5
103915,513843,9
163639,293112,9
348921,321667,9
270602,23702,6
371931,49495,7
872748,275667,8
146722,969327,0
488819,596305,4
101812,161350,6
820818,492225,1
838009,433553,1
730040,787800,5
559365,254691,7
592493,41438,7
452454,404403,4
808356,44645,8
358498,278535,7
343883,656200,3
766914,538329,1
711036,394351,1
869030,793574,5
611259,433397,4
107854,709571,3
774190,821240,5
593434,860854,2
389015,175340,7
944062,863325,5
904945,420155,1
559495,443429,4
713401,137053,8
465648,155552,7
372323,636105,3
22946,669984,3
428548,614195,4
788360,968954,5
216611,582131,3
884498,772624,5
501411,221118,7
341683,672160,3
4474,207135,6
324423,585788,3
344812,260619,7
228897,75460,6
268969,564252,3
387670,572543,4
734233,269060,8
105796,122725,6
641645,133418,7
366279,58809,7
406691,267197,7
787883,956607,5
696008,810665,5
849490,387349,1
187938,683689,3
762548,145832,8
1247,969778,0
61106,10156,6
697222,216741,8
769867,168569,8
150759,807388,0
778061,878874,5
241909,774239,0
648644,768397,2
455517,880961,2
327679,309241,9
420151,482812,4
636180,292454,7
283061,412256,9
793444,429173,1
119609,276762,9
548990,875193,2
372582,989898,0
231415,399510,9
579637,962833,2
345796,794865,0
300875,814105,0
673124,211328,8
790360,581230,1
737625,272812,8
162626,267198,9
810016,945471,5
547859,873238,2
515237,603928,4
230113,513108,3
812783,457341,1
545122,879278,2
31104,780084,0
886726,208887,8
780325,939040,5
450219,837236,2
428397,72104,7
867855,48646,8
608610,922980,2
532228,163787,7
773860,276242,8
807459,978869,5
853246,522099,1
922630,658647,1
895314,558027,1
773335,454523,1
174958,527402,3
56195,480200,9
725944,955187,5
842620,914593,5
569582,966320,2
948107,839537,5
99223,647872,3
791721,463593,1
608784,844791,2
403138,543117,4
168961,736218,3
621532,98395,7
739130,569993,1
886779,105735,8
90082,19726,6
544786,233272,7
618436,55810,7
12355,661680,3
871635,576546,1
12552,975694,0
495722,605387,4
741714,238,8
11499,271766,9
575154,628918,4
240742,158462,6
282576,257007,6
524368,60129,7
591842,94499,7
259734,350116,9
402581,190496,7
670601,797720,2
292782,790946,0
446040,594992,4
46015,390610,9
993732,668097,5
708336,11153,8
462346,653469,4
865517,751617,5
431338,506075,4
602926,391413,4
489633,271500,7
104404,719744,3
745281,939802,5
260342,573491,3
663712,21535,8
954379,255236,8
765984,902903,5
96337,148934,6
139275,799879,0
576323,263659,7
322871,501548,4
522994,972856,2
798314,263975,8
641468,162387,7
254220,677608,3
560911,234065,7
939487,973489,5
429920,667674,4
601719,95697,7
383606,280928,7
567093,146859,7
273254,582893,3
691052,527648,1
180700,26089,6
486346,33361,7
709503,624747,1
129371,350974,9
833279,930390,5
77562,595368,3
360088,413,6
943914,376378,1
799696,494948,1
600324,662232,2
147557,4582,6
18892,533151,3
684244,98451,8
679476,966777,2
621846,377735,4
606424,184923,7
2469,507869,9
760893,341951,1
170468,58201,6
188936,450198,9
481465,983623,2
765368,550158,1
515568,161918,7
368816,699929,3
707770,504196,1
38803,178018,6
956165,274246,8
263093,811242,0
549946,951166,2
249375,258902,9
377096,861000,2
827171,274018,8
425691,597573,4
415183,994431,2
415829,847539,2
602008,949619,2
251351,457359,9
837562,920270,5
979574,700914,5
267319,837844,0
649455,398050,4
39719,571985,3
367024,584263,4
718978,870128,5
256065,700404,3
700113,814213,5
483066,903289,2
588381,928039,2
554483,212161,7
794661,879351,5
255422,893973,0
5303,142275,6
223110,819353,0
874756,39219,8
161644,755281,3
15347,948811,0
672529,211090,8
803106,813531,5
27758,542002,3
434785,444295,4
271661,811357,0
483756,491700,4
12831,661349,3
301021,267390,9
34347,278044,9
95313,930538,0
560008,66389,7
812235,235757,8
383949,40690,7
881513,594492,1
627292,901896,2
171516,683638,3
917026,460890,1
180264,702775,3
552612,754461,2
232109,67054,6
982663,621556,1
503817,659632,4
436894,880913,2
514167,613852,4
24935,94850,6
145688,579831,3
230428,819261,0
328540,776104,0
996164,541967,1
856088,277164,8
302927,303302,9
608687,211545,7
439819,46454,7
766181,205278,8
123733,592661,3
855691,599541,1
499790,974694,2
684477,16473,8
863901,591963,1
133589,246594,9
516366,566603,4
899298,515966,1
849073,384979,1
355820,267841,7
609764,307010,7
932852,445981,1
615953,326408,7
942830,155479,8
150533,8922,6
964888,880589,5
69581,457699,9
559233,40274,7
896103,804760,5
608177,643948,4
839299,99800,8
338913,115578,6
531827,427889,4
540352,710404,2
774367,798947,5
907227,773395,5
463358,658925,4
564644,975500,2
242637,2980,6
100307,862353,0
579898,353254,4
151113,757299,3
934581,513414,1
959552,206042,8
961499,920383,5
889004,501238,1
320196,545130,3
3435,746576,3
702916,912419,5
28342,348857,9
254831,960087,0
195418,396498,9
949062,889182,5
482897,60572,7
38358,696095,3
277616,897886,0
782126,192715,8
976367,815555,5
47561,367183,9
250198,93442,6
489054,543753,4
868320,862548,5
857057,565897,1
34491,702990,3
158204,950383,0
92834,265531,9
783404,680779,5
864418,276963,8
932470,28687,8
154262,697631,3
97959,397025,9
814029,399500,1
409374,358252,4
152011,861245,0
949625,357007,1
217499,509412,3
697051,337279,1
649929,369638,4
511522,150934,7
752145,317765,8
693008,399197,1
307755,451051,9
822738,772750,5
625918,811399,2
184419,543721,3
334906,773060,0
820718,807505,5
750658,320686,8
785342,246740,8
966998,336515,1
815811,338525,1
590288,980198,2
201272,782310,0
296841,20052,6
20866,697485,3
639954,718517,2
117304,528517,3
801422,503480,1
990531,856212,5
365333,163257,7
870528,967686,5
903693,378242,1
114596,19018,6
637913,404685,4
548960,376755,4
125468,753744,3
180463,52461,6
725937,832360,5
488572,444666,4
514411,717296,2
602637,521330,4
996356,770079,5
721412,781988,5
888241,674649,5
828435,516216,1
54127,717784,3
806198,773172,5
717055,545110,1
675831,706302,2
819734,276546,8
924551,936277,5
14241,361904,9
527166,86567,7
935600,639263,1
104474,906597,0
187777,975702,0
635548,659510,2
386401,243495,7
430963,196589,7
74268,225950,6
550329,381741,4
930692,149910,8
551242,725455,2
737414,718154,5
14629,885911,0
506598,393911,4
475021,678999,2
949483,969361,5
63705,704533,3
90754,306791,9
238242,139257,6
500294,441330,4
447531,654471,4
704467,984301,5
151992,535817,3
476856,532104,4
86363,514913,9
155124,175092,6
776137,545787,1
46215,751050,3
899979,947709,5
150080,410950,9
844016,388512,1
724458,966576,5
258840,327095,9
488267,305935,7
855019,307585,8
595217,815383,2
146287,651429,3
579234,196287,7
10309,278585,9
193866,317682,9
282931,235907,6
896855,456782,1
149574,896150,0
597415,755360,2
350980,924660,0
765605,525304,1
794308,950352,5
567872,236853,7
800813,264530,8
969201,370581,1
367793,498939,4
668545,236943,8
312609,24453,6
982474,440615,1
416742,188084,7
135925,497706,9
961435,847083,5
928276,542958,1
499754,378958,4
159582,94952,6
874509,882619,5
179285,257453,9
12982,203487,6
10752,721330,3
394248,133799,7
761338,821643,5
360747,87044,7
954615,230061,8
651675,711518,2
490738,842402,2
254990,631384,3
673267,605070,1
412090,2655,7
632375,328978,7
143520,145335,6
656858,826975,2
978240,284650,8
129133,340829,9
317550,74956,6
795116,523358,1
81564,856555,0
130503,370288,9
441438,248965,7
364857,159503,7
778416,850863,5
466530,971393,2
218310,136577,6
452236,745810,2
838533,224679,8
181327,578062,3
493051,709459,2
877720,847493,5
822971,678187,5
297579,423227,9
186750,722863,3
158476,506997,9
103082,506982,9
852662,692375,5
749167,264103,8
795872,227019,8
509287,592673,4
62189,224082,6
146216,458424,9
748036,254604,8
136100,437518,9
369257,118654,7
218680,367580,9
919956,701102,5
434314,524580,4
632318,384484,4
31709,939447,0
300288,943997,0
764675,893321,5
56236,171276,6
644175,660743,2
107918,794424,0
884694,52976,8
381471,391468,4
416627,264816,7
776791,534620,1
360716,560627,4
459909,704880,2
926502,721595,5
857947,527426,1
456404,796534,2
359700,488333,4
428072,611545,4
243076,392482,9
449116,295463,7
861457,523474,1
35660,343037,9
422954,593877,4
298042,197567,6
511678,780876,2
184322,907815,0
648739,370588,4
476892,135705,7
806736,819782,5
87898,315510,9
784424,814768,5
808639,807053,5
154885,161933,6
618360,782304,2
183469,563653,3
322168,691674,3
973753,875743,5
628993,494229,4
513687,542189,4
579436,590646,4
1329,351664,9
425282,730685,2
633715,862316,2
955479,742365,5
936087,815174,5
633311,73692,7
551892,663472,2
977056,382373,1
559254,385409,4
581022,243863,7
620345,146350,7
720456,720330,5
594062,407779,4
553845,486004,4
282944,451203,9
369869,403591,4
156053,790084,0
945671,905708,5
240476,689488,3
232479,283954,9
419288,976058,2
612061,912972,2
323431,912937,0
738606,751718,5
130905,120610,6
99089,395412,9
690142,229444,8
266216,302794,9
73476,914392,0
187987,513432,3
267309,666485,3
629584,419521,4
895081,633322,1
255640,542391,3
976002,675323,5
155109,922417,0
78647,827960,0
526706,360790,4
802648,112274,8
2696,326488,9
283871,23940,6
366885,250377,7
98251,318207,9
117525,248070,9
319077,733301,3
593578,280697,7
689268,540515,1
437002,698227,2
114725,192087,6
420168,778446,2
344590,527895,4
333144,161882,6
757749,492506,1
555424,19196,7
638441,282668,7
806620,874882,5
158318,859313,0
474740,959667,2
137082,937656,0
199555,929304,0
825561,215035,8
98511,689352,3
945270,154596,8
297508,226904,6
583530,404522,4
816610,772620,5
439778,361037,4
949771,802371,5
462480,903543,2
848070,526143,1
885616,554063,1
150036,671530,3
416868,308881,7
377294,183520,7
432834,645844,4
707546,740104,5
939596,798308,5
175216,871413,0
842428,703073,5
564368,344779,4
701073,934733,5
72950,77787,6
370613,900643,0
117706,301301,9
972525,237201,8
641695,968124,2
265998,633237,3
819211,491369,1
441982,406060,4
654656,810236,2
650921,34420,7
502268,630748,4
981852,989594,5
115967,65038,6
95760,439556,9
622380,348375,4
139959,294460,9
994231,44761,8
312977,210368,6
660995,353646,4
729113,215931,8
163043,280095,9
560459,650478,4
585070,283993,7
83739,402733,9
748310,850522,5
729120,328897,8
779478,687315,5
716464,612782,1
41966,325984,9
817062,367055,1
105570,319508,9
985034,482703,1
793321,352556,1
409054,982992,2
157585,547487,3
617918,359611,4
982900,608371,1
905399,55600,8
483297,773789,2
75356,517709,9
142626,118354,6
184423,606121,3
85691,214293,6
638219,560689,4
512251,407412,4
373729,276984,7
273457,998579,0
122545,625229,3
233725,229815,6
500913,856350,2
674480,993035,2
954025,313159,8
278790,629290,3
487476,17135,7
4565,739554,3
686417,619084,1
957943,151239,8
875498,505404,1
338261,159107,7
126081,46319,6
498717,945760,2
394182,17790,7
998900,525119,1
686535,610058,1
250482,855968,0
258509,761231,0
22548,980160,0
557999,296889,7
828594,189759,8
283321,785083,0
901814,790843,5
707819,315321,8
615167,113610,7
455838,270732,7
193164,515266,3
89202,230667,6
821111,414213,1
689897,109471,8
880706,37874,8
553728,519739,4
255202,192476,6
945325,93932,8
725917,488884,1
689664,193891,8
736071,161548,8
140826,874258,0
660527,488716,4
854288,26314,8
261920,98504,6
562220,245439,7
101742,984765,0
955899,810508,5
211777,338149,9
281804,288377,9
753290,550223,1
601289,873116,2
472743,398130,4
375548,836279,2
350232,364730,9
29361,480928,9
972295,366873,1
48551,1771,6
768158,447923,1
246552,799580,0
546738,30260,7
584984,828868,2
788940,727599,5
763882,569139,1
523443,511583,4
178129,823764,0
5093,605523,3
33573,263042,9
962840,459098,1
67424,199124,6
692065,544420,1
83468,855268,0
505736,911692,2
821867,122202,8
858017,695332,5
445916,511949,4
342937,744871,3
50570,938489,0
188180,757236,3
865898,159981,8
808412,989178,5
127998,262449,9
993705,203015,8
75276,164882,6
178256,960386,0
215869,125298,6
895538,317158,8
477585,780458,2
171723,155807,6
656736,762081,2
311292,887653,0
795626,98444,8
563748,917503,2
485947,318235,7
577285,435434,4
353729,135301,7
4940,38098,6
325248,448307,4
704363,232399,8
944267,306864,8
479426,717079,2
948340,765752,5
3712,391831,9
510152,139749,7
768994,482184,1
71325,774551,0
880603,305922,8
635826,328753,7
356958,401138,4
934269,261498,8
668,232162,9
955871,334649,1
451182,23349,7
436483,974807,2
596843,143468,7
268774,293049,9
275284,704814,3
821293,481305,1
296768,790396,0
198206,256078,9
907177,928476,5
906825,19552,8
613702,490084,4
846799,160303,8
223203,380972,9
4238,235973,9
998417,400464,1
598673,902218,2
586080,260836,7
880712,133559,8
734726,550408,1
711715,804720,5
940338,261410,8
525945,566742,4
245010,890290,0
120636,543869,3
819450,496208,1
775091,961085,5
972313,666060,1
475116,282028,7
45402,73875,6
618326,221168,7
187134,173262,6
25010,346286,9
38012,870850,0
386523,300523,7
902434,210237,8
464392,37261,7
250149,259355,9
980821,662146,1
689160,726988,2
500733,832968,2
706156,367834,1
197512,599976,3
812397,964734,5
295297,60486,6
596013,202505,7
505973,889124,2
509641,547389,4
982911,800290,5
475040,9311,7
501832,291985,7
392523,145788,7
263213,824818,0
723617,844065,5
213967,146511,6
415514,546904,4
820392,332608,1
148652,395572,9
378805,589644,4
162998,510465,3
397449,934304,2
848397,19401,8
75273,129264,6
549782,200565,7
899119,501601,1
412281,217109,7
964259,302515,8
384354,837852,2
792826,38791,8
973617,583752,1
130046,697597,3
529302,992877,2
286924,339565,9
74671,2733,6
937242,229782,8
952073,505880,1
340050,235234,7
585967,362300,4
180989,883290,0
468424,808422,2
154377,627630,3
579590,180689,7
853862,865781,5
182641,654700,3
548920,713517,2
87150,736320,3
333683,225694,7
248651,83404,6
777006,150050,8
899638,217241,8
181602,194039,6
217422,217279,6
808228,898584,5
513149,498741,4
349859,84797,6
187391,481162,9
895888,206203,8
664727,72408,8
967290,256805,8
123998,48087,6
213876,619782,3
681492,838677,2
645907,763770,2
685379,167063,8
844162,843276,5
946322,842699,5
248668,369411,9
693936,990944,5
810059,663165,1
826107,392494,1
649635,425133,4
225417,598504,3
65050,296349,9
753066,786788,5
551256,964254,2
218405,747744,3
347455,679858,3
389291,819241,2
995262,370934,1
299124,384750,9
496050,119173,7
954990,528199,1
450541,249264,7
387351,219666,7
937882,986524,5
513466,839628,2
630319,779980,2
127718,564851,3
461741,487289,4
882542,884272,5
962724,511529,1
283458,81512,6
982686,15692,8
746828,943657,5
57537,38989,6
298791,780725,0
652077,461848,4
279927,744454,3
38926,234091,9
380026,104045,7
697901,624950,1
536745,89336,7
478008,896976,2
482482,75279,7
221694,11060,6
899420,557177,1
482675,320272,7
814027,356565,1
793068,107455,8
997388,100180,8
739529,270242,8
965662,889330,5
971823,444881,1
131712,693749,3
848923,860404,5
816885,392244,1
460759,980937,2
611240,122995,7
187638,646888,3
251308,739837,3
453145,24331,7
935479,600588,1
89116,787429,0
332212,503563,4
395020,101521,7
274033,681332,3
147885,507427,9
342340,724872,3
930402,267352,8
386731,789151,2
266112,549422,3
136647,631639,3
964332,538166,1
964959,72936,8
851605,928536,5
906832,128894,8
328140,52040,6
647792,451377,4
301995,641305,3
423197,686058,2
592866,307988,7
364807,319069,7
593037,173339,7
322113,761604,0
286086,250464,6
564616,501269,4
841902,854087,5
654213,364370,4
966962,731779,5
22459,470884,9
153244,588531,3
443903,691860,2
99034,466069,9
235489,875460,0
856301,857188,5
764895,601439,1
397183,461721,4
159380,712294,3
532482,439497,4
629816,331469,7
6182,908779,0
854880,983874,5
973615,550380,1
252918,796504,0
845140,273376,8
644953,741321,2
395518,482858,4
406733,976923,2
160663,269645,9
924571,274822,8
944343,581326,1
355923,998955,0
453123,648227,4
755532,231224,8
198377,125068,6
29554,727486,3
872186,833442,5
672226,105496,8
74709,636755,3
944997,572538,1
657911,512550,4
442694,366638,4
95546,843433,0
587182,770090,2
908141,142076,8
875623,608146,1
121952,663443,3
491625,751064,2
139145,610977,3
693121,300331,8
678024,562287,1
360884,393459,4
877706,607302,1
928253,150849,8
325031,796711,0
329322,923591,0
800315,900302,5
378106,828224,2
964203,365902,1
731095,526524,1
296938,652421,3
251952,566351,3
673920,579525,1
91674,765255,3
652013,392734,4
691916,35020,8
596305,98392,7
679337,621292,1
62118,18727,6
748388,171543,8
123919,706836,3
793895,2085,8
56483,320598,9
296391,445621,9
565661,66217,7
914427,791244,5
446143,325544,7
418654,328243,7
793603,94099,8
525698,422601,4
670810,316135,8
289282,963987,0
740697,901476,5
118862,721231,3
736983,481008,1
311942,821608,0
767156,603502,1
68954,910806,0
920554,752031,5
391821,347951,4
19090,848691,0
958200,470330,1
845414,880932,5
834665,217815,8
818484,276402,8
496827,177470,7
754507,8282,8
195655,384886,9
789740,161820,8
717977,39662,8
610344,55919,7
847114,459968,1
694133,302923,8
234321,234622,6
306235,897556,0
236024,859912,0
554031,610119,4
274140,472506,9
412230,363886,4
846133,965895,5
805621,86397,8
81292,281776,9
821048,368884,1
845224,684612,5
275836,981809,0
270006,5574,6
689294,968030,5
688679,638952,1
878181,602431,1
65722,590606,3
329749,94063,6
932585,962865,5
877073,974537,5
56962,361010,9
511502,817773,2
320042,954805,0
415542,30667,7
434152,808783,2
230606,804050,0
684031,511462,1
148877,179903,6
634733,964717,2
13187,649375,3
46569,699849,3
378133,286293,7
739405,189805,8
64667,860162,0
759155,126764,8
524966,105688,7
314426,572619,3
12514,335998,9
123070,448772,9
514531,737321,2
163445,33015,6
888656,657891,1
182199,232656,6
265988,473477,9
738342,319927,8
16839,28442,6
40785,488486,9
985455,556887,1
616183,202840,7
135449,493984,9
395475,752681,2
325713,267179,7
479305,684696,2
689364,153263,8
902853,264551,8
312810,405632,9
463858,74331,7
281336,421060,9
759439,900982,5
811875,197518,8
691952,644483,1
838481,351647,1
141060,804371,0
70835,524125,3
980485,20554,8
463804,164116,7
305037,766483,0
290446,538504,3
639546,861608,2
46515,793188,0
119990,676533,3
497572,703653,2
299808,882508,0
318300,676037,3
157050,540517,3
485971,730168,2
937226,965963,5
944773,806075,5
702753,184428,8
690755,535332,1
330248,480746,4
905595,336892,1
147891,616778,3
188316,42434,6
190045,91193,6
684482,96529,8
363936,678804,3
665789,922666,2
249883,785982,0
6487,38901,6
822706,227730,8
465889,212366,7
247882,166075,6
236129,633031,3
360700,285099,7
672078,619512,1
148607,651002,3
399793,321712,7
24047,166567,6
496299,297695,7
374693,476535,4
131925,275620,9
353809,481397,4
846812,375489,1
854688,749306,5
589615,671165,2
281245,892186,0
984063,156896,8
967254,650457,1
233862,525750,3
294905,478063,9
818531,57035,8
601967,274727,7
353266,343610,9
60736,803086,0
472059,902524,2
726189,70879,8
276959,863402,0
207707,937294,0
110217,427088,9
82206,645291,3
418374,618593,4
693445,746177,2
11761,680446,3
258131,418569,9
905206,803736,5
400785,6811,7
486892,197797,7
381747,33272,7
215700,270200,9
252735,717594,3
616209,628414,4
765755,44589,8
413698,36750,7
669388,412275,4
106014,785356,0
484967,845731,2
206917,667176,3
240464,488961,9
971271,164388,8
885608,413901,1
439789,535815,4
451655,980427,2
37226,661488,3
644619,126512,7
292473,601398,3
711789,39925,8
23289,426991,9
441666,88754,7
697551,753889,5
623441,178417,7
660444,95090,8
183429,897801,0
350229,302072,7
937829,104719,8
19339,32371,6
61305,362573,9
777235,898,8
95227,481947,9
99263,321699,9
800667,815018,5
9192,505630,9
132203,943439,0
384489,118871,7
875794,476761,1
930516,193398,8
441779,992127,2
687628,968247,5
335525,170555,7
534559,345753,4
82571,783700,0
662522,7318,8
999516,876893,5
956619,902013,5
148324,892781,0
976122,687161,5
127391,70936,6
222909,441242,9
956185,602789,1
87901,367062,9
223834,987025,0
937058,144846,8
439045,44820,7
300250,307729,9
5574,691837,3
717811,260409,8
700245,27534,8
764167,355222,1
221639,101081,6
869255,570760,1
773186,940810,5
210473,431993,9
513573,635052,4
319684,930129,0
678532,98484,8
231799,851561,0
200644,234845,6
55903,572620,3
35125,348668,9
66846,489003,9
679080,310410,8
75342,273182,9
375973,985667,0
119701,826555,0
924873,352304,1
189005,623785,3
967410,268502,8
728600,595710,1
102436,643253,3
169705,233873,6
711595,791222,5
82044,924564,0
147855,6806,6
396184,674832,2
916063,278243,8
443418,533230,4
5633,675526,3
570865,537750,4
976676,8837,8
525337,345989,4
49038,187034,6
484653,563378,4
697575,144198,8
544473,971440,2
1173,729987,3
897010,59856,8
12524,493128,9
7243,736825,3
833230,105147,8
207029,547775,3
455577,891831,2
11471,803866,0
588490,764731,2
842605,669174,1
807621,694627,5
597270,324506,7
977058,422797,1
951929,86898,8
508953,986645,2
544542,131793,7
56719,286266,9
282869,196009,6
339407,422017,4
847895,580548,1
271368,890159,0
917185,131920,8
185828,220766,6
421535,753848,2
936974,735943,5
6424,974719,0
103501,549650,3
972851,720026,5
491481,321430,7
285118,983544,0
428867,973615,2
550302,937540,2
240450,258639,9
945704,455362,1
270875,606871,3
689894,59804,8
141903,966499,0
959991,578850,1
740206,647341,1
869832,278941,8
164799,784701,0
473367,887805,2
341458,894012,0
663399,760267,2
807837,332996,1
673449,660320,2
2287,452728,9
12225,470352,9
211719,375568,9
186165,878589,0
456264,442159,4
373044,761679,2
543486,374583,4
626890,148764,7
291799,274881,9
936343,127511,8
86116,361827,9
233232,944053,0
707682,12952,8
697113,384322,1
301378,272062,9
560771,883024,2
987929,134701,8
930290,389555,1
262146,892986,0
422659,640615,4
821153,122781,8
595084,592921,4
229050,652480,3
242622,751112,3
951209,971874,5
301352,838020,0
606578,767460,2
710263,396481,1
672775,342185,4
103813,793615,0
289343,998899,0
508574,615651,4
260407,664103,3
586028,378789,4
308913,902537,0
947558,617217,1
573498,782384,2
529017,197879,7
767187,115605,8
981045,433853,1
774636,310676,8
548260,618324,4
174109,250414,9
718460,161766,8
816887,436424,1
991573,372980,1
691235,594050,1
212245,213746,6
442635,368048,4
794543,893558,5
40899,399967,9
248680,578359,3
489804,141836,7
851281,482870,1
598464,389657,4
979846,280576,8
656353,336969,4
443351,409160,4
759273,105520,8
487017,310510,7
744581,178788,8
901512,720405,5
847165,317652,8
788798,334577,1
243628,663403,3
824505,470003,1
341481,273732,7
613804,219289,7
594938,133821,7
135251,171009,6
160620,555747,3
442150,224147,7
255259,152231,6
555823,730198,2
450245,267976,7
873643,322222,8
595166,959092,2
465348,117523,7
209650,600075,3
466774,80081,7
926329,818623,5
598494,890107,2
32171,707299,3
580389,605198,4
569562,630099,4
84728,34895,6
489555,967353,2
305076,426880,9
580548,271196,7
996328,293868,8
41617,464949,9
403664,386554,4
818825,992453,5
172700,569378,3
547558,822263,2
789063,796695,5
66622,726194,3
152070,849973,0
513015,244175,7
864615,592816,1
467937,624779,4
666205,922476,2
69144,118889,6
180678,662836,3
291448,367937,9
922280,766190,5
357697,822157,0
6310,67010,6
241490,729943,3
168594,574838,3
313976,8049,6
294922,767435,0
296710,808218,0
731945,810564,5
150221,771250,0
404778,108395,7
807193,508337,1
627130,183586,7
546174,553896,4
342655,14621,6
742954,837359,5
507096,771711,2
152641,440986,9
652402,920787,2
676384,990317,2
257843,578790,3
726245,6123,8
911105,943799,5
439822,89398,7
514024,211681,7
737007,886492,5
284746,733351,3
430491,274072,7
344397,292372,7
901535,98817,8
830760,590586,1
981327,163273,8
139246,317642,9
612431,130521,7
677692,982680,2
914810,224739,8
191054,57337,6
669299,914879,2
375622,85876,7
331176,88498,6
402675,761890,2
90780,745521,3
983570,862409,5
509389,307125,7
861598,881567,5
502765,982219,2
166353,895276,0
919842,787477,5
129735,467251,9
88562,467264,9
321060,60337,6
88366,179806,6
4688,800354,0
559102,834498,2
417430,756358,2
113646,58523,6
601183,92210,7
785975,895854,5
620728,585871,4
749465,268221,8
5308,225187,6
734438,702136,5
814254,175332,8
815264,145945,8
908158,414934,1
809069,32099,8
500152,60408,7
284697,914564,0
78633,600870,3
826246,716761,5
610420,338114,4
682946,279903,8
345246,559428,4
317817,554097,3
712799,27724,8
973166,5267,8
538267,662772,2
223007,92175,6
194904,767480,0
39980,951958,0
569394,813592,2
54758,325175,9
231980,890556,0
586856,292664,7
819429,156442,8
325094,867233,0
594135,641982,4
799960,934104,5
491448,779008,2
795635,245478,8
764174,474691,1
145975,416324,9
163518,262639,9
185165,76877,6
80376,891628,0
600630,794264,2
210603,616137,3
421799,190343,7
105250,946909,0
713457,74754,8
402659,496020,4
620579,77121,7
179938,226586,6
246870,154468,6
148301,503364,9
50397,33145,6
72777,171504,6
470675,642273,4
684467,851524,2
573478,454193,4
623409,644298,4
732555,54271,8
146526,664917,3
261599,695194,3
136362,842206,0
967962,549590,1
971577,301562,8
368980,458152,4
175832,221082,6
728847,737197,5
85325,67205,6
518665,205662,7
563184,437829,4
603134,882937,2
522293,184653,7
477208,438000,4
474363,625121,4
424425,323952,7
662528,118851,8
544535,8340,7
179649,367914,9
535689,325607,7
477202,340241,4
435851,359042,4
425627,528389,4
643332,484550,4
845357,916935,5
930686,43464,8
505785,737468,2
636969,550957,4
950736,32085,8
267583,283495,9
716943,667243,1
367407,9689,7
848430,572835,1
638424,4018,7
535211,302991,7
379021,214592,7
651870,983152,2
837702,268423,8
393688,721337,2
525050,524852,4
193088,241298,6
499586,551925,4
211286,96074,6
732506,233888,8
960959,848228,5
178820,435067,9
177573,484401,9
331746,662441,3
658146,463294,4
586611,177677,7
223490,212111,6
965481,845310,5
138352,288446,9
914801,73361,8
987156,139195,8
458447,130973,7
267040,148909,6
729823,137417,8
572681,64707,7
539311,213797,7
289808,807464,0
48249,935738,0
963280,856050,5
640207,968501,2
608550,909050,2
417161,227481,7
273319,682334,3
987993,207704,8
892582,634833,1
653883,814002,2
946064,504542,1
852700,339318,1
925811,111247,8
733077,832398,5
113547,394738,9
377415,223581,7
730380,507154,1
744184,512044,1
935900,683194,5
446639,669040,2
566149,272102,7
232993,926723,0
440263,511832,4
373846,231987,7
18322,941247,0
549549,282833,7
581593,833811,2
870593,60638,8
155807,661486,3
605519,963722,2
288283,185339,6
6671,119830,6
988386,818865,5
676822,363046,1
721172,749694,5
120572,456153,9
566116,712924,2
121106,437663,9
805638,358254,1
177901,988248,0
492031,571643,4
611520,826400,2
320641,21762,6
762440,333738,1
136394,380293,9
585510,682307,2
544097,647436,4
469918,916651,2
161711,886872,0
669521,655531,2
519154,427646,4
454980,853456,2
40576,971433,0
876531,859173,5
126649,597855,3
161501,349126,9
774685,137345,8
358671,186086,7
552943,322633,7
501475,296399,7
581471,798587,2
863399,163417,8
564951,139699,7
925992,152410,8
555256,192891,7
923160,555085,1
319079,773505,0
303196,825237,0
774996,365813,1
230342,366421,9
442776,737724,2
937575,828618,5
586493,196878,7
930076,794301,5
827642,186892,8
101007,625394,3
7015,908119,0
758044,447897,1
810591,618629,1
307870,383311,9
318791,926353,0
215639,247411,6
236891,436063,9
923718,941993,5
84489,18919,6
978174,185953,8
328282,443278,4
177430,79099,6
428703,211955,7
337151,509918,4
202999,814642,0
693461,9816,8
993693,1329,8
346475,215729,7
764357,548678,1
637638,785538,2
551784,848779,2
441657,931921,2
811815,178838,8
733447,55746,8
937309,368026,1
413368,477124,4
39287,303941,9
353149,390148,4
228816,714666,3
399131,200066,7
513282,734672,2
643629,480505,4
860880,818753,5
783749,476699,1
883418,621184,1
250117,732327,3
226167,199749,6
189277,181221,6
789126,848512,5
956122,547865,1
977900,570078,1
313902,758327,0
209374,953982,0
584994,2981,7
110113,679202,3
353367,41869,6
708461,113160,8
881485,130904,8
117949,376241,9
489602,749097,2
88583,820093,0
307625,259472,6
953614,392403,1
122726,665742,3
138268,875066,0
242565,797015,0
442532,638256,4
181070,249641,9
730091,652387,1
670359,730239,2
131217,370922,9
92727,470201,9
672493,597894,1
817405,136537,8
789922,228951,8
982536,498614,1
221094,937960,0
295359,103929,6
740080,526481,1
576161,548284,4
24199,723802,3
942423,314301,8
470699,40290,7
170221,915790,0
684587,864818,2
11789,145301,6
76596,352287,9
888442,46569,8
700616,268836,8
335615,687118,3
400994,522667,4
470535,287897,7
697811,124869,8
688892,217231,8
7223,400581,9
575238,33689,7
221411,268954,9
312055,713985,3
946640,192382,8
377602,364976,4
157012,905008,0
486036,822400,2
87864,733518,3
239884,736193,3
208879,636978,3
692912,783138,2
201419,263676,9
615648,198664,7
962492,615641,1
87898,308177,9
533516,812581,2
53466,604152,3
990127,81128,8
522120,281571,7
376225,222206,7
629028,77145,7
579685,782191,2
299912,627256,3
300486,281724,9
948260,406288,1
495298,480550,4
606287,872309,2
901451,691213,5
233411,950968,0
920500,844556,5
453748,155237,7
77643,954746,0
421586,600035,4
802628,783379,5
258687,768428,0
970727,13555,8
826039,247425,8
487390,566048,4
583266,956765,2
365457,245596,7
735206,608946,1
568344,158798,7
928424,38920,8
136536,761497,3
483704,624006,4
681335,210488,8
678195,429313,1
467277,535534,4
721883,696616,5
28021,958062,0
157896,769765,0
443199,856136,2
80478,604578,3
144783,375528,9
506327,848622,2
799952,798449,5
546966,871958,2
12898,790952,0
544597,50359,7
383838,171721,7
131553,21130,6
141188,954533,0
841984,241108,8
307179,761990,0
777942,872662,5
845296,905948,5
273827,214759,6
457694,464041,4
146157,468569,9
243205,560269,3
443365,635632,4
68248,56729,6
445885,996059,2
766556,508848,1
209824,520500,3
55495,717269,3
140356,978797,0
656790,682736,2
759000,519730,1
103895,172417,6
827631,10932,8
736916,350935,1
176099,702320,3
898657,743790,5
895162,997537,5
607491,106103,7
280498,332476,9
930878,269470,8
987444,984461,5
845398,607917,1
270463,681755,3
267282,224092,6
324571,73078,6
237724,432460,9
368673,298415,7
469016,766686,2
704473,83985,8
548799,680805,2
303587,388407,9
969519,722190,5
855023,373413,1
959553,211748,8
852546,756663,5
244950,888554,0
941443,840655,5
895814,953655,5
94037,485433,9
682877,122595,8
457900,933619,2
346859,664399,3
561039,399191,4
210888,407847,9
695666,60068,8
565821,753549,2
913204,235121,8
683291,79087,8
215504,991068,0
892569,421674,1
90685,147447,6
151071,56064,6
280301,32151,6
366382,794337,2
437363,769815,2
289237,222572,6
771413,142489,8
815914,82529,8
76385,803380,0
420719,35193,7
505045,301195,7
197778,70672,6
800807,170958,8
303406,353349,9
746815,733848,5
792513,771512,5
806054,356624,1
794210,289776,8
274597,166406,6
791771,310398,8
865924,585047,1
888762,425437,1
333963,916648,0
105033,290210,9
575778,111276,7
218821,725219,3
757869,515176,1
576005,925480,2
554485,245806,7
275612,226631,6
992340,260326,8
310845,387080,9
662528,114602,8
119516,714650,3
132627,75304,6
640850,780380,2
853661,482292,1
897609,117414,8
382537,314206,7
870676,454882,1
218152,482819,9
750571,848766,5
210450,42584,6
719386,736640,5
723720,563464,1
145257,346560,9
638946,779593,2
620914,705478,2
974895,60859,8
865193,311554,8
304026,780249,0
648127,81291,7
272972,841037,0
312897,863825,0
321470,946751,0
56616,547200,3
797117,159786,8
528193,345261,4
802938,984557,5
458092,153004,7
547549,669289,2
751456,735068,5
291144,257772,6
375814,315905,7
423259,716627,2
357271,661209,3
955529,576124,1
919733,961358,5
549166,833028,2
711930,420526,1
793073,187080,8
262844,628728,3
45971,644115,3
656424,521255,4
741453,606514,1
697235,443885,1
391093,101835,7
553537,310919,7
630526,254770,7
932587,993826,5
240563,149192,6
476883,988202,2
714043,926275,5
908862,251386,8
60639,164886,6
245320,107693,6
997875,298279,8
177995,578425,3
602901,972217,2
62625,539232,3
886038,640974,1
853343,136068,8
908377,99401,8
642820,883261,2
974658,89368,8
14600,390807,9
294582,45624,6
809025,290793,8
372397,879895,2
402852,734603,2
483464,581867,4
439128,440497,4
434009,404836,4
83600,73285,6
709509,726818,5
645204,955586,2
548300,280701,7
743270,151253,8
113725,384138,9
208663,10473,6
28020,944992,0
489790,908877,2
497479,134849,7
418637,40069,7
440706,950530,2
569191,400153,4
374610,86321,7
811542,591028,1
413575,971481,2
688626,746222,2
757301,970144,5
221123,430136,9
312242,855826,0
870926,659740,1
262512,43064,6
789649,636875,1
974570,609448,1
8089,958011,0
306536,957633,0
940645,436135,1
127625,5330,6
584387,792762,2
964004,20709,8
60460,166079,6
305651,83203,6
402777,474221,4
243448,633964,3
45933,6282,6
589766,198707,7
673001,142200,8
961468,401753,1
274397,803352,0
951904,658608,1
235035,240993,6
374723,977493,0
734206,816688,5
90104,379496,9
205370,654328,3
306350,832947,0
347191,255643,7
603805,153026,7
910286,182694,8
546929,251382,7
987063,578140,1
799686,337802,1
453076,862968,2
911558,571222,1
537390,924302,2
759594,505919,1
980819,628563,1
260511,424551,9
433017,728753,2
152287,499386,9
189012,739099,3
45181,357320,9
479644,388186,4
247087,798629,0
562443,987117,2
476724,310832,7
162870,367973,9
533331,710537,2
998833,389857,1
341139,524442,4
296946,771578,0
914777,657382,1
622178,960715,2
745285,19537,8
367327,680513,3
391256,854150,2
710569,545786,1
39720,574685,3
747561,268099,8
953273,674825,5
796985,930797,5
908441,171473,8
952115,211506,8
787029,611083,1
481862,656425,4
541228,425888,4
911297,172372,8
65875,174936,6
159696,16295,6
875347,966796,5
952072,483168,1
617389,468589,4
583285,271777,7
761430,359814,1
403016,490252,4
675593,704601,2
233278,719255,3
525597,720116,2
992680,979187,5
208784,41298,6
110977,192022,6
319272,15477,6
121943,507088,9
629694,267937,7
226809,987108,0
326497,442989,4
318711,578691,3
66209,788955,0
977424,581617,1
246629,94304,6
974568,574316,1
534958,45720,7
426094,365504,4
32858,252853,9
703911,643764,1
747977,251936,8
303910,817270,0
866256,176800,8
481483,293618,7
845619,321365,8
188643,539425,3
123227,90132,6
860341,755535,5
289719,311805,9
519246,980640,2
629819,373144,4
444904,507120,4
166833,969413,0
931282,62962,8
207535,49865,6
84811,421939,9
537135,631789,4
492007,166065,7
60263,847394,0
153504,957985,0
859486,387636,1
9036,881949,0
930257,837647,5
348864,361270,9
874006,427800,1
38292,583491,3
734116,289678,8
620721,469478,4
519480,905870,2
960546,910833,5
373419,54604,7
738185,679185,5
62515,703049,3
147872,298307,9
652641,950663,2
798877,726768,5
797272,757006,5
877,749458,3
142467,456128,9
158870,144118,6
198166,578048,3
262439,816993,0
211296,262706,9
303553,826803,0
80918,995480,0
38856,61991,6
886260,384177,1
878193,805173,5
552123,546478,4
661416,429349,4
70307,653648,3
867563,147931,8
276431,982328,0
992620,975064,5
910565,878461,5
299051,155462,6
855666,191216,8
778769,778219,5
531144,951395,2
106273,133201,6
724716,315212,8
783906,112714,8
388918,560963,4
118351,131094,6
307633,391025,9
972295,362264,1
572794,950236,2
623231,648020,4
279591,90301,6
695420,924677,5
50868,946144,0
852697,289010,8
400909,80236,7
530029,204595,7
643897,991945,2
635015,706284,2
524445,355800,4
935745,66799,8
706374,31804,8
533796,520799,4
82208,676299,3
571091,326879,7
865268,569972,1
528058,71215,7
920139,790929,5
158460,238967,6
328451,291513,9
461594,12795,7
53913,127132,6
715913,363008,1
81680,797025,0
609695,153873,7
155147,557809,3
105515,401647,9
496317,601726,4
223149,476486,9
313600,684492,3
261321,23603,6
704468,2967,8
869617,654510,1
357421,181966,7
304023,716323,3
247474,297020,9
18694,198242,6
854263,603400,1
354462,453708,4
485042,102231,7
204190,834839,0
143194,670626,3
211759,36388,6
579307,413969,4
580153,643850,4
191942,973849,0
485855,766610,2
421559,146677,7
213175,833880,0
32496,160666,6
321940,860071,0
229585,644525,3
532006,441206,4
351081,627161,3
706811,373462,1
792106,938575,5
635511,40397,7
958132,328878,1
453627,111506,7
88874,714540,3
278036,960261,0
114466,834568,0
599713,380786,4
876038,582052,1
551135,942734,2
533879,915443,2
852979,33504,8
107299,383051,9
954353,826492,5
862874,332142,1
324810,94134,6
117129,601714,3
9403,47954,6
976646,490739,1
855300,29265,8
868955,528684,1
605477,256829,7
532183,401428,4
809455,517412,1
156759,655040,3
257865,953078,0
389425,75051,7
395014,4161,7
943949,951123,5
540244,882994,2
490063,489846,4
853324,820063,5
807105,23307,8
726443,340516,1
59592,568899,3
493927,439828,4
199522,382241,9
334170,403013,9
454290,259457,7
698145,735922,5
653799,408136,4
550104,609306,4
612202,294927,7
849252,392747,1
906256,460424,1
359263,149555,7
575668,256528,7
473022,86728,7
639055,605884,4
95315,963017,0
441829,828476,2
210282,219793,6
64572,275847,9
170088,674576,3
602810,435517,4
749460,189825,8
391284,326675,7
436066,972719,2
500085,929411,2
627395,633848,4
89419,874624,0
815270,252227,8
191321,535210,3
277861,11183,6
965902,926296,5
267552,759755,0
208160,559082,3
500578,226161,7
99681,347117,9
11571,488539,9
886615,343965,1
35402,13630,6
86233,330534,9
300764,951641,0
231067,545989,3
442515,363441,4
363177,924358,0
689359,63612,8
137490,805585,0
475549,556927,4
286379,178252,6
886004,80731,8
852316,884684,5
897333,489478,1
668426,241454,8
122766,335452,9
958337,778092,5
393004,222288,7
999065,293110,8
313757,322385,9
335890,308660,9
648733,265871,7
501287,136494,7
67971,394146,9
413985,858545,2
574512,828858,2
617691,549257,4
363827,845602,2
43521,465627,9
794882,584894,1
320437,590267,3
624615,913405,2
610102,986747,2
273387,829194,0
272392,100408,6
565614,280269,7
495129,637973,4
423944,241261,7
880285,966749,5
162141,111135,6
861009,993474,5
320478,283182,9
454226,186211,7
658182,66879,8
43908,971335,0
238965,286995,9
535849,20202,7
543046,985857,2
300322,520581,3
416603,848618,2
728755,199191,8
805350,531708,1
429340,919234,2
579723,418029,4
824434,270447,8
413154,890393,2
849434,452043,1
501490,558449,4
861232,731590,5
845767,808828,5
975387,334584,1
353307,33966,6
877491,992951,5
541546,767769,2
897056,829431,5
254770,920065,0
533365,272047,7
308981,49304,6
653504,442657,4
742728,34613,8
742753,457315,1
98691,700767,3
792316,459259,1
777969,338981,1
261327,137860,6
24637,85065,6
702893,523409,1
942582,986318,5
50024,764552,3
829061,43849,8
978310,461329,1
572504,89810,7
447585,563567,4
870862,587316,1
34016,712580,3
338022,140635,6
654145,226822,7
212531,9409,6
143084,818460,0
873430,747653,5
815036,317864,8
355994,206110,7
104642,724333,3
869180,315457,8
901194,380762,1
481214,763715,2
773841,960878,5
492286,862411,2
546181,666267,2
962217,995837,5
41548,309354,9
323093,238310,7
292246,778781,0
973001,243616,8
456654,990756,2
644206,180946,7
161621,368979,9
441662,25713,7
160668,353019,9
196628,738319,3
944198,150706,8
928135,165252,8
398952,192838,7
38952,678856,3
540988,398900,4
326248,254285,7
768345,587831,1
681003,632423,1
145065,114841,6
134702,940715,0
597889,728435,2
814962,68619,8
294251,484582,9
370584,417897,4
603858,53817,7
515088,88463,7
801163,162107,8
532532,272332,7
92004,316225,9
801320,801581,5
177734,189664,6
683596,198111,8
662746,786578,2
18957,619718,3
601523,807753,2
911892,173415,8
601521,769983,2
110526,622131,3
155984,635295,3
413493,584813,4
954861,350841,1
585577,803787,2
251449,112080,6
740572,797936,5
918316,145153,8
589125,434005,4
337678,357840,9
224015,32727,6
51154,756426,3
265735,210164,6
238242,143530,6
319926,1836,6
870503,545383,1
256183,670661,3
812127,431654,1
819177,924239,5
687702,221992,8
31496,365145,9
992443,993350,5
249425,95995,6
395840,895051,2
127981,992197,0
862342,395634,1
427570,179407,7
298593,462743,9
338331,341108,9
15148,606920,3
510841,716092,2
362174,72087,7
579359,302700,7
485224,161817,7
666322,890260,2
615217,965049,2
583347,329338,7
199666,795792,0
878042,261509,8
192523,749501,3
864739,683983,5
707240,588843,1
688205,664477,2
868935,205119,8
438702,265993,7
559778,205532,7
379815,551844,4
852769,503733,1
249469,826688,0
158355,474747,9
80248,739783,3
548855,622138,4
274131,329745,9
31437,367204,9
609077,758717,2
771104,945553,5
909992,236037,8
87934,907489,0
171181,45733,6
645968,788124,2
8780,569659,3
266679,83145,6
419425,277292,7
457135,79489,7
973621,660357,1
621917,562491,4
796794,718596,5
459440,812268,2
802520,955953,5
711307,948116,5
999523,994688,5
731868,517718,1
291460,572471,3
530835,755680,2
720245,161140,8
285686,531010,3
692001,462214,1
432737,18131,7
741444,456405,1
802459,933806,5
481562,626222,4
916344,995180,5
5256,349706,9
522843,423980,4
834547,233853,8
383804,594042,4
64335,281088,9
257650,339205,9
26523,783896,0
944697,535683,1
225906,817319,0
684041,691821,2
437205,104553,7
227023,585704,3
927636,792555,5
483970,85522,7
375920,91669,7
689699,786206,2
778954,883542,5
700110,764320,5
929667,919360,5
693790,536900,1
689671,302732,8
32091,364763,9
588211,68229,7
725931,738193,5
825905,1430,8
36024,461895,9
85707,480507,9
896083,475724,1
496488,484992,4
270452,499604,3
856801,265823,8
701401,448395,1
181621,516063,3
471253,353866,4
426556,139335,7
807829,196520,8
917499,414711,1
61287,57642,6
801934,106334,8
168787,804843,0
11445,369362,9
873568,68453,8
504581,497687,4
631514,871624,2
385919,146647,7
696861,154459,8
993785,552813,1
134521,903590,0
649209,260288,7
668817,816167,2
335527,209680,7
91962,616759,3
874581,87120,8
239494,183354,6
644236,679626,2
486406,28899,7
710768,888546,5
802102,941875,5
98658,146707,6
706142,136080,8
100530,615176,3
264690,661300,3
475871,975311,2
54017,877335,0
379938,625605,4
552031,1560,7
233574,694353,3
992915,933750,5
543142,587734,4
60186,551112,3
549654,48470,7
638135,150104,7
799005,882166,5
567202,973949,2
164509,912175,0
940300,637523,1
859625,732878,5
491094,817193,2
570139,335243,4
439680,703920,2
796198,709476,5
176797,432529,9
524753,534328,4
464790,729573,2
949714,859153,5
791328,861322,5
251471,484224,9
362398,831006,2
732089,227292,8
98435,405506,9
354965,901937,0
871217,556512,1
299646,158634,6
169590,310911,9
482435,296743,7
368680,416030,4
218897,3468,6
298655,510029,3
67452,667298,3
282552,854794,0
534360,991410,2
644262,120634,7
509230,633199,4
187052,789607,0
933293,858954,5
446588,819879,2
716135,94644,8
693680,681464,2
368547,170973,7
552065,571954,4
839112,965840,5
873180,542780,1
507600,246409,7
399616,352466,4
902603,63379,8
222748,735494,3
448992,219589,7
646993,12210,7
216018,628218,3
469413,432828,4
541675,939586,2
633266,306340,7
666378,828446,2
707571,153047,8
267912,801923,0
932127,269160,8
785977,918159,5
503424,61040,7
902341,654848,1
38989,302344,9
498881,696893,2
689007,156253,8
151924,397182,9
438673,780594,2
454620,807844,2
439983,795013,2
785074,749591,5
380864,184302,7
570255,292399,7
357436,438052,4
351988,878070,0
738440,973795,5
582230,545129,4
986663,861096,5
440710,25186,7
308152,119321,6
438219,152999,7
463220,349622,4
104110,779896,0
724160,972539,5
470074,548581,4
4486,400673,9
122386,949800,0
303924,61633,6
870615,441775,1
914552,885072,5
408293,195417,7
381698,211104,7
39517,175498,6
597726,986537,2
734726,544436,1
348383,277859,7
990287,760008,5
460086,671700,2
271231,587133,3
949957,931784,5
504758,469649,4
396571,169858,7
811065,579080,1
601400,735886,2
44774,532076,3
610747,831990,2
264089,547925,3
978352,177074,8
97843,463341,9
378099,725730,2
345329,958603,0
248968,406783,9
807434,556127,1
839620,500620,1
935755,236319,8
814865,443082,1
895654,259162,8
738184,662687,1
780858,887030,5
313394,224970,6
86677,780612,0
752053,769944,5
464647,334626,7
71165,74508,6
264458,759002,0
550863,361216,4
970389,337856,1
359002,756559,2
494418,699943,2
943422,106997,8
315055,133490,6
577684,135346,7
776487,427867,1
164726,554262,3
496929,885865,2
743667,827247,5
557002,546839,4
733646,389960,1
60428,614203,3
918520,573909,1
688724,392475,1
336424,282852,7
900423,420224,1
720208,549713,1
27525,620819,3
109094,554558,3
465264,704534,2
114303,103995,6
854656,217504,8
596911,289522,7
4781,358404,9
707352,475225,1
109743,459680,9
851583,559585,1
952423,382795,1
643621,338934,4
473830,674079,2
261513,250141,6
130697,631121,3
266254,939642,0
566372,30669,7
466522,849075,2
414219,780996,2
209325,126657,6
725409,964372,5
204667,854535,0
177780,955489,0
919241,690099,5
495455,126293,7
613258,29503,7
871798,319657,8
481145,618702,4
532360,391031,4
60686,950043,0
379302,944826,2
696410,573070,1
601486,188413,7
669027,346244,4
323331,234650,7
775316,746426,5
196615,514219,3
491173,147911,7
940257,908176,5
721611,117297,8
426649,705571,2
544606,200413,7
357850,392564,4
830532,767373,5
245667,940960,0
715201,391097,1
174073,647322,3
548043,971243,2
696372,925877,5
215634,161900,6
55018,692313,3
712377,927157,5
736419,9442,8
702278,193423,8
873701,299579,8
34149,951728,0
693823,90131,8
832839,531748,1
92617,615242,3
375174,558060,4
315037,842529,0
397334,996283,2
540533,740281,2
919056,576565,1
343349,683385,3
665875,370513,4
214538,748167,3
446293,846754,2
396340,293551,7
723051,330260,8
694860,516403,1
187296,898200,0
62859,473736,9
89044,570969,3
282264,12729,6
946365,557043,1
228743,489589,9
526077,787772,2
90832,613466,3
524275,492640,4
809019,193754,8
435362,129505,7
599866,953626,2
608512,275670,7
195504,844361,0
176793,362577,9
840003,933959,5
49911,856005,0
892507,374373,1
98489,310047,9
966367,742655,5
818864,662743,1
726565,387198,1
638107,672312,2
548576,932851,2
435298,66872,7
925143,885400,5
928200,271243,8
793021,314549,8
640995,213778,7
977363,555885,1
772577,705172,5
829628,567413,1
525039,331274,7
737436,99259,8
247223,87075,6
474772,494537,4
692599,516586,1
266871,307844,9
934273,338196,1
70992,164320,6
727164,453575,1
251208,60588,6
310708,79585,6
587223,463827,4
549220,753440,2
81967,628838,3
883188,745269,5
738993,263774,8
252134,618627,3
279758,899576,0
184474,455079,9
515722,746013,2
252630,954000,0
891029,525111,1
545027,275310,7
150651,2932,6
294089,760183,0
408843,427214,4
199685,114638,6
727531,622335,1
598898,686753,2
261990,281647,9
655805,124417,7
76785,539114,3
891933,733319,5
906484,293005,8
545655,831439,2
3921,905456,0
5526,882332,0
369770,735118,2
141150,313866,9
158647,389433,9
207380,435936,9
778949,800379,5
979574,702166,5
313365,734695,3
33476,640808,3
73189,99124,6
985379,271688,8
269841,230461,6
362685,654859,3
231651,368074,9
235097,287191,9
820091,274543,8
249241,9917,6
678295,115614,8
125262,280675,9
313908,856657,0
850144,379250,1
65252,690552,3
113330,747760,3
609669,721912,2
190006,433261,9
828784,379513,1
481946,68224,7
642831,69959,7
808594,54329,8
113497,553255,3
565972,294944,7
126846,906555,0
471429,321953,7
80407,412935,9
201160,909171,0
437240,709054,2
74241,785185,0
605176,201206,7
672562,764634,2
207786,266759,9
434289,103170,7
980116,815910,5
15355,87549,6
442900,826637,2
293995,178349,6
517254,501914,4
669621,331681,8
572627,152685,7
177783,14391,6
872634,375753,1
296348,732522,3
500094,87285,7
7657,704407,3
979880,855337,5
659977,236226,7
250389,302308,9
902957,15090,8
632960,159258,7
656166,187857,7
320460,984458,0
788390,486668,1
441296,874194,2
590725,325379,7
651586,222481,7
242704,129406,6
939541,869561,5
717435,943433,5
289923,747777,3
896686,607217,1
503987,509549,4
1682,269753,9
749156,73985,8
479922,62532,7
980282,610942,1
105635,416264,9
164514,990134,0
188208,222138,6
473590,627330,4
543549,428615,4
741584,806742,5
915616,768114,5
702680,955289,5
549590,963876,2
868379,853343,5
146423,932871,0
765242,436944,1
734316,657662,1
329395,152620,6
99952,893283,0
418872,996885,2
657946,111299,8
609638,196207,7
665238,668164,2
840772,871409,5
774441,34308,8
620934,51083,7
552081,836282,2
396369,779991,2
322735,223456,6
635159,131277,7
376563,909277,2
220471,462544,9
991298,759093,5
87453,832851,0
741322,411507,1
214559,108407,6
999143,604129,1
603262,36722,7
195439,746900,3
158912,850667,0
166604,115325,6
279049,977652,0
408719,356568,4
852463,347729,1
286178,796032,0
910094,951507,5
987254,793666,5
152247,829269,0
528978,544597,4
44935,228151,6
537233,287012,7
813435,402472,1
352614,388736,4
488699,565002,4
995051,822396,5
13678,886824,0
857035,191593,8
108236,122851,6
756995,824486,5
150788,309716,9
399455,650874,4
241976,906605,0
325059,280044,9
708504,841474,5
656512,6583,8
640576,162587,7
612522,674038,2
560270,464324,4
893828,579301,1
321782,196547,6
368760,752038,2
508559,365599,4
628076,74059,7
714313,465553,1
562909,827049,2
219854,97050,6
135472,891008,0
175929,855071,0
188255,16365,6
59868,211032,6
817586,180635,8
938772,941440,5
785949,446675,1
272453,129615,6
442444,158165,7
280727,193529,6
651742,843516,2
984877,840599,5
951422,551836,1
711018,91314,8
725873,755499,5
678151,685964,2
8159,142032,6
132353,464406,9
284504,660414,3
587088,197138,7
311943,828816,0
913459,516004,1
485725,589431,4
581964,80122,7
626225,979941,2
871247,54104,8
340678,789414,0
686328,119098,8
688543,346397,1
908514,402216,1
58528,682053,3
272175,455770,9
127667,704592,3
91144,861484,0
977341,175070,8
406881,461404,4
831509,179175,8
408950,234339,7
538043,894743,2
960292,642988,1
712940,382726,1
482845,180348,7
114864,521113,3
355929,99462,7
661398,131774,8
740526,28087,8
72247,272030,9
10248,251930,9
198355,767121,0
17276,362470,9
49752,191072,6
354880,472929,4
518018,336337,4
830708,721522,5
630718,481481,4
252647,245298,6
727503,155203,8
502937,871887,2
811566,3548,8
638851,172409,7
678430,374539,1
877053,644820,1
501485,464392,4
40094,866828,0
788481,12168,8
523886,952386,2
757139,249761,8
738267,64984,8
195586,226239,6
409432,327501,7
317846,46767,6
16563,382757,9
998970,702863,5
19046,121363,6
756934,800922,5
112704,223258,6
300602,220496,6
883752,223518,8
681928,178903,8
832802,905771,5
305708,34757,6
161672,236110,6
302437,72991,6
760684,831855,5
998637,93618,8
439369,475287,4
162233,661430,3
655312,829326,2
490510,14172,7
203609,66059,6
254487,174726,6
620893,363857,4
350442,888545,0
786935,21641,8
735543,282751,8
203236,793177,0
928064,975354,5
788256,226468,8
248845,346382,9
643177,876585,2
771289,66630,8
864525,82475,8
174043,154096,6
905097,968233,5
106408,401808,9
188752,363141,9
321696,753521,3
431382,242732,7
597235,742365,2
933300,987721,5
637817,794245,2
886756,714001,5
229172,706534,3
729733,634738,1
54282,331635,9
796682,838679,5
688114,147061,8
664881,667225,2
57874,690168,3
657937,960117,2
694185,168199,8
920640,203439,8
206170,110557,6
144705,65636,6
158263,941452,0
986022,78691,8
566910,61587,7
104101,630804,3
929296,691151,5
185061,332708,9
831986,200734,8
749530,353269,1
404256,347057,4
988728,551931,1
315847,440924,9
619610,799650,2
731251,142957,8
694893,67684,8
577555,981491,2
919501,65172,8
355170,346690,9
834055,972260,5
779262,59879,8
398575,857604,2
750971,571883,1
642750,704931,2
776813,907664,5
109388,488309,9
18447,55251,6
616118,103227,7
944677,190610,8
593289,423058,4
341075,451556,4
307720,860379,0
402792,727874,2
383161,802457,2
896709,992447,5
56994,914718,0
678475,138713,8
358225,704085,3
559016,390220,4
434006,350200,4
818301,192531,8
872938,478734,1
91124,537121,3
393711,112491,7
652164,923250,2
68032,415056,9
860760,794799,5
190971,651142,3
748752,284219,8
871819,665261,1
58332,394125,9
63536,859468,0
79395,393250,9
366335,994811,0
800002,641310,1
509060,787132,2
338856,158585,7
354169,520302,4
719521,998148,5
882981,277365,8
687378,767482,2
85428,791894,0
369500,194908,7
834106,821170,5
420066,57967,7
261084,54311,6
815993,407314,1
740859,627479,1
45850,611005,3
164433,637471,3
986132,931881,5
136689,334619,9
951539,519416,1
837109,291735,8
203639,570053,3
893430,890659,5
313439,975644,0
665164,420696,4
638107,672288,2
153963,666035,3
59348,468570,9
268265,744266,3
891606,233354,8
988942,164043,8
82746,720882,3
873647,395500,1
183476,691724,3
806534,417166,1
324512,78816,6
677118,332329,8
455914,548574,4
893985,218642,8
730842,268588,8
163299,576881,3
647679,550837,4
928598,956074,5
742461,555660,1
981977,87476,8
214692,338468,9
639572,295846,7
289153,798885,0
863909,733934,5
229066,927139,0
429759,964289,2
818938,905304,5
455037,821781,2
684952,995527,5
822753,18389,8
70937,240041,9
377460,976235,0
587928,315384,7
668721,204499,8
21890,916891,0
187595,925093,0
47259,283392,9
986079,33093,8
205561,863813,0
111738,997105,0
345191,640965,3
700689,491511,1
826568,128578,8
17854,84332,6
369419,833065,2
338204,205871,7
86560,829287,0
829949,961778,5
603205,77624,7
634115,581481,4
961196,824024,5
375197,938742,0
444591,241006,7
598401,327478,7
934315,37459,8
577749,233042,7
740501,607937,1
597629,355913,4
836566,175557,8
593397,223945,7
843815,14220,8
996326,265544,8
6362,929288,0
548836,301922,7
405529,737987,2
361289,195685,7
893968,928245,5
21213,533108,3
950154,248537,8
167070,960353,0
653279,662935,2
962557,711074,5
37491,118308,6
416531,644500,4
113898,297950,9
647953,161163,7
682686,916851,2
527574,948806,2
583622,941817,2
126646,548033,3
791941,165645,8
7945,541111,3
464490,700059,2
900155,921713,5
246499,922173,0
976847,873194,5
777344,826649,5
493520,602720,4
919338,328377,1
37572,477177,9
928073,129776,8
160354,75080,6
874598,376743,1
926882,113907,8
451018,264014,7
290055,961966,0
778481,931340,5
47409,819754,0
620922,850305,2
81664,537346,3
185885,169283,6
143769,340872,9
39713,461281,9
765011,546981,1
112862,877555,0
78375,254308,9
158693,166552,6
252053,266403,9
443798,923218,2
531980,997333,2
185426,471313,9
364579,479593,4
521854,803166,2
823094,744740,5
850538,8553,8
754085,911901,5
331625,637908,3
331571,722943,3
511835,415936,4
642212,663744,2
561657,771752,2
845337,587539,1
768258,126663,8
839033,629980,1
82735,537150,3
892533,804957,5
912979,448058,1
520675,997756,2
296419,916393,0
826693,237557,8
637163,806109,2
279119,153298,6
489103,365647,4
440680,511064,4
459311,650101,4
252403,140406,6
815311,941738,5
801994,119700,8
813133,337567,1
489177,604029,4
927973,452405,1
586986,475611,4
602374,104119,7
937191,370627,1
128304,420426,9
104518,646213,3
903370,945466,5
448965,761747,2
686386,100861,8
183301,744829,3
357013,322779,7
955738,99845,8
98853,434807,9
808612,355699,1
239105,647397,3
806602,562955,1
588234,453591,4
515082,988653,2
299751,927433,0
367399,891753,0
705501,356234,1
239586,734517,3
39232,387669,9
566603,897052,2
764621,990346,5
752391,451622,1
426554,107959,7
472837,974783,2
189120,550857,3
253909,455776,9
233284,807043,0
984967,345015,1
671210,29289,8
273977,740758,3
936506,859806,5
769486,758280,5
415389,445375,4
425057,947097,2
873878,269749,8
677052,216343,8
88089,518866,3
595724,339958,4
683586,35628,8
806727,664484,1
983568,839102,5
789856,114476,8
1505,300734,9
442308,883352,2
507226,950580,2
404398,718290,2
307779,852450,0
132817,258515,9
873884,377471,1
163168,367998,9
948505,527122,1
349965,862056,0
577549,871358,2
919746,187078,8
230513,246126,6
640385,960420,2
794966,856,8
400143,216369,7
523783,227532,7
144010,392802,9
835693,493531,1
780511,63272,8
414481,192619,7
350510,23909,6
842323,930127,5
651531,293115,7
393437,508606,4
153675,825653,0
751977,489347,1
462525,658177,4
984679,502519,1
848636,36629,8
632701,807515,2
910598,426925,1
335706,220836,7
598261,986447,2
219588,617878,3
691638,364220,1
449727,575290,4
904654,535703,1
562839,650636,4
248767,38650,6
599542,516483,4
544796,390629,4
317204,256418,6
631908,479756,4
265035,455599,9
266550,909230,0
431088,298157,7
127291,389487,9
118353,171400,6
727242,758435,5
20474,113536,6
212603,230009,6
776523,24510,8
948005,126000,8
689736,396209,1
97237,273565,9
808693,708338,5
46568,670837,3
767552,257364,8
523366,221656,7
382963,465770,4
207650,974987,0
618400,463487,4
837935,184081,8
853701,153717,8
524453,498005,4
977355,415504,1
379271,412508,4
22212,321476,9
54113,491993,9
941010,559627,1
660749,210311,7
703306,469124,1
572652,575238,4
34503,901341,0
851907,11669,8
121777,718396,3
85022,979533,0
11802,365073,9
789225,505339,1
242796,683363,3
293528,328704,9
535729,9490,7
512205,644505,4
201679,625781,3
517247,381043,4
200021,763085,0
179990,95470,6
572110,457338,4
485947,322062,7
899263,926437,5
633644,658480,2
75982,42916,6
290094,624249,3
769189,764915,5
938873,648919,1
385188,859818,2
971735,957801,5
768125,882084,5
196007,290390,9
600850,491762,4
54771,550160,3
548775,276753,7
402198,752438,2
239159,548024,3
649110,601012,4
210815,176204,6
462408,694909,2
335910,640631,3
87093,776822,0
63933,524404,3
659777,885632,2
818681,574191,1
443079,836478,2
701945,606343,1
809039,527776,1
336622,609051,3
328846,926552,0
567626,92846,7
462755,535665,4
934899,847742,5
11346,703965,3
553016,545128,4
967058,358936,1
649378,106605,7
726222,626559,1
591455,596883,4
825724,943918,5
431406,641884,4
155968,369402,9
548679,649596,4
775279,116717,8
666181,509995,4
501558,695988,2
484125,698355,2
266491,928484,0
36242,128416,6
303309,728665,3
685837,869408,2
152977,87930,6
849605,317700,8
588770,469592,4
441636,586638,4
627677,383233,4
6927,430766,9
895927,853647,5
259789,278292,9
258104,959287,0
741646,861008,5
976443,94251,8
86001,431539,9
884702,202992,8
697794,834284,5
822356,347223,1
786475,285823,8
839609,314134,8
653339,672701,2
99521,665349,3
536162,280046,7
749710,387928,1
918533,799527,5
660081,982703,2
302427,896772,0
55847,622421,3
32266,306500,9
354329,218709,7
844268,623556,1
110067,896549,0
311477,998439,0
777968,323884,8
524934,575194,4
288533,377064,9
330622,774344,0
412543,623551,4
27428,989044,0
874880,111696,8
288709,333835,9
780831,442648,1
597783,954776,2
932186,256872,8
249454,576636,3
526023,884703,2
208533,826548,0
802852,546649,1
546427,809578,2
593412,475828,4
255989,415909,9
192172,846313,0
988814,13216,8
130884,777447,0
561692,368849,4
257808,984385,0
562773,537507,4
892235,804885,5
708579,97841,8
417643,328954,7
746253,287209,8
130704,746279,3
713269,916352,5
144414,167801,6
231990,63558,6
229663,948312,0
280595,976225,0
417908,788474,2
898702,489033,1
186425,247527,6
190353,267984,9
12138,14921,6
786947,231826,8
314382,819284,0
711179,790105,5
295972,405567,9
379092,410743,4
361258,678175,3
89265,281920,9
239890,832301,0
492917,470334,4
916532,164813,8
20227,971563,0
74371,958528,0
991254,21153,8
520947,562627,4
79033,321459,9
771840,318588,8
523854,425319,4
344797,9338,6
945133,855381,5
389183,6560,7
265074,111050,6
424769,99358,7
920986,21523,8
740187,329050,8
359526,566092,4
322584,673922,3
622218,630308,4
592288,588483,4
638014,114277,7
663402,803335,2
660286,429084,4
625125,478427,4
934690,339251,1
804762,638473,1
826726,787501,5
534460,680889,2
706589,641537,1
313208,96739,6
906605,310909,8
459723,574082,4
602035,413347,4
128374,583909,3
775179,444621,1
749282,188514,8
359523,508482,4
72925,663146,3
498597,930673,2
833717,293063,8
514833,813434,2
388995,844543,2
236371,693171,3
139819,947332,0
811567,8635,8
138413,315868,9
801015,673243,5
200525,223821,6
763551,7056,8
590476,143178,7
409123,139643,7
995757,702449,5
62265,496860,9
742088,285157,8
643041,592123,4
811695,162319,8
101568,55246,6
520268,159936,7
46296,102444,6
792933,829903,5
185660,395368,9
964638,676483,5
652849,435565,4
550568,397819,4
152064,754179,3
490488,635032,4
987000,521830,1
407496,798676,2
362071,334469,7
428098,53461,7
524284,646999,4
128815,997524,0
391913,897729,2
131898,814592,0
857323,38682,8
143491,655835,3
625899,492098,4
705739,357787,1
326824,935308,0
723834,481253,1
427939,385921,4
184573,128983,6
817850,612324,1
342845,210738,7
881800,427627,1
130671,190591,6
267235,427266,9
67747,628410,3
691842,801718,2
477036,544904,4
215598,561719,3
816658,586970,1
209710,606022,3
413297,298958,7
603735,989949,2
79590,675763,3
550824,712230,2
462383,277724,7
714113,98931,8
741811,619232,1
444505,811136,2
776045,990718,5
13863,995951,0
953366,228704,8
835594,833887,5
140233,909858,0
984806,637788,1
303375,836684,0
148193,692898,3
545404,609567,4
996409,659240,1
861061,858248,5
588379,893258,2
553,302109,9
553475,261748,7
200798,827698,0
130502,349047,9
447881,536121,4
588399,229221,7
523185,171775,7
27688,360948,9
461790,311938,7
756203,505861,1
9825,129801,6
575003,78633,7
600173,119382,7
467887,790558,2
921829,195578,8
92933,926286,0
102048,130149,6
422412,484742,4
71809,896248,0
247182,394950,9
930477,537869,1
968182,245945,8
611228,917209,2
533037,760546,2
504739,158097,7
140300,33192,6
866613,180893,8
274111,983804,0
798125,100753,8
355945,381289,4
337149,479427,4
731777,976307,5
792547,348660,1
928703,715504,5
489538,676932,2
200834,424584,9
991452,344550,1
858842,562249,1
729703,133921,8
819681,391462,1
316090,530390,3
270822,715025,3
432784,810919,2
124769,8727,6
684872,656654,1
390260,104710,7
875568,683202,5
591536,959650,2
843084,720645,5
885627,737099,5
424288,13200,7
867503,136263,8
175784,415960,9
41967,350887,9
370304,703190,3
530290,584858,4
713165,178672,8
940850,873719,5
601849,286603,7
940481,679218,5
626374,474533,4
488915,205711,7
401028,84201,7
175296,214159,6
386127,641387,4
791552,621400,1
871793,238403,8
855829,924247,5
826691,201572,8
826413,532837,1
405812,489540,4
714764,54502,8
20711,106190,6
741376,307548,8
975924,361745,1
852747,125140,8
240505,174832,6
416873,392404,4
148569,3519,6
147042,337802,9
439983,800248,2
783854,249551,8
217802,605584,3
53951,765247,3
517932,887348,2
661536,440960,4
227993,889612,0
710972,310963,8
356093,860033,0
590797,530256,4
25609,417438,9
889163,178373,8
925235,435272,1
619462,304408,7
195946,276109,9
566582,553216,4
914974,981726,5
876146,388581,1
892621,296835,8
909231,445786,1
326123,154086,6
734435,655225,1
376752,77031,7
666373,739124,2
466795,429505,4
693956,329443,8
950934,348955,1
902963,108279,8
853403,151829,8
803287,847353,5
467492,144703,7
30574,868973,0
829608,233431,8
281467,629755,3
301707,790169,0
382906,505122,4
601844,199714,7
607957,948931,2
692609,692664,2
604029,916382,2
644941,535503,4
214766,574095,3
825564,264114,8
971981,90327,8
140247,137941,6
390566,243692,7
744170,272283,8
275760,714148,3
699847,344722,1
751476,60285,8
212392,681330,3
123396,925688,0
53287,608609,3
901716,144058,8
184126,621452,3
747658,895350,5
158646,377811,9
873764,362032,1
683503,641032,1
825182,840911,5
199260,979533,0
14526,140223,6
739877,115585,8
645795,881160,2
665054,573625,4
930878,282618,8
970928,401402,1
377619,656876,3
121896,716710,3
760007,442054,1
608636,356569,4
857229,454242,1
449819,113962,7
365341,297652,7
637426,222279,7
843758,57242,8
81743,869167,0
102831,282566,9
95369,874429,0
543409,90667,7
852745,95658,8
737657,809584,5
681826,458221,1
329314,786449,0
863653,428241,1
451844,147923,7
142381,3093,6
984662,215605,8
673323,545517,1
518864,560591,4
866827,771295,5
155186,214598,6
756696,800286,5
415388,428290,4
278066,460679,9
640640,238870,7
689148,517946,1
126412,614812,3
161132,154923,6
797646,38277,8
335809,957734,0
648046,719996,2
984715,118110,8
84900,928852,0
217477,147341,6
364358,768258,2
118876,958933,0
802684,725854,5
433749,28142,7
995563,442586,1
548134,501244,4
413189,477128,4
105874,427443,9
43231,585471,3
12472,619423,3
654726,981077,2
967103,101831,8
479304,674999,2
714045,958269,5
635340,165944,7
22378,117352,6
350474,426084,4
196838,261986,9
202554,334918,9
977030,958552,5
393412,90396,7
300428,299656,9
323528,539249,3
159444,782065,0
169668,619777,3
599049,219616,7
99443,343280,9
515300,650995,4
276175,682348,3
237983,787733,0
437784,837347,2
304980,808332,0
645195,801329,2
938495,299800,8
749170,309003,8
428162,134752,7
785094,78314,8
231041,119045,6
793097,581905,1
81180,406022,9
27826,685708,3
709456,828054,5
108689,751596,3
84450,356691,9
908231,641616,1
647369,343484,4
945879,398898,1
290685,546575,3
297761,481631,9
786677,681881,5
374329,353567,4
411834,696195,2
964449,500440,1
908429,972949,5
364581,526903,4
667783,437339,4
363141,322690,7
458820,393258,4
491298,258674,7
550181,907967,2
203540,908460,0
500243,591520,4
679881,761771,2
97192,519361,3
