x,y,cluster_id
242578,13469,64
383138,414652,85
67768,993126,74
484308,765337,92
31833,30935,24
932640,887879,80
591329,478778,73
833354,186335,86
735652,115053,71
698658,355604,2
638300,908210,26
294000,264971,78
377493,541620,29
9281,999465,74
12901,842497,61
852470,467010,91
53607,976747,74
196754,856972,23
144213,800662,95
729397,985790,66
183405,499760,6
469862,970991,77
450770,95791,54
974081,390235,21
680670,26669,30
231241,468739,79
97960,415410,49
796294,316402,18
778534,828493,44
487140,369048,32
602845,24264,97
811111,355792,18
806109,274877,90
859817,951019,56
777276,680837,67
835185,961129,56
705424,73751,30
536857,957185,13
418065,418776,5
381617,836927,59
240062,726211,84
431612,116690,54
223913,309587,88
244801,377033,62
807539,314736,18
775229,283334,90
996348,632867,93
600910,509480,73
834128,199442,17
35980,730005,87
197911,293197,88
770346,214750,90
309220,60662,33
557590,416916,10
115944,685545,72
959950,893088,80
136133,997800,55
27973,148064,75
522975,641339,1
989146,578132,93
680530,674978,16
362046,914709,59
530369,917610,13
283108,208988,78
471815,806578,31
161689,514298,6
813117,64168,86
479624,43309,50
902915,294501,69
685730,66033,30
821219,242774,17
310257,492554,98
356179,307990,83
396981,70916,54
886516,684032,28
528226,902819,15
686503,63316,30
152140,23765,12
418942,174793,76
752751,490316,39
747743,329274,2
117577,118127,34
374985,376969,85
728744,14480,30
382012,490499,5
827576,79664,86
923967,118042,48
938251,195973,48
726117,857863,42
103637,838910,61
565110,810400,15
406969,934977,77
160874,816054,95
431739,248100,76
830522,596218,28
645779,608168,16
495466,304382,11
755627,828610,44
455550,438144,32
897430,118944,48
98993,780745,95
997533,539816,93
698849,561277,89
384785,92576,54
929386,192648,48
841254,969376,56
318446,127999,33
288386,909935,43
279052,41813,68
755507,809000,44
866244,973541,56
313587,467795,98
243042,823442,19
599615,743697,25
327666,83176,33
951140,823081,80
527120,310801,11
646964,528517,89
786098,952490,56
515310,819254,15
207082,441170,79
757169,750570,67
841330,249551,17
217528,1761,64
607765,712493,38
871078,223776,17
14974,680695,36
452619,175360,8
288399,131390,37
272306,650010,0
719640,990750,66
535380,148002,8
469616,838895,31
313226,398227,85
5279,739131,87
580105,833601,15
347811,666053,81
354997,440055,5
14917,711650,87
706767,635577,16
146365,957588,55
183773,679719,72
48126,868372,61
730391,687771,67
373259,371670,85
663645,885499,26
586741,364693,10
406085,74556,54
75646,387667,57
531298,530090,96
229012,19601,64
439383,726733,92
208291,749221,84
166750,575130,6
211249,463602,79
769233,500985,39
67848,329471,57
430095,618497,22
83209,503956,46
994746,709053,41
62870,660778,36
710643,782564,44
561766,616936,1
851959,876326,3
416611,994392,77
751597,103922,30
622708,854272,26
763144,172256,86
113940,992884,55
414314,380142,4
62500,450930,46
789565,228458,90
697292,386877,2
247648,231501,78
849283,902588,3
803927,613533,65
663457,738469,38
452902,931007,77
436138,171789,76
273068,465220,98
955457,369525,69
607397,533230,96
999677,575269,93
555215,505000,96
540809,380896,10
724384,729940,67
104473,885740,61
639572,287519,60
332946,834822,59
860169,869593,3
256492,871667,19
117700,192914,45
305697,859094,59
796018,674653,67
900226,112347,48
221747,915444,43
880066,285789,17
257319,771158,19
861762,644236,28
684291,882927,26
369671,66247,51
417820,301777,4
980466,702029,41
7364,783108,87
703318,672688,16
870522,869668,3
524434,177186,8
980344,642136,93
393063,217912,76
447246,868568,31
31640,773725,87
9819,42467,24
744825,278843,90
523351,969780,13
102327,819686,61
470454,926986,77
854907,426604,91
934752,387852,21
632230,906357,26
147351,540271,6
343122,859703,59
37949,811880,61
271485,855588,19
870383,540877,14
534808,524330,96
423039,21274,51
554457,763045,25
498689,467937,32
617602,46054,97
32396,486973,46
571333,395104,10
522923,772502,25
453133,808894,31
94785,52884,34
826935,303685,18
42690,506413,46
285958,109358,70
982686,19644,20
173411,524345,6
675854,86444,71
873180,538256,14
478759,506532,7
299840,413003,85
344194,871591,59
838942,102171,86
196498,555389,6
424329,714240,92
233338,727393,84
302701,508484,98
92123,325340,63
998452,999447,40
711751,399947,2
915277,68584,20
703078,646216,16
966967,821532,80
497813,752719,25
952957,363209,69
467852,199519,8
319607,637251,81
293620,877284,59
523256,367777,10
237859,699470,84
999000,202858,48
442180,722977,92
79262,168652,75
539282,715609,25
251904,750679,84
674102,637241,16
116274,231005,47
506655,355788,11
732259,84308,30
967997,128374,48
585623,581955,96
922186,193661,48
864539,311585,18
811253,744298,82
429059,196341,76
917628,585903,93
274474,86126,70
521532,393337,32
826258,922274,56
661199,778269,38
376760,214791,9
994520,904005,40
626417,198418,27
813554,408777,18
327680,324291,83
367317,511847,29
620384,803852,26
341576,879053,59
250295,716161,84
534048,751257,25
386673,821553,31
854750,796623,82
844887,19776,20
383249,271130,83
883418,620394,28
964801,416189,21
902504,390258,21
74399,429715,49
223790,239575,35
552139,814155,15
516846,642578,1
822119,358702,18
709654,167894,71
807477,278000,90
359047,513118,29
989323,555229,93
734375,650304,67
661679,842450,26
72134,360306,57
669352,806694,26
106581,312340,47
513709,915202,15
801957,495907,91
725267,570966,65
239062,924139,43
4986,808315,87
353592,834880,59
839796,454535,91
374671,108680,54
592807,314266,60
880309,355704,18
327136,184438,9
855266,459639,91
154120,306519,63
672925,858988,26
25724,353126,57
998767,287106,69
403714,223334,76
576057,802292,25
127505,976868,55
225842,738540,84
646862,809815,26
561670,1315,97
111739,2849,12
893928,255271,17
349886,542663,29
542610,659326,1
304556,687893,81
434005,323590,4
589821,134435,97
462490,70127,50
629891,585425,89
253674,504712,98
696317,16186,30
52367,132880,75
315584,25240,68
210313,743236,84
574919,671006,1
608211,212948,27
31110,873539,61
579454,892040,15
521551,712622,25
41863,596998,36
751981,550487,65
35726,446954,46
959509,480178,21
357800,549171,29
923869,471037,21
731501,345154,2
16405,722120,87
675589,628740,16
237498,636867,0
829868,607283,28
621287,975722,13
973083,621237,93
132736,906385,23
616378,468377,73
14476,303459,94
245720,816957,19
608290,539205,96
424689,751438,92
430810,628092,22
345266,893285,59
456783,165931,8
810127,812538,82
334136,834506,59
549359,88853,97
352562,523797,29
458504,87214,50
817071,518386,91
520241,704018,25
443985,70005,50
588148,7255,97
937220,858295,80
379421,943657,58
52889,905543,61
469229,342547,4
188338,400091,79
335425,498812,29
536861,26511,97
579792,570720,96
104485,89116,34
780534,447421,39
815274,324253,18
733585,370990,2
235025,68069,70
47294,877899,61
859542,324578,18
186882,928701,23
689450,600241,89
266814,354545,62
842451,76321,86
733023,918199,42
184514,137053,53
455505,682579,92
107825,225534,47
556607,898878,15
458725,805522,31
420218,606961,22
197918,418513,79
953410,967169,40
215132,729668,84
532081,695311,1
97791,579595,36
262600,528353,98
31083,414922,57
596607,175765,27
82470,85277,34
252503,829532,19
958437,460401,21
966716,608715,93
679522,741861,38
466695,750819,92
22240,788280,87
625487,571436,89
128128,461503,49
481417,186445,8
589343,103250,97
330431,556650,29
624015,829410,26
905440,730891,41
89809,423409,49
243339,806022,19
817059,316019,18
347653,17202,51
127524,307548,63
960467,574613,93
532236,291130,11
25211,730439,87
503756,634589,1
538167,985049,13
730439,490467,39
283424,520330,98
197125,91670,53
697768,401666,52
808041,751828,82
983132,511241,93
432666,828883,31
48384,205276,75
80313,821012,61
757363,8609,30
707157,189128,71
680946,675023,16
127441,915777,55
464064,524562,7
320625,760533,99
294147,739293,99
312291,675442,81
165789,427107,49
397577,92002,54
290437,384309,62
82044,925550,74
721616,213077,90
186101,803504,95
504920,205865,8
980372,124577,48
776937,996788,56
17328,239384,94
332762,745003,99
267561,910812,43
19009,497406,46
906774,166610,48
230936,355255,62
779472,588468,65
394199,317563,4
290800,475775,98
362539,193552,9
44196,805903,87
813759,851464,3
564542,260234,27
763298,762542,44
44144,930766,74
389826,819942,31
765440,760514,44
966042,280601,69
70368,685962,36
964895,1139,20
146132,46477,12
147215,254032,47
524450,432983,32
161411,846487,23
913975,182299,48
909292,474804,21
46046,897454,61
512430,424367,32
349529,550215,29
478212,309860,11
823446,666155,28
77972,484115,46
526598,538193,96
414083,500447,5
18624,25006,24
287518,320761,62
30486,382682,57
751338,737903,67
952214,869233,80
200549,641193,72
542255,683283,1
943362,87182,48
283571,981982,58
172243,900475,23
299713,279151,78
697794,836100,44
339123,647658,81
193305,887822,23
638140,228485,27
149953,269467,47
948273,637831,93
40760,64007,24
770440,791028,44
808978,506184,91
446060,935134,77
809826,753518,82
387116,265002,83
893533,617219,28
601806,554563,96
553467,135407,8
786284,90982,86
141422,887534,23
789736,94881,86
675275,347341,60
775765,297738,90
89194,87366,34
364210,280764,83
805982,141354,86
738005,650951,67
540762,602548,1
28278,269437,94
431553,118445,54
710573,606347,65
879124,448669,91
782282,820982,44
259457,706066,84
852164,326385,18
562070,710548,25
196002,221354,35
306021,297215,83
301958,10359,68
109793,296194,47
136531,678842,72
313124,676199,81
877292,655694,28
250228,591121,0
977002,486192,21
430209,531175,7
471716,133042,8
41837,161437,75
279457,847490,19
779934,351890,2
223913,306152,88
499712,666297,1
460131,429919,32
652146,630747,16
974738,421745,21
270729,152068,37
810341,405655,18
858824,260347,17
659526,658617,16
390842,895279,59
965477,784319,80
64369,856170,61
654323,218280,27
638217,520501,89
65709,374082,57
205302,517220,6
918035,424475,21
152224,438185,49
585705,946647,13
297843,849297,19
146692,467539,49
943533,961072,40
748604,789923,44
252586,226657,78
426687,344493,4
895017,552102,14
178670,911525,23
1627,348707,57
724558,661643,67
239147,350197,62
768439,165283,86
911430,418744,21
831055,548144,14
672461,65380,30
854762,994810,56
776296,213350,90
780540,535883,65
586894,931210,13
856026,239074,17
130708,813366,95
255189,965174,43
693344,48560,30
150135,330008,63
458016,877102,31
468099,356033,4
855049,823421,3
250833,762169,84
776482,340047,2
179205,906942,23
983798,704694,41
802638,939609,56
16014,161869,75
544660,113148,97
689317,352054,2
984868,680902,41
922855,425236,21
955076,975835,40
863676,810105,3
443603,642803,22
599618,782140,25
441281,616519,22
840588,775751,82
54643,393956,57
230453,232462,35
997603,714695,41
888529,521034,14
25289,44722,24
644519,436345,52
654821,587228,89
546599,692868,1
35328,765762,87
175141,595542,6
289130,412239,98
502562,564201,7
536599,627309,1
189077,819114,95
865331,624967,28
821899,668647,28
957923,814533,80
856777,853233,3
292285,447019,98
63966,92841,34
380868,255788,83
36412,991412,74
667741,733999,38
325196,583595,29
488764,667166,22
67141,453105,46
335806,898567,59
222368,343760,62
589718,397795,10
753452,271553,90
218,666513,36
86064,492552,46
331103,860917,59
437529,555893,7
900287,138799,48
797276,820266,44
220819,307277,88
411484,813708,31
5974,405751,57
461672,330896,4
385117,664285,81
653832,955598,66
749923,957199,66
647581,895951,26
263295,210696,78
172066,923309,23
62027,503377,46
270310,113454,70
826725,781561,82
697279,176449,71
591138,271203,27
123186,389876,49
648284,724937,38
27815,496005,46
365009,710649,81
888142,6528,20
732732,42238,30
906359,176035,48
626265,636628,16
812437,629874,28
297298,690003,81
894775,491711,14
190341,69922,53
185334,911032,23
728059,491349,39
114253,261181,47
681789,835962,26
22854,118492,75
508964,170729,8
444857,724577,92
966472,504457,21
421891,732427,92
916412,152779,48
759500,932912,42
463855,26065,50
87796,603038,36
264076,325429,62
490573,73370,50
133243,423548,49
587391,294335,60
900293,241081,17
864629,826222,3
319393,42303,68
989090,639798,93
88958,130479,34
963129,319547,69
637683,550394,89
476744,645707,22
401749,208499,76
255176,755091,84
824497,334896,18
604644,259054,27
936577,58469,20
702505,2611,30
893644,477155,21
557158,159383,8
757319,269378,90
436915,244025,76
341386,678381,81
556456,363597,10
976096,261845,69
837832,455306,91
340140,738492,99
838163,10166,20
863728,683183,28
273097,950126,43
773734,164077,86
652271,725725,38
272943,365600,62
655343,351713,60
243255,402613,79
723965,680854,67
123297,261724,47
804150,361057,18
297167,501711,98
271521,465598,98
320205,686505,81
102040,1116,12
758899,819795,44
307084,162805,9
267077,770362,19
487890,978026,77
686407,447194,52
993502,791547,80
542651,338569,11
337652,918201,58
220304,659358,84
838643,89632,86
452402,525893,7
691637,347229,2
881189,156135,48
175218,898030,23
202446,516774,6
433467,286153,4
381265,933473,58
891852,364863,18
261152,191209,37
652788,414443,52
552273,60222,97
152052,547179,6
447529,629865,22
149661,361168,63
155977,515622,6
69174,623831,36
735693,807013,44
480659,444560,32
731063,990739,66
351500,667669,81
522571,854045,15
946983,952144,40
692021,812608,44
511050,224011,8
966500,978391,40
824190,168318,86
933801,405607,21
51988,766692,87
795650,499217,91
350803,954842,58
41902,262928,94
39298,496141,46
658151,545651,89
758756,412482,2
598829,521751,73
72999,895807,61
831767,524524,91
688145,665722,16
805639,387532,18
260766,707758,84
302174,653878,81
737836,820310,44
953547,269616,69
448563,15009,50
273042,21652,68
919776,682284,41
152520,417282,49
268832,274600,88
218522,701903,84
886238,17152,20
282081,937983,43
695537,894112,66
351414,225027,9
30544,369400,57
509515,434505,32
726246,31457,30
698925,838227,44
90299,656945,36
284910,495104,98
222096,768958,84
885650,129575,48
781288,108898,86
254319,347684,62
541060,609374,1
749789,707047,67
349649,565372,29
222516,835035,19
435364,172746,76
346145,673032,81
650491,814657,26
945008,765865,41
904353,475219,21
18253,782937,87
825366,939543,56
903418,749907,41
692057,410394,52
498846,114126,8
122227,272752,47
145801,483149,6
299740,744382,99
830073,38872,20
337565,463319,98
3177,407989,57
72370,324033,94
34459,166962,75
135095,541866,6
145298,37440,12
268732,595015,0
419959,266128,76
816027,971400,56
326940,881076,59
254108,809641,19
647788,378185,52
160600,220332,35
127164,246854,47
886556,346737,18
621975,539081,89
345074,661911,81
740201,573687,65
967708,277254,69
808407,912229,56
848464,150921,86
545608,35536,97
268556,622215,0
580360,118124,97
315317,532872,29
993768,265875,69
564594,145663,8
159422,415063,49
968169,19403,20
118412,165552,45
446318,280092,76
512132,404636,32
722206,119429,71
246048,329758,62
247805,860895,19
73814,600265,36
654149,291218,60
505451,130000,8
916369,427290,21
469615,830755,31
513926,568692,96
9142,661204,36
862551,907201,3
328505,197791,9
274385,597895,0
821890,507690,91
751772,35476,30
258163,962228,43
177659,927442,23
532199,682958,1
486770,152062,8
719304,358104,2
657716,242012,27
511020,725362,25
167867,340893,63
389685,436554,5
168204,4930,12
865417,75490,20
772478,47852,30
256073,828780,19
314452,8313,68
721180,884284,42
175914,600878,6
972434,711106,41
562233,463928,73
242174,218545,78
91632,73475,34
895381,682700,28
148105,206138,45
574866,777720,25
148148,932684,55
622352,886595,26
15845,313634,94
260497,179452,37
64106,436877,49
606106,827812,26
44174,442853,46
38842,831778,61
702222,253625,90
684563,456885,52
867658,729092,82
855769,925571,56
78773,940038,74
234979,302275,88
337800,408333,85
861433,115931,86
468418,707094,92
134634,805523,95
436332,443267,5
989277,779134,80
921152,804133,80
79997,512120,46
203381,227984,35
728568,57905,30
220248,712328,84
108589,67620,34
493188,26330,50
535295,713444,25
856125,894547,3
661345,229144,27
224344,555068,0
35232,161004,75
9371,502253,46
372830,154043,9
16201,300869,94
720729,295774,90
84228,635636,36
135320,335573,63
983496,627689,93
581780,989074,13
382185,391124,85
625693,35387,97
753161,377106,2
29806,965724,74
925212,50386,20
854117,145873,86
699758,848907,26
591717,993080,13
705928,543080,89
548909,523414,96
34276,83044,24
721979,309497,2
730015,369676,2
153033,40352,12
209195,951779,43
557925,45782,97
460857,634163,22
390532,680045,81
524206,332584,11
751909,350477,2
478207,238507,76
593432,812433,26
564719,245211,27
275696,632427,0
204459,355115,62
423492,636566,22
768454,409700,2
836554,972956,56
474675,868969,31
767850,268745,90
799870,421564,91
235436,983230,43
153839,583642,6
273905,538073,0
393064,234339,76
545063,884139,15
738266,52157,30
605151,789116,38
681866,121999,71
443740,940641,77
357292,15947,51
37314,142958,75
695613,169161,71
93245,177303,45
934087,209417,48
683274,802244,38
329324,964006,58
61453,846185,61
847387,38238,20
669441,304301,60
388493,413164,85
51053,57149,24
518097,671399,1
204299,655409,72
463472,580675,22
405447,351155,4
865230,932593,56
90591,573776,36
453396,227115,76
122325,925423,55
585910,392221,10
72148,603604,36
784572,309345,90
163232,447450,49
297934,391186,85
669410,783276,38
523323,500049,7
335821,143853,9
748186,770163,44
143503,855783,23
153310,696870,72
299309,495168,98
296116,831163,19
359620,145829,9
962045,96997,48
234047,631645,0
66130,450176,46
123385,735202,95
555062,930672,13
816155,122266,86
936490,602538,93
859314,500129,91
668252,320747,60
798684,496473,91
232905,438296,79
452176,736052,92
833106,26009,20
141307,949091,55
378831,13075,51
751950,25212,30
745536,240149,90
197255,274272,35
693050,102709,71
239531,813463,19
883097,219721,17
867177,651950,28
333819,497642,29
879322,774805,82
158403,282467,47
437674,987061,77
535721,864875,15
956956,569361,93
264541,152769,37
589402,90625,97
137783,724098,72
924659,744082,41
796387,879672,42
662489,457969,52
99091,428118,49
386559,904085,59
965117,737080,41
103915,513843,46
163639,293112,63
348921,321667,83
270602,23702,68
371931,49495,51
872748,275667,17
146722,969327,55
488819,596305,22
101812,161350,45
820818,492225,91
838009,433553,91
730040,787800,44
559365,254691,27
592493,41438,97
452454,404403,32
808356,44645,30
358498,278535,83
343883,656200,81
766914,538329,65
711036,394351,2
869030,793574,82
611259,433397,73
107854,709571,72
774190,821240,44
593434,860854,26
389015,175340,9
944062,863325,80
904945,420155,21
559495,443429,73
713401,137053,71
465648,155552,8
372323,636105,81
22946,669984,36
428548,614195,22
788360,968954,56
216611,582131,0
884498,772624,82
501411,221118,8
341683,672160,81
4474,207135,75
324423,585788,29
344812,260619,83
228897,75460,70
268969,564252,0
387670,572543,29
734233,269060,90
105796,122725,34
641645,133418,71
366279,58809,51
406691,267197,76
787883,956607,56
696008,810665,44
849490,387349,18
187938,683689,72
762548,145832,86
1247,969778,74
61106,10156,24
697222,216741,71
769867,168569,86
150759,807388,95
778061,878874,42
241909,774239,19
648644,768397,38
455517,880961,31
327679,309241,83
420151,482812,5
636180,292454,60
283061,412256,98
793444,429173,91
119609,276762,47
548990,875193,15
372582,989898,58
231415,399510,79
579637,962833,13
345796,794865,99
300875,814105,19
673124,211328,71
790360,581230,65
737625,272812,90
162626,267198,35
810016,945471,56
547859,873238,15
515237,603928,1
230113,513108,98
812783,457341,91
545122,879278,15
31104,780084,87
886726,208887,17
780325,939040,56
450219,837236,31
428397,72104,54
867855,48646,20
608610,922980,13
532228,163787,8
773860,276242,90
807459,978869,56
853246,522099,14
922630,658647,41
895314,558027,14
773335,454523,39
174958,527402,6
56195,480200,46
725944,955187,66
842620,914593,56
569582,966320,13
948107,839537,80
99223,647872,36
791721,463593,91
608784,844791,26
403138,543117,29
168961,736218,95
621532,98395,97
739130,569993,65
886779,105735,48
90082,19726,24
544786,233272,27
618436,55810,97
12355,661680,36
871635,576546,14
12552,975694,74
495722,605387,22
741714,238,30
11499,271766,94
575154,628918,1
240742,158462,37
282576,257007,78
524368,60129,50
591842,94499,97
259734,350116,62
402581,190496,76
670601,797720,38
292782,790946,19
446040,594992,22
46015,390610,57
993732,668097,41
708336,11153,30
462346,653469,22
865517,751617,82
431338,506075,7
602926,391413,10
489633,271500,11
104404,719744,87
745281,939802,66
260342,573491,0
663712,21535,30
954379,255236,69
765984,902903,42
96337,148934,34
139275,799879,95
576323,263659,27
322871,501548,29
522994,972856,13
798314,263975,90
641468,162387,71
254220,677608,84
560911,234065,27
939487,973489,40
429920,667674,22
601719,95697,97
383606,280928,83
567093,146859,8
273254,582893,0
691052,527648,89
180700,26089,12
486346,33361,50
709503,624747,16
129371,350974,63
833279,930390,56
77562,595368,36
360088,413,51
943914,376378,21
799696,494948,91
600324,662232,1
147557,4582,12
18892,533151,46
684244,98451,71
679476,966777,66
621846,377735,10
606424,184923,27
2469,507869,46
760893,341951,2
170468,58201,12
188936,450198,79
481465,983623,77
765368,550158,65
515568,161918,8
368816,699929,81
707770,504196,39
38803,178018,75
956165,274246,69
263093,811242,19
549946,951166,13
249375,258902,88
377096,861000,59
827171,274018,17
425691,597573,22
415183,994431,77
415829,847539,31
602008,949619,13
251351,457359,98
837562,920270,56
979574,700914,41
267319,837844,19
649455,398050,52
39719,571985,36
367024,584263,29
718978,870128,42
256065,700404,84
700113,814213,44
483066,903289,77
588381,928039,13
554483,212161,27
794661,879351,42
255422,893973,43
5303,142275,75
223110,819353,19
874756,39219,20
161644,755281,95
15347,948811,74
672529,211090,71
803106,813531,82
27758,542002,46
434785,444295,5
271661,811357,19
483756,491700,7
12831,661349,36
301021,267390,78
34347,278044,94
95313,930538,55
560008,66389,97
812235,235757,17
383949,40690,51
881513,594492,14
627292,901896,26
171516,683638,72
917026,460890,21
180264,702775,72
552612,754461,25
232109,67054,70
982663,621556,93
503817,659632,1
436894,880913,31
514167,613852,1
24935,94850,24
145688,579831,6
230428,819261,19
328540,776104,99
996164,541967,93
856088,277164,17
302927,303302,83
608687,211545,27
439819,46454,50
766181,205278,90
123733,592661,6
855691,599541,28
499790,974694,77
684477,16473,30
863901,591963,14
133589,246594,47
516366,566603,96
899298,515966,14
849073,384979,18
355820,267841,83
609764,307010,60
932852,445981,21
615953,326408,60
942830,155479,48
150533,8922,12
964888,880589,80
69581,457699,46
559233,40274,97
896103,804760,3
608177,643948,16
839299,99800,86
338913,115578,33
531827,427889,32
540352,710404,25
774367,798947,44
907227,773395,82
463358,658925,22
564644,975500,13
242637,2980,64
100307,862353,61
579898,353254,10
151113,757299,95
934581,513414,14
959552,206042,48
961499,920383,40
889004,501238,14
320196,545130,29
3435,746576,87
702916,912419,66
28342,348857,57
254831,960087,43
195418,396498,79
949062,889182,80
482897,60572,50
38358,696095,87
277616,897886,43
782126,192715,86
976367,815555,80
47561,367183,57
250198,93442,70
489054,543753,7
868320,862548,3
857057,565897,14
34491,702990,87
158204,950383,55
92834,265531,47
783404,680779,67
864418,276963,17
932470,28687,20
154262,697631,72
97959,397025,49
814029,399500,18
409374,358252,4
152011,861245,23
949625,357007,69
217499,509412,6
697051,337279,2
649929,369638,60
511522,150934,8
752145,317765,2
693008,399197,52
307755,451051,98
822738,772750,82
625918,811399,26
184419,543721,6
334906,773060,99
820718,807505,82
750658,320686,2
785342,246740,90
966998,336515,69
815811,338525,18
590288,980198,13
201272,782310,95
296841,20052,68
20866,697485,87
639954,718517,38
117304,528517,6
801422,503480,91
990531,856212,80
365333,163257,9
870528,967686,56
903693,378242,18
114596,19018,12
637913,404685,52
548960,376755,10
125468,753744,95
180463,52461,12
725937,832360,44
488572,444666,32
514411,717296,25
602637,521330,73
996356,770079,41
721412,781988,44
888241,674649,28
828435,516216,91
54127,717784,87
806198,773172,82
717055,545110,89
675831,706302,38
819734,276546,17
924551,936277,40
14241,361904,57
527166,86567,97
935600,639263,93
104474,906597,61
187777,975702,55
635548,659510,16
386401,243495,76
430963,196589,76
74268,225950,47
550329,381741,10
930692,149910,48
551242,725455,25
737414,718154,67
14629,885911,61
506598,393911,32
475021,678999,92
949483,969361,40
63705,704533,87
90754,306791,47
238242,139257,37
500294,441330,32
447531,654471,22
704467,984301,66
151992,535817,6
476856,532104,7
86363,514913,46
155124,175092,45
776137,545787,65
46215,751050,87
899979,947709,40
150080,410950,49
844016,388512,18
724458,966576,66
258840,327095,62
488267,305935,11
855019,307585,18
595217,815383,26
146287,651429,72
579234,196287,27
10309,278585,94
193866,317682,88
282931,235907,78
896855,456782,21
149574,896150,23
597415,755360,25
350980,924660,58
765605,525304,39
794308,950352,56
567872,236853,27
800813,264530,90
969201,370581,69
367793,498939,5
668545,236943,27
312609,24453,68
982474,440615,21
416742,188084,76
135925,497706,6
961435,847083,80
928276,542958,14
499754,378958,32
159582,94952,53
874509,882619,3
179285,257453,35
12982,203487,75
10752,721330,87
394248,133799,54
761338,821643,44
360747,87044,33
954615,230061,69
651675,711518,38
490738,842402,31
254990,631384,0
673267,605070,16
412090,2655,51
632375,328978,60
143520,145335,45
656858,826975,26
978240,284650,69
129133,340829,63
317550,74956,33
795116,523358,91
81564,856555,61
130503,370288,63
441438,248965,76
364857,159503,9
778416,850863,42
466530,971393,77
218310,136577,37
452236,745810,92
838533,224679,17
181327,578062,6
493051,709459,92
877720,847493,3
822971,678187,28
297579,423227,98
186750,722863,84
158476,506997,6
103082,506982,46
852662,692375,28
749167,264103,90
795872,227019,90
509287,592673,96
62189,224082,47
146216,458424,49
748036,254604,90
136100,437518,49
369257,118654,54
218680,367580,62
919956,701102,41
434314,524580,7
632318,384484,52
31709,939447,74
300288,943997,58
764675,893321,42
56236,171276,75
644175,660743,16
107918,794424,95
884694,52976,20
381471,391468,85
416627,264816,76
776791,534620,65
360716,560627,29
459909,704880,92
926502,721595,41
857947,527426,14
456404,796534,31
359700,488333,5
428072,611545,22
243076,392482,79
449116,295463,4
861457,523474,14
35660,343037,57
422954,593877,22
298042,197567,78
511678,780876,25
184322,907815,23
648739,370588,60
476892,135705,8
806736,819782,82
87898,315510,47
784424,814768,44
808639,807053,82
154885,161933,45
618360,782304,38
183469,563653,6
322168,691674,81
973753,875743,80
628993,494229,73
513687,542189,7
579436,590646,96
1329,351664,57
425282,730685,92
633715,862316,26
955479,742365,41
936087,815174,80
633311,73692,97
551892,663472,1
977056,382373,21
559254,385409,10
581022,243863,27
620345,146350,71
720456,720330,67
594062,407779,10
553845,486004,73
282944,451203,98
369869,403591,85
156053,790084,95
945671,905708,40
240476,689488,84
232479,283954,88
419288,976058,77
612061,912972,13
323431,912937,58
738606,751718,44
130905,120610,34
99089,395412,49
690142,229444,90
266216,302794,88
73476,914392,61
187987,513432,6
267309,666485,84
629584,419521,52
895081,633322,28
255640,542391,0
976002,675323,41
155109,922417,23
78647,827960,61
526706,360790,10
802648,112274,86
2696,326488,94
283871,23940,68
366885,250377,83
98251,318207,47
117525,248070,47
319077,733301,99
593578,280697,27
689268,540515,89
437002,698227,92
114725,192087,45
420168,778446,31
344590,527895,29
333144,161882,9
757749,492506,39
555424,19196,97
638441,282668,60
806620,874882,42
158318,859313,23
474740,959667,77
137082,937656,55
199555,929304,43
825561,215035,17
98511,689352,72
945270,154596,48
297508,226904,78
583530,404522,10
816610,772620,82
439778,361037,4
949771,802371,80
462480,903543,77
848070,526143,14
885616,554063,14
150036,671530,72
416868,308881,4
377294,183520,9
432834,645844,22
707546,740104,38
939596,798308,80
175216,871413,23
842428,703073,28
564368,344779,10
701073,934733,66
72950,77787,34
370613,900643,59
117706,301301,47
972525,237201,69
641695,968124,66
265998,633237,0
819211,491369,91
441982,406060,32
654656,810236,26
650921,34420,97
502268,630748,1
981852,989594,40
115967,65038,34
95760,439556,49
622380,348375,60
139959,294460,47
994231,44761,20
312977,210368,78
660995,353646,60
729113,215931,90
163043,280095,35
560459,650478,1
585070,283993,27
83739,402733,49
748310,850522,42
729120,328897,2
779478,687315,67
716464,612782,65
41966,325984,94
817062,367055,18
105570,319508,63
985034,482703,21
793321,352556,18
409054,982992,77
157585,547487,6
617918,359611,60
982900,608371,93
905399,55600,20
483297,773789,92
75356,517709,46
142626,118354,34
184423,606121,0
85691,214293,47
638219,560689,89
512251,407412,32
373729,276984,83
273457,998579,58
122545,625229,72
233725,229815,35
500913,856350,15
674480,993035,66
954025,313159,69
278790,629290,0
487476,17135,50
4565,739554,87
686417,619084,16
957943,151239,48
875498,505404,14
338261,159107,9
126081,46319,12
498717,945760,77
394182,17790,51
998900,525119,93
686535,610058,16
250482,855968,19
258509,761231,84
22548,980160,74
557999,296889,11
828594,189759,86
283321,785083,19
901814,790843,80
707819,315321,2
615167,113610,97
455838,270732,76
193164,515266,6
89202,230667,47
821111,414213,18
689897,109471,71
880706,37874,20
553728,519739,96
255202,192476,37
945325,93932,48
725917,488884,39
689664,193891,71
736071,161548,71
140826,874258,23
660527,488716,52
854288,26314,20
261920,98504,70
562220,245439,27
101742,984765,55
955899,810508,80
211777,338149,62
281804,288377,88
753290,550223,65
601289,873116,26
472743,398130,32
375548,836279,59
350232,364730,85
29361,480928,46
972295,366873,69
48551,1771,24
768158,447923,39
246552,799580,19
546738,30260,97
584984,828868,15
788940,727599,67
763882,569139,65
523443,511583,7
178129,823764,95
5093,605523,36
33573,263042,94
962840,459098,21
67424,199124,75
692065,544420,89
83468,855268,61
505736,911692,15
821867,122202,86
858017,695332,28
445916,511949,7
342937,744871,99
50570,938489,74
188180,757236,95
865898,159981,86
808412,989178,56
127998,262449,47
993705,203015,48
75276,164882,75
178256,960386,55
215869,125298,53
895538,317158,69
477585,780458,31
171723,155807,45
656736,762081,38
311292,887653,59
795626,98444,86
563748,917503,13
485947,318235,11
577285,435434,73
353729,135301,9
4940,38098,24
325248,448307,98
704363,232399,90
944267,306864,69
479426,717079,92
948340,765752,41
3712,391831,57
510152,139749,8
768994,482184,39
71325,774551,87
880603,305922,17
635826,328753,60
356958,401138,85
934269,261498,69
668,232162,94
955871,334649,69
451182,23349,50
436483,974807,77
596843,143468,97
268774,293049,88
275284,704814,84
821293,481305,91
296768,790396,19
198206,256078,35
907177,928476,40
906825,19552,20
613702,490084,73
846799,160303,86
223203,380972,79
4238,235973,94
998417,400464,21
598673,902218,13
586080,260836,27
880712,133559,48
734726,550408,65
711715,804720,44
940338,261410,69
525945,566742,96
245010,890290,43
120636,543869,6
819450,496208,91
775091,961085,56
972313,666060,41
475116,282028,11
45402,73875,24
618326,221168,27
187134,173262,45
25010,346286,57
38012,870850,61
386523,300523,83
902434,210237,17
464392,37261,50
250149,259355,88
980821,662146,41
689160,726988,38
500733,832968,15
706156,367834,2
197512,599976,0
812397,964734,56
295297,60486,68
596013,202505,27
505973,889124,15
509641,547389,7
982911,800290,80
475040,9311,50
501832,291985,11
392523,145788,54
263213,824818,19
723617,844065,44
213967,146511,37
415514,546904,7
820392,332608,18
148652,395572,49
378805,589644,29
162998,510465,6
397449,934304,77
848397,19401,20
75273,129264,34
549782,200565,8
899119,501601,14
412281,217109,76
964259,302515,69
384354,837852,59
792826,38791,30
973617,583752,93
130046,697597,72
529302,992877,13
286924,339565,62
74671,2733,24
937242,229782,69
952073,505880,21
340050,235234,78
585967,362300,10
180989,883290,23
468424,808422,31
154377,627630,72
579590,180689,27
853862,865781,3
182641,654700,72
548920,713517,25
87150,736320,87
333683,225694,78
248651,83404,70
777006,150050,86
899638,217241,17
181602,194039,45
217422,217279,35
808228,898584,42
513149,498741,7
349859,84797,33
187391,481162,79
895888,206203,17
664727,72408,30
967290,256805,69
123998,48087,12
213876,619782,0
681492,838677,26
645907,763770,38
685379,167063,71
844162,843276,3
946322,842699,80
248668,369411,62
693936,990944,66
810059,663165,28
826107,392494,18
649635,425133,52
225417,598504,0
65050,296349,94
753066,786788,44
551256,964254,13
218405,747744,84
347455,679858,81
389291,819241,31
995262,370934,69
299124,384750,85
496050,119173,8
954990,528199,93
450541,249264,76
387351,219666,76
937882,986524,40
513466,839628,15
630319,779980,38
127718,564851,6
461741,487289,7
882542,884272,3
962724,511529,93
283458,81512,70
982686,15692,20
746828,943657,66
57537,38989,24
298791,780725,99
652077,461848,52
279927,744454,84
38926,234091,94
380026,104045,54
697901,624950,16
536745,89336,97
478008,896976,77
482482,75279,50
221694,11060,64
899420,557177,14
482675,320272,11
814027,356565,18
793068,107455,86
997388,100180,48
739529,270242,90
965662,889330,80
971823,444881,21
131712,693749,72
848923,860404,3
816885,392244,18
460759,980937,77
611240,122995,97
187638,646888,72
251308,739837,84
453145,24331,50
935479,600588,93
89116,787429,87
332212,503563,29
395020,101521,54
274033,681332,84
147885,507427,6
342340,724872,99
930402,267352,69
386731,789151,99
266112,549422,0
136647,631639,72
964332,538166,93
964959,72936,20
851605,928536,56
906832,128894,48
328140,52040,33
647792,451377,52
301995,641305,81
423197,686058,92
592866,307988,60
364807,319069,83
593037,173339,27
322113,761604,99
286086,250464,78
564616,501269,73
841902,854087,3
654213,364370,60
966962,731779,41
22459,470884,46
153244,588531,6
443903,691860,92
99034,466069,49
235489,875460,43
856301,857188,3
764895,601439,65
397183,461721,5
159380,712294,72
532482,439497,32
629816,331469,60
6182,908779,74
854880,983874,56
973615,550380,93
252918,796504,19
845140,273376,17
644953,741321,38
395518,482858,5
406733,976923,77
160663,269645,35
924571,274822,69
944343,581326,93
355923,998955,58
453123,648227,22
755532,231224,90
198377,125068,53
29554,727486,87
872186,833442,3
672226,105496,71
74709,636755,36
944997,572538,93
657911,512550,89
442694,366638,4
95546,843433,61
587182,770090,25
908141,142076,48
875623,608146,28
121952,663443,72
491625,751064,92
139145,610977,72
693121,300331,60
678024,562287,89
360884,393459,85
877706,607302,28
928253,150849,48
325031,796711,99
329322,923591,58
800315,900302,42
378106,828224,59
964203,365902,69
731095,526524,39
296938,652421,81
251952,566351,0
673920,579525,89
91674,765255,87
652013,392734,52
691916,35020,30
596305,98392,97
679337,621292,16
62118,18727,24
748388,171543,71
123919,706836,72
793895,2085,30
56483,320598,94
296391,445621,98
565661,66217,97
914427,791244,80
446143,325544,4
418654,328243,4
793603,94099,86
525698,422601,32
670810,316135,60
289282,963987,58
740697,901476,42
118862,721231,72
736983,481008,39
311942,821608,19
767156,603502,65
68954,910806,61
920554,752031,41
391821,347951,4
19090,848691,61
958200,470330,21
845414,880932,3
834665,217815,17
818484,276402,17
496827,177470,8
754507,8282,30
195655,384886,79
789740,161820,86
717977,39662,30
610344,55919,97
847114,459968,91
694133,302923,60
234321,234622,35
306235,897556,59
236024,859912,19
554031,610119,1
274140,472506,98
412230,363886,4
846133,965895,56
805621,86397,86
81292,281776,47
821048,368884,18
845224,684612,28
275836,981809,58
270006,5574,68
689294,968030,66
688679,638952,16
878181,602431,28
65722,590606,36
329749,94063,33
932585,962865,40
877073,974537,56
56962,361010,57
511502,817773,15
320042,954805,58
415542,30667,51
434152,808783,31
230606,804050,19
684031,511462,89
148877,179903,45
634733,964717,66
13187,649375,36
46569,699849,87
378133,286293,83
739405,189805,71
64667,860162,61
759155,126764,86
524966,105688,8
314426,572619,29
12514,335998,57
123070,448772,49
514531,737321,25
163445,33015,12
888656,657891,28
182199,232656,35
265988,473477,98
738342,319927,2
16839,28442,24
40785,488486,46
985455,556887,93
616183,202840,27
135449,493984,6
395475,752681,92
325713,267179,83
479305,684696,92
689364,153263,71
902853,264551,17
312810,405632,85
463858,74331,50
281336,421060,98
759439,900982,42
811875,197518,86
691952,644483,16
838481,351647,18
141060,804371,95
70835,524125,46
980485,20554,20
463804,164116,8
305037,766483,99
290446,538504,29
639546,861608,26
46515,793188,87
119990,676533,72
497572,703653,92
299808,882508,59
318300,676037,81
157050,540517,6
485971,730168,92
937226,965963,40
944773,806075,80
702753,184428,71
690755,535332,89
330248,480746,98
905595,336892,69
147891,616778,72
188316,42434,64
190045,91193,53
684482,96529,71
363936,678804,81
665789,922666,66
249883,785982,19
6487,38901,24
822706,227730,17
465889,212366,76
247882,166075,37
236129,633031,0
360700,285099,83
672078,619512,16
148607,651002,72
399793,321712,4
24047,166567,75
496299,297695,11
374693,476535,5
131925,275620,47
353809,481397,5
846812,375489,18
854688,749306,82
589615,671165,1
281245,892186,43
984063,156896,48
967254,650457,41
233862,525750,0
294905,478063,98
818531,57035,86
601967,274727,27
353266,343610,85
60736,803086,87
472059,902524,77
726189,70879,30
276959,863402,19
207707,937294,43
110217,427088,49
82206,645291,36
418374,618593,22
693445,746177,38
11761,680446,36
258131,418569,79
905206,803736,80
400785,6811,51
486892,197797,8
381747,33272,51
215700,270200,88
252735,717594,84
616209,628414,16
765755,44589,30
413698,36750,51
669388,412275,52
106014,785356,95
484967,845731,31
206917,667176,72
240464,488961,98
971271,164388,48
885608,413901,21
439789,535815,7
451655,980427,77
37226,661488,36
644619,126512,71
292473,601398,0
711789,39925,30
23289,426991,57
441666,88754,54
697551,753889,38
623441,178417,27
660444,95090,71
183429,897801,23
350229,302072,83
937829,104719,48
19339,32371,24
61305,362573,57
777235,898,30
95227,481947,46
99263,321699,63
800667,815018,82
9192,505630,46
132203,943439,55
384489,118871,54
875794,476761,91
930516,193398,48
441779,992127,77
687628,968247,66
335525,170555,9
534559,345753,10
82571,783700,87
662522,7318,30
999516,876893,80
956619,902013,40
148324,892781,23
976122,687161,41
127391,70936,34
222909,441242,79
956185,602789,93
87901,367062,57
223834,987025,43
937058,144846,48
439045,44820,50
300250,307729,83
5574,691837,87
717811,260409,90
700245,27534,30
764167,355222,2
221639,101081,53
869255,570760,14
773186,940810,56
210473,431993,79
513573,635052,1
319684,930129,58
678532,98484,71
231799,851561,19
200644,234845,35
55903,572620,36
35125,348668,57
66846,489003,46
679080,310410,60
75342,273182,47
375973,985667,58
119701,826555,95
924873,352304,69
189005,623785,0
967410,268502,69
728600,595710,65
102436,643253,36
169705,233873,35
711595,791222,44
82044,924564,74
147855,6806,12
396184,674832,81
916063,278243,69
443418,533230,7
5633,675526,36
570865,537750,96
976676,8837,20
525337,345989,11
49038,187034,75
484653,563378,7
697575,144198,71
544473,971440,13
1173,729987,87
897010,59856,20
12524,493128,46
7243,736825,87
833230,105147,86
207029,547775,6
455577,891831,31
11471,803866,87
588490,764731,25
842605,669174,28
807621,694627,67
597270,324506,60
977058,422797,21
951929,86898,48
508953,986645,77
544542,131793,8
56719,286266,94
282869,196009,78
339407,422017,85
847895,580548,14
271368,890159,43
917185,131920,48
185828,220766,35
421535,753848,92
936974,735943,41
6424,974719,74
103501,549650,6
972851,720026,41
491481,321430,11
285118,983544,58
428867,973615,77
550302,937540,13
240450,258639,88
945704,455362,21
270875,606871,0
689894,59804,30
141903,966499,55
959991,578850,93
740206,647341,67
869832,278941,17
164799,784701,95
473367,887805,31
341458,894012,59
663399,760267,38
807837,332996,18
673449,660320,16
2287,452728,46
12225,470352,46
211719,375568,79
186165,878589,23
456264,442159,32
373044,761679,99
543486,374583,10
626890,148764,71
291799,274881,78
936343,127511,48
86116,361827,57
233232,944053,43
707682,12952,30
697113,384322,2
301378,272062,78
560771,883024,15
987929,134701,48
930290,389555,21
262146,892986,43
422659,640615,22
821153,122781,86
595084,592921,96
229050,652480,0
242622,751112,84
951209,971874,40
301352,838020,19
606578,767460,38
710263,396481,2
672775,342185,60
103813,793615,95
289343,998899,58
508574,615651,1
260407,664103,84
586028,378789,10
308913,902537,59
947558,617217,93
573498,782384,25
529017,197879,8
767187,115605,86
981045,433853,21
774636,310676,90
548260,618324,1
174109,250414,35
718460,161766,71
816887,436424,91
991573,372980,69
691235,594050,89
212245,213746,35
442635,368048,4
794543,893558,42
40899,399967,57
248680,578359,0
489804,141836,8
851281,482870,91
598464,389657,10
979846,280576,69
656353,336969,60
443351,409160,32
759273,105520,86
487017,310510,11
744581,178788,71
901512,720405,41
847165,317652,18
788798,334577,18
243628,663403,84
824505,470003,91
341481,273732,83
613804,219289,27
594938,133821,97
135251,171009,45
160620,555747,6
442150,224147,76
255259,152231,37
555823,730198,25
450245,267976,76
873643,322222,18
595166,959092,13
465348,117523,54
209650,600075,0
466774,80081,50
926329,818623,80
598494,890107,26
32171,707299,87
580389,605198,1
569562,630099,1
84728,34895,24
489555,967353,77
305076,426880,98
580548,271196,27
996328,293868,69
41617,464949,46
403664,386554,4
818825,992453,56
172700,569378,6
547558,822263,15
789063,796695,44
66622,726194,87
152070,849973,23
513015,244175,11
864615,592816,14
467937,624779,22
666205,922476,66
69144,118889,34
180678,662836,72
291448,367937,62
922280,766190,41
357697,822157,59
6310,67010,24
241490,729943,84
168594,574838,6
313976,8049,68
294922,767435,99
296710,808218,19
731945,810564,44
150221,771250,95
404778,108395,54
807193,508337,91
627130,183586,27
546174,553896,96
342655,14621,51
742954,837359,44
507096,771711,25
152641,440986,49
652402,920787,66
676384,990317,66
257843,578790,0
726245,6123,30
911105,943799,40
439822,89398,54
514024,211681,8
737007,886492,42
284746,733351,84
430491,274072,76
344397,292372,83
901535,98817,20
830760,590586,28
981327,163273,48
139246,317642,63
612431,130521,97
677692,982680,66
914810,224739,17
191054,57337,53
669299,914879,66
375622,85876,54
331176,88498,33
402675,761890,92
90780,745521,87
983570,862409,80
509389,307125,11
861598,881567,3
502765,982219,77
166353,895276,23
919842,787477,80
129735,467251,49
88562,467264,46
321060,60337,33
88366,179806,75
4688,800354,87
559102,834498,15
417430,756358,92
113646,58523,34
601183,92210,97
785975,895854,42
620728,585871,89
749465,268221,90
5308,225187,94
734438,702136,67
814254,175332,86
815264,145945,86
908158,414934,21
809069,32099,30
500152,60408,50
284697,914564,43
78633,600870,36
826246,716761,82
610420,338114,60
682946,279903,60
345246,559428,29
317817,554097,29
712799,27724,30
973166,5267,20
538267,662772,1
223007,92175,53
194904,767480,95
39980,951958,74
569394,813592,15
54758,325175,94
231980,890556,43
586856,292664,60
819429,156442,86
325094,867233,59
594135,641982,1
799960,934104,56
491448,779008,25
795635,245478,90
764174,474691,39
145975,416324,49
163518,262639,35
185165,76877,53
80376,891628,61
600630,794264,26
210603,616137,0
421799,190343,76
105250,946909,55
713457,74754,30
402659,496020,5
620579,77121,97
179938,226586,35
246870,154468,37
148301,503364,6
50397,33145,24
72777,171504,75
470675,642273,22
684467,851524,26
573478,454193,73
623409,644298,16
732555,54271,30
146526,664917,72
261599,695194,84
136362,842206,23
967962,549590,93
971577,301562,69
368980,458152,5
175832,221082,35
728847,737197,67
85325,67205,34
518665,205662,8
563184,437829,73
603134,882937,26
522293,184653,8
477208,438000,32
474363,625121,22
424425,323952,4
662528,118851,71
544535,8340,97
179649,367914,63
535689,325607,11
477202,340241,4
435851,359042,4
425627,528389,7
643332,484550,73
845357,916935,56
930686,43464,20
505785,737468,25
636969,550957,89
950736,32085,20
267583,283495,88
716943,667243,67
367407,9689,51
848430,572835,14
638424,4018,97
535211,302991,11
379021,214592,76
651870,983152,66
837702,268423,17
393688,721337,92
525050,524852,96
193088,241298,35
499586,551925,7
211286,96074,53
732506,233888,90
960959,848228,80
178820,435067,79
177573,484401,6
331746,662441,81
658146,463294,52
586611,177677,27
223490,212111,35
965481,845310,80
138352,288446,47
914801,73361,20
987156,139195,48
458447,130973,54
267040,148909,37
729823,137417,71
572681,64707,97
539311,213797,8
289808,807464,19
48249,935738,74
963280,856050,80
640207,968501,66
608550,909050,13
417161,227481,76
273319,682334,84
987993,207704,48
892582,634833,28
653883,814002,26
946064,504542,21
852700,339318,18
925811,111247,48
733077,832398,44
113547,394738,49
377415,223581,76
730380,507154,39
744184,512044,39
935900,683194,41
446639,669040,22
566149,272102,11
232993,926723,43
440263,511832,7
373846,231987,76
18322,941247,74
549549,282833,11
581593,833811,15
870593,60638,20
155807,661486,72
605519,963722,13
288283,185339,37
6671,119830,75
988386,818865,80
676822,363046,60
721172,749694,44
120572,456153,49
566116,712924,25
121106,437663,49
805638,358254,18
177901,988248,55
492031,571643,7
611520,826400,26
320641,21762,68
762440,333738,2
136394,380293,63
585510,682307,1
544097,647436,1
469918,916651,77
161711,886872,23
669521,655531,16
519154,427646,32
454980,853456,31
40576,971433,74
876531,859173,3
126649,597855,6
161501,349126,63
774685,137345,86
358671,186086,9
552943,322633,11
501475,296399,11
581471,798587,25
863399,163417,86
564951,139699,8
925992,152410,48
555256,192891,8
923160,555085,14
319079,773505,99
303196,825237,19
774996,365813,2
230342,366421,62
442776,737724,92
937575,828618,80
586493,196878,27
930076,794301,80
827642,186892,86
101007,625394,36
7015,908119,74
758044,447897,39
810591,618629,28
307870,383311,85
318791,926353,58
215639,247411,35
236891,436063,79
923718,941993,40
84489,18919,24
978174,185953,48
328282,443278,98
177430,79099,53
428703,211955,76
337151,509918,29
202999,814642,95
693461,9816,30
993693,1329,20
346475,215729,9
764357,548678,65
637638,785538,38
551784,848779,15
441657,931921,77
811815,178838,86
733447,55746,30
937309,368026,69
413368,477124,5
39287,303941,94
353149,390148,85
228816,714666,84
399131,200066,76
513282,734672,25
643629,480505,73
860880,818753,3
783749,476699,39
883418,621184,28
250117,732327,84
226167,199749,37
189277,181221,45
789126,848512,42
956122,547865,93
977900,570078,93
313902,758327,99
209374,953982,43
584994,2981,97
110113,679202,72
353367,41869,51
708461,113160,71
881485,130904,48
117949,376241,63
489602,749097,92
88583,820093,61
307625,259472,78
953614,392403,21
122726,665742,72
138268,875066,23
242565,797015,19
442532,638256,22
181070,249641,35
730091,652387,67
670359,730239,38
131217,370922,63
92727,470201,46
672493,597894,89
817405,136537,86
789922,228951,90
982536,498614,21
221094,937960,43
295359,103929,33
740080,526481,39
576161,548284,96
24199,723802,87
942423,314301,69
470699,40290,50
170221,915790,23
684587,864818,26
11789,145301,75
76596,352287,57
888442,46569,20
700616,268836,90
335615,687118,81
400994,522667,5
470535,287897,11
697811,124869,71
688892,217231,71
7223,400581,57
575238,33689,97
221411,268954,88
312055,713985,99
946640,192382,48
377602,364976,85
157012,905008,23
486036,822400,31
87864,733518,87
239884,736193,84
208879,636978,0
692912,783138,38
201419,263676,35
615648,198664,27
962492,615641,93
87898,308177,47
533516,812581,15
53466,604152,36
990127,81128,48
522120,281571,11
376225,222206,76
629028,77145,97
579685,782191,25
299912,627256,81
300486,281724,78
948260,406288,21
495298,480550,7
606287,872309,26
901451,691213,41
233411,950968,43
920500,844556,80
453748,155237,8
77643,954746,74
421586,600035,22
802628,783379,82
258687,768428,19
970727,13555,20
826039,247425,17
487390,566048,7
583266,956765,13
365457,245596,83
735206,608946,65
568344,158798,8
928424,38920,20
136536,761497,95
483704,624006,22
681335,210488,71
678195,429313,52
467277,535534,7
721883,696616,67
28021,958062,74
157896,769765,95
443199,856136,31
80478,604578,36
144783,375528,63
506327,848622,15
799952,798449,82
546966,871958,15
12898,790952,87
544597,50359,97
383838,171721,9
131553,21130,12
141188,954533,55
841984,241108,17
307179,761990,99
777942,872662,42
845296,905948,56
273827,214759,78
457694,464041,32
146157,468569,49
243205,560269,0
443365,635632,22
68248,56729,24
445885,996059,77
766556,508848,39
209824,520500,6
55495,717269,87
140356,978797,55
656790,682736,16
759000,519730,39
103895,172417,45
827631,10932,20
736916,350935,2
176099,702320,72
898657,743790,41
895162,997537,40
607491,106103,97
280498,332476,62
930878,269470,69
987444,984461,40
845398,607917,28
270463,681755,84
267282,224092,78
324571,73078,33
237724,432460,79
368673,298415,83
469016,766686,92
704473,83985,30
548799,680805,1
303587,388407,85
969519,722190,41
855023,373413,18
959553,211748,48
852546,756663,82
244950,888554,43
941443,840655,80
895814,953655,40
94037,485433,46
682877,122595,71
457900,933619,77
346859,664399,81
561039,399191,10
210888,407847,79
695666,60068,30
565821,753549,25
913204,235121,17
683291,79087,30
215504,991068,43
892569,421674,21
90685,147447,34
151071,56064,12
280301,32151,68
366382,794337,99
437363,769815,92
289237,222572,78
771413,142489,86
815914,82529,86
76385,803380,87
420719,35193,51
505045,301195,11
197778,70672,53
800807,170958,86
303406,353349,62
746815,733848,67
792513,771512,82
806054,356624,18
794210,289776,90
274597,166406,37
791771,310398,90
865924,585047,14
888762,425437,21
333963,916648,58
105033,290210,47
575778,111276,97
218821,725219,84
757869,515176,39
576005,925480,13
554485,245806,27
275612,226631,78
992340,260326,69
310845,387080,85
662528,114602,71
119516,714650,72
132627,75304,34
640850,780380,38
853661,482292,91
897609,117414,48
382537,314206,83
870676,454882,91
218152,482819,79
750571,848766,42
210450,42584,64
719386,736640,67
723720,563464,65
145257,346560,63
638946,779593,38
620914,705478,38
974895,60859,20
865193,311554,18
304026,780249,99
648127,81291,97
272972,841037,19
312897,863825,59
321470,946751,58
56616,547200,46
797117,159786,86
528193,345261,11
802938,984557,56
458092,153004,8
547549,669289,1
751456,735068,67
291144,257772,78
375814,315905,83
423259,716627,92
357271,661209,81
955529,576124,93
919733,961358,40
549166,833028,15
711930,420526,52
793073,187080,86
262844,628728,0
45971,644115,36
656424,521255,89
741453,606514,65
697235,443885,52
391093,101835,54
553537,310919,11
630526,254770,27
932587,993826,40
240563,149192,37
476883,988202,77
714043,926275,66
908862,251386,17
60639,164886,75
245320,107693,70
997875,298279,69
177995,578425,6
602901,972217,13
62625,539232,46
886038,640974,28
853343,136068,86
908377,99401,48
642820,883261,26
974658,89368,48
14600,390807,57
294582,45624,68
809025,290793,90
372397,879895,59
402852,734603,92
483464,581867,22
439128,440497,5
434009,404836,32
83600,73285,34
709509,726818,67
645204,955586,66
548300,280701,11
743270,151253,71
113725,384138,49
208663,10473,64
28020,944992,74
489790,908877,77
497479,134849,8
418637,40069,51
440706,950530,77
569191,400153,10
374610,86321,54
811542,591028,65
413575,971481,77
688626,746222,38
757301,970144,56
221123,430136,79
312242,855826,59
870926,659740,28
262512,43064,68
789649,636875,65
974570,609448,93
8089,958011,74
306536,957633,58
940645,436135,21
127625,5330,12
584387,792762,25
964004,20709,20
60460,166079,75
305651,83203,33
402777,474221,5
243448,633964,0
45933,6282,24
589766,198707,27
673001,142200,71
961468,401753,21
274397,803352,19
951904,658608,41
235035,240993,35
374723,977493,58
734206,816688,44
90104,379496,57
205370,654328,72
306350,832947,19
347191,255643,83
603805,153026,27
910286,182694,48
546929,251382,11
987063,578140,93
799686,337802,18
453076,862968,31
911558,571222,14
537390,924302,13
759594,505919,39
980819,628563,93
260511,424551,79
433017,728753,92
152287,499386,6
189012,739099,95
45181,357320,57
479644,388186,32
247087,798629,19
562443,987117,13
476724,310832,11
162870,367973,63
533331,710537,25
998833,389857,21
341139,524442,29
296946,771578,99
914777,657382,28
622178,960715,13
745285,19537,30
367327,680513,81
391256,854150,59
710569,545786,89
39720,574685,36
747561,268099,90
953273,674825,41
796985,930797,56
908441,171473,48
952115,211506,48
787029,611083,65
481862,656425,22
541228,425888,32
911297,172372,48
65875,174936,75
159696,16295,12
875347,966796,56
952072,483168,21
617389,468589,73
583285,271777,27
761430,359814,2
403016,490252,5
675593,704601,38
233278,719255,84
525597,720116,25
992680,979187,40
208784,41298,64
110977,192022,45
319272,15477,68
121943,507088,6
629694,267937,27
226809,987108,43
326497,442989,98
318711,578691,29
66209,788955,87
977424,581617,93
246629,94304,70
974568,574316,93
534958,45720,97
426094,365504,4
32858,252853,94
703911,643764,16
747977,251936,90
303910,817270,19
866256,176800,86
481483,293618,11
845619,321365,18
188643,539425,6
123227,90132,34
860341,755535,82
289719,311805,62
519246,980640,13
629819,373144,60
444904,507120,7
166833,969413,55
931282,62962,20
207535,49865,64
84811,421939,49
537135,631789,1
492007,166065,8
60263,847394,61
153504,957985,55
859486,387636,18
9036,881949,61
930257,837647,80
348864,361270,85
874006,427800,21
38292,583491,36
734116,289678,90
620721,469478,73
519480,905870,15
960546,910833,40
373419,54604,51
738185,679185,67
62515,703049,87
147872,298307,63
652641,950663,66
798877,726768,82
797272,757006,82
877,749458,87
142467,456128,49
158870,144118,45
198166,578048,0
262439,816993,19
211296,262706,35
303553,826803,19
80918,995480,74
38856,61991,24
886260,384177,18
878193,805173,3
552123,546478,96
661416,429349,52
70307,653648,36
867563,147931,86
276431,982328,58
992620,975064,40
910565,878461,3
299051,155462,37
855666,191216,17
778769,778219,44
531144,951395,13
106273,133201,34
724716,315212,2
783906,112714,86
388918,560963,29
118351,131094,34
307633,391025,85
972295,362264,69
572794,950236,13
623231,648020,16
279591,90301,70
695420,924677,66
50868,946144,74
852697,289010,17
400909,80236,54
530029,204595,8
643897,991945,66
635015,706284,38
524445,355800,10
935745,66799,20
706374,31804,30
533796,520799,96
82208,676299,36
571091,326879,10
865268,569972,14
528058,71215,97
920139,790929,80
158460,238967,35
328451,291513,83
461594,12795,50
53913,127132,75
715913,363008,2
81680,797025,87
609695,153873,27
155147,557809,6
105515,401647,49
496317,601726,22
223149,476486,79
313600,684492,81
261321,23603,68
704468,2967,30
869617,654510,28
357421,181966,9
304023,716323,99
247474,297020,88
18694,198242,75
854263,603400,28
354462,453708,5
485042,102231,50
204190,834839,23
143194,670626,72
211759,36388,64
579307,413969,10
580153,643850,1
191942,973849,55
485855,766610,92
421559,146677,54
213175,833880,19
32496,160666,75
321940,860071,59
229585,644525,0
532006,441206,32
351081,627161,81
706811,373462,2
792106,938575,56
635511,40397,97
958132,328878,69
453627,111506,54
88874,714540,87
278036,960261,43
114466,834568,61
599713,380786,10
876038,582052,14
551135,942734,13
533879,915443,13
852979,33504,20
107299,383051,49
954353,826492,80
862874,332142,18
324810,94134,33
117129,601714,36
9403,47954,24
976646,490739,21
855300,29265,20
868955,528684,14
605477,256829,27
532183,401428,32
809455,517412,91
156759,655040,72
257865,953078,43
389425,75051,54
395014,4161,51
943949,951123,40
540244,882994,15
490063,489846,7
853324,820063,3
807105,23307,30
726443,340516,2
59592,568899,36
493927,439828,32
199522,382241,79
334170,403013,85
454290,259457,76
698145,735922,38
653799,408136,52
550104,609306,1
612202,294927,60
849252,392747,18
906256,460424,21
359263,149555,9
575668,256528,27
473022,86728,50
639055,605884,16
95315,963017,55
441829,828476,31
210282,219793,35
64572,275847,94
170088,674576,72
602810,435517,73
749460,189825,90
391284,326675,4
436066,972719,77
500085,929411,77
627395,633848,16
89419,874624,61
815270,252227,17
191321,535210,6
277861,11183,68
965902,926296,40
267552,759755,84
208160,559082,6
500578,226161,8
99681,347117,63
11571,488539,46
886615,343965,18
35402,13630,24
86233,330534,63
300764,951641,58
231067,545989,0
442515,363441,4
363177,924358,58
689359,63612,30
137490,805585,95
475549,556927,7
286379,178252,37
886004,80731,20
852316,884684,3
897333,489478,14
668426,241454,27
122766,335452,63
958337,778092,80
393004,222288,76
999065,293110,69
313757,322385,83
335890,308660,83
648733,265871,60
501287,136494,8
67971,394146,57
413985,858545,31
574512,828858,15
617691,549257,89
363827,845602,59
43521,465627,46
794882,584894,65
320437,590267,29
624615,913405,26
610102,986747,13
273387,829194,19
272392,100408,70
565614,280269,11
495129,637973,22
423944,241261,76
880285,966749,56
162141,111135,53
861009,993474,56
320478,283182,83
454226,186211,76
658182,66879,97
43908,971335,74
238965,286995,88
535849,20202,97
543046,985857,13
300322,520581,29
416603,848618,31
728755,199191,90
805350,531708,91
429340,919234,77
579723,418029,10
824434,270447,17
413154,890393,59
849434,452043,91
501490,558449,7
861232,731590,82
845767,808828,82
975387,334584,69
353307,33966,51
877491,992951,56
541546,767769,25
897056,829431,3
254770,920065,43
533365,272047,11
308981,49304,68
653504,442657,52
742728,34613,30
742753,457315,39
98691,700767,72
792316,459259,91
777969,338981,2
261327,137860,37
24637,85065,24
702893,523409,89
942582,986318,40
50024,764552,87
829061,43849,20
978310,461329,21
572504,89810,97
447585,563567,7
870862,587316,14
34016,712580,87
338022,140635,9
654145,226822,27
212531,9409,64
143084,818460,95
873430,747653,82
815036,317864,18
355994,206110,9
104642,724333,87
869180,315457,18
901194,380762,18
481214,763715,92
773841,960878,56
492286,862411,15
546181,666267,1
962217,995837,40
41548,309354,94
323093,238310,78
292246,778781,99
973001,243616,69
456654,990756,77
644206,180946,71
161621,368979,63
441662,25713,50
160668,353019,63
196628,738319,84
944198,150706,48
928135,165252,48
398952,192838,76
38952,678856,36
540988,398900,10
326248,254285,78
768345,587831,65
681003,632423,16
145065,114841,34
134702,940715,55
597889,728435,25
814962,68619,86
294251,484582,98
370584,417897,85
603858,53817,97
515088,88463,50
801163,162107,86
532532,272332,11
92004,316225,47
801320,801581,82
177734,189664,45
683596,198111,71
662746,786578,38
18957,619718,36
601523,807753,26
911892,173415,48
601521,769983,25
110526,622131,36
155984,635295,72
413493,584813,22
954861,350841,69
585577,803787,25
251449,112080,70
740572,797936,44
918316,145153,48
589125,434005,73
337678,357840,85
224015,32727,64
51154,756426,87
265735,210164,78
238242,143530,37
319926,1836,68
870503,545383,14
256183,670661,84
812127,431654,91
819177,924239,56
687702,221992,71
31496,365145,57
992443,993350,40
249425,95995,70
395840,895051,59
127981,992197,55
862342,395634,18
427570,179407,76
298593,462743,98
338331,341108,85
15148,606920,36
510841,716092,25
362174,72087,33
579359,302700,11
485224,161817,8
666322,890260,26
615217,965049,13
583347,329338,10
199666,795792,95
878042,261509,17
192523,749501,95
864739,683983,28
707240,588843,89
688205,664477,16
868935,205119,17
438702,265993,76
559778,205532,27
379815,551844,29
852769,503733,91
249469,826688,19
158355,474747,49
80248,739783,87
548855,622138,1
274131,329745,62
31437,367204,57
609077,758717,38
771104,945553,56
909992,236037,17
87934,907489,61
171181,45733,12
645968,788124,38
8780,569659,36
266679,83145,70
419425,277292,76
457135,79489,50
973621,660357,41
621917,562491,89
796794,718596,67
459440,812268,31
802520,955953,56
711307,948116,66
999523,994688,40
731868,517718,39
291460,572471,0
530835,755680,25
720245,161140,71
285686,531010,29
692001,462214,52
432737,18131,50
741444,456405,39
802459,933806,56
481562,626222,22
916344,995180,40
5256,349706,57
522843,423980,32
834547,233853,17
383804,594042,29
64335,281088,94
257650,339205,62
26523,783896,87
944697,535683,93
225906,817319,19
684041,691821,16
437205,104553,54
227023,585704,0
927636,792555,80
483970,85522,50
375920,91669,54
689699,786206,38
778954,883542,42
700110,764320,38
929667,919360,40
693790,536900,89
689671,302732,60
32091,364763,57
588211,68229,97
725931,738193,67
825905,1430,20
36024,461895,46
85707,480507,46
896083,475724,21
496488,484992,7
270452,499604,98
856801,265823,17
701401,448395,52
181621,516063,6
471253,353866,4
426556,139335,54
807829,196520,86
917499,414711,21
61287,57642,24
801934,106334,86
168787,804843,95
11445,369362,57
873568,68453,20
504581,497687,7
631514,871624,26
385919,146647,54
696861,154459,71
993785,552813,93
134521,903590,23
649209,260288,27
668817,816167,26
335527,209680,9
91962,616759,36
874581,87120,20
239494,183354,37
644236,679626,16
486406,28899,50
710768,888546,42
802102,941875,56
98658,146707,34
706142,136080,71
100530,615176,36
264690,661300,84
475871,975311,77
54017,877335,61
379938,625605,81
552031,1560,97
233574,694353,84
992915,933750,40
543142,587734,96
60186,551112,46
549654,48470,97
638135,150104,71
799005,882166,42
567202,973949,13
164509,912175,23
940300,637523,93
859625,732878,82
491094,817193,31
570139,335243,10
439680,703920,92
796198,709476,67
176797,432529,79
524753,534328,96
464790,729573,92
949714,859153,80
791328,861322,42
251471,484224,98
362398,831006,59
732089,227292,90
98435,405506,49
354965,901937,59
871217,556512,14
299646,158634,37
169590,310911,63
482435,296743,11
368680,416030,85
218897,3468,64
298655,510029,98
67452,667298,36
282552,854794,19
534360,991410,13
644262,120634,71
509230,633199,1
187052,789607,95
933293,858954,80
446588,819879,31
716135,94644,30
693680,681464,16
368547,170973,9
552065,571954,96
839112,965840,56
873180,542780,14
507600,246409,11
399616,352466,4
902603,63379,20
222748,735494,84
448992,219589,76
646993,12210,97
216018,628218,0
469413,432828,32
541675,939586,13
633266,306340,60
666378,828446,26
707571,153047,71
267912,801923,19
932127,269160,69
785977,918159,42
503424,61040,50
902341,654848,28
38989,302344,94
498881,696893,92
689007,156253,71
151924,397182,49
438673,780594,31
454620,807844,31
439983,795013,31
785074,749591,82
380864,184302,9
570255,292399,11
357436,438052,5
351988,878070,59
738440,973795,66
582230,545129,96
986663,861096,80
440710,25186,50
308152,119321,33
438219,152999,54
463220,349622,4
104110,779896,95
724160,972539,66
470074,548581,7
4486,400673,57
122386,949800,55
303924,61633,33
870615,441775,91
914552,885072,3
408293,195417,76
381698,211104,76
39517,175498,75
597726,986537,13
734726,544436,65
348383,277859,83
990287,760008,41
460086,671700,22
271231,587133,0
949957,931784,40
504758,469649,32
396571,169858,9
811065,579080,65
601400,735886,25
44774,532076,46
610747,831990,26
264089,547925,0
978352,177074,48
97843,463341,49
378099,725730,99
345329,958603,58
248968,406783,79
807434,556127,65
839620,500620,91
935755,236319,69
814865,443082,91
895654,259162,17
738184,662687,67
780858,887030,42
313394,224970,78
86677,780612,87
752053,769944,44
464647,334626,4
71165,74508,34
264458,759002,84
550863,361216,10
970389,337856,69
359002,756559,99
494418,699943,92
943422,106997,48
315055,133490,33
577684,135346,97
776487,427867,39
164726,554262,6
496929,885865,15
743667,827247,44
557002,546839,96
733646,389960,2
60428,614203,36
918520,573909,14
688724,392475,52
336424,282852,83
900423,420224,21
720208,549713,89
27525,620819,36
109094,554558,6
465264,704534,92
114303,103995,34
854656,217504,17
596911,289522,60
4781,358404,57
707352,475225,39
109743,459680,49
851583,559585,14
952423,382795,21
643621,338934,60
473830,674079,22
261513,250141,78
130697,631121,72
266254,939642,43
566372,30669,97
466522,849075,31
414219,780996,31
209325,126657,53
725409,964372,66
204667,854535,23
177780,955489,55
919241,690099,41
495455,126293,8
613258,29503,97
871798,319657,18
481145,618702,22
532360,391031,10
60686,950043,74
379302,944826,58
696410,573070,89
601486,188413,27
669027,346244,60
323331,234650,78
775316,746426,67
196615,514219,6
491173,147911,8
940257,908176,40
721611,117297,71
426649,705571,92
544606,200413,8
357850,392564,85
830532,767373,82
245667,940960,43
715201,391097,2
174073,647322,72
548043,971243,13
696372,925877,66
215634,161900,37
55018,692313,87
712377,927157,66
736419,9442,30
702278,193423,71
873701,299579,17
34149,951728,74
693823,90131,71
832839,531748,14
92617,615242,36
375174,558060,29
315037,842529,59
397334,996283,77
540533,740281,25
919056,576565,14
343349,683385,81
665875,370513,60
214538,748167,84
446293,846754,31
396340,293551,83
723051,330260,2
694860,516403,89
187296,898200,23
62859,473736,46
89044,570969,36
282264,12729,68
946365,557043,93
228743,489589,98
526077,787772,25
90832,613466,36
524275,492640,7
809019,193754,86
435362,129505,54
599866,953626,13
608512,275670,27
195504,844361,23
176793,362577,63
840003,933959,56
49911,856005,61
892507,374373,18
98489,310047,47
966367,742655,41
818864,662743,28
726565,387198,2
638107,672312,16
548576,932851,13
435298,66872,50
925143,885400,80
928200,271243,69
793021,314549,18
640995,213778,27
977363,555885,93
772577,705172,67
829628,567413,14
525039,331274,11
737436,99259,30
247223,87075,70
474772,494537,7
692599,516586,89
266871,307844,88
934273,338196,69
70992,164320,75
727164,453575,39
251208,60588,70
310708,79585,33
587223,463827,73
549220,753440,25
81967,628838,36
883188,745269,82
738993,263774,90
252134,618627,0
279758,899576,43
184474,455079,79
515722,746013,25
252630,954000,43
891029,525111,14
545027,275310,11
150651,2932,12
294089,760183,99
408843,427214,5
199685,114638,53
727531,622335,65
598898,686753,1
261990,281647,88
655805,124417,71
76785,539114,46
891933,733319,41
906484,293005,69
545655,831439,15
3921,905456,74
5526,882332,61
369770,735118,99
141150,313866,63
158647,389433,63
207380,435936,79
778949,800379,44
979574,702166,41
313365,734695,99
33476,640808,36
73189,99124,34
985379,271688,69
269841,230461,78
362685,654859,81
231651,368074,62
235097,287191,88
820091,274543,17
249241,9917,64
678295,115614,71
125262,280675,47
313908,856657,59
850144,379250,18
65252,690552,36
113330,747760,95
609669,721912,38
190006,433261,79
828784,379513,18
481946,68224,50
642831,69959,97
808594,54329,30
113497,553255,6
565972,294944,11
126846,906555,23
471429,321953,4
80407,412935,49
201160,909171,23
437240,709054,92
74241,785185,87
605176,201206,27
672562,764634,38
207786,266759,35
434289,103170,54
980116,815910,80
15355,87549,24
442900,826637,31
293995,178349,37
517254,501914,7
669621,331681,60
572627,152685,8
177783,14391,12
872634,375753,18
296348,732522,99
500094,87285,50
7657,704407,87
979880,855337,80
659977,236226,27
250389,302308,88
902957,15090,20
632960,159258,71
656166,187857,71
320460,984458,58
788390,486668,91
441296,874194,31
590725,325379,60
651586,222481,27
242704,129406,37
939541,869561,80
717435,943433,66
289923,747777,99
896686,607217,28
503987,509549,7
1682,269753,94
749156,73985,30
479922,62532,50
980282,610942,93
105635,416264,49
164514,990134,55
188208,222138,35
473590,627330,22
543549,428615,32
741584,806742,44
915616,768114,41
702680,955289,66
549590,963876,13
868379,853343,3
146423,932871,55
765242,436944,39
734316,657662,67
329395,152620,9
99952,893283,61
418872,996885,77
657946,111299,71
609638,196207,27
665238,668164,16
840772,871409,3
774441,34308,30
620934,51083,97
552081,836282,15
396369,779991,31
322735,223456,78
635159,131277,71
376563,909277,59
220471,462544,79
991298,759093,41
87453,832851,61
741322,411507,2
214559,108407,53
999143,604129,93
603262,36722,97
195439,746900,95
158912,850667,23
166604,115325,53
279049,977652,58
408719,356568,4
852463,347729,18
286178,796032,19
910094,951507,40
987254,793666,80
152247,829269,95
528978,544597,96
44935,228151,94
537233,287012,11
813435,402472,18
352614,388736,85
488699,565002,7
995051,822396,80
13678,886824,61
857035,191593,17
108236,122851,34
756995,824486,44
150788,309716,63
399455,650874,81
241976,906605,43
325059,280044,83
708504,841474,44
656512,6583,30
640576,162587,71
612522,674038,16
560270,464324,73
893828,579301,14
321782,196547,9
368760,752038,99
508559,365599,32
628076,74059,97
714313,465553,39
562909,827049,15
219854,97050,53
135472,891008,23
175929,855071,23
188255,16365,64
59868,211032,75
817586,180635,86
938772,941440,40
785949,446675,39
272453,129615,37
442444,158165,54
280727,193529,37
651742,843516,26
984877,840599,80
951422,551836,93
711018,91314,30
725873,755499,44
678151,685964,16
8159,142032,75
132353,464406,49
284504,660414,81
587088,197138,27
311943,828816,19
913459,516004,14
485725,589431,22
581964,80122,97
626225,979941,13
871247,54104,20
340678,789414,99
686328,119098,71
688543,346397,2
908514,402216,21
58528,682053,36
272175,455770,98
127667,704592,72
91144,861484,61
977341,175070,48
406881,461404,5
831509,179175,86
408950,234339,76
538043,894743,15
960292,642988,93
712940,382726,2
482845,180348,8
114864,521113,6
355929,99462,33
661398,131774,71
740526,28087,30
72247,272030,47
10248,251930,94
198355,767121,95
17276,362470,57
49752,191072,75
354880,472929,5
518018,336337,11
830708,721522,82
630718,481481,73
252647,245298,78
727503,155203,71
502937,871887,15
811566,3548,30
638851,172409,71
678430,374539,52
877053,644820,28
501485,464392,32
40094,866828,61
788481,12168,30
523886,952386,13
757139,249761,90
738267,64984,30
195586,226239,35
409432,327501,4
317846,46767,68
16563,382757,57
998970,702863,41
19046,121363,75
756934,800922,44
112704,223258,47
300602,220496,78
883752,223518,17
681928,178903,71
832802,905771,56
305708,34757,68
161672,236110,35
302437,72991,33
760684,831855,44
998637,93618,48
439369,475287,5
162233,661430,72
655312,829326,26
490510,14172,50
203609,66059,53
254487,174726,37
620893,363857,60
350442,888545,59
786935,21641,30
735543,282751,90
203236,793177,95
928064,975354,40
788256,226468,90
248845,346382,62
643177,876585,26
771289,66630,30
864525,82475,20
174043,154096,45
905097,968233,40
106408,401808,49
188752,363141,63
321696,753521,99
431382,242732,76
597235,742365,25
933300,987721,40
637817,794245,38
886756,714001,41
229172,706534,84
729733,634738,65
54282,331635,57
796682,838679,42
688114,147061,71
664881,667225,16
57874,690168,36
657937,960117,66
694185,168199,71
920640,203439,48
206170,110557,53
144705,65636,12
158263,941452,55
986022,78691,48
566910,61587,97
104101,630804,36
929296,691151,41
185061,332708,63
831986,200734,17
749530,353269,2
404256,347057,4
988728,551931,93
315847,440924,98
619610,799650,26
731251,142957,71
694893,67684,30
577555,981491,13
919501,65172,20
355170,346690,85
834055,972260,56
779262,59879,30
398575,857604,59
750971,571883,65
642750,704931,38
776813,907664,42
109388,488309,46
18447,55251,24
616118,103227,97
944677,190610,48
593289,423058,73
341075,451556,5
307720,860379,59
402792,727874,92
383161,802457,31
896709,992447,40
56994,914718,74
678475,138713,71
358225,704085,81
559016,390220,10
434006,350200,4
818301,192531,86
872938,478734,91
91124,537121,46
393711,112491,54
652164,923250,66
68032,415056,57
860760,794799,82
190971,651142,72
748752,284219,90
871819,665261,28
58332,394125,57
63536,859468,61
79395,393250,57
366335,994811,58
800002,641310,28
509060,787132,25
338856,158585,9
354169,520302,29
719521,998148,66
882981,277365,17
687378,767482,38
85428,791894,87
369500,194908,9
834106,821170,3
420066,57967,50
261084,54311,70
815993,407314,18
740859,627479,65
45850,611005,36
164433,637471,72
986132,931881,40
136689,334619,63
951539,519416,93
837109,291735,17
203639,570053,0
893430,890659,3
313439,975644,58
665164,420696,52
638107,672288,16
153963,666035,72
59348,468570,46
268265,744266,84
891606,233354,17
988942,164043,48
82746,720882,87
873647,395500,18
183476,691724,72
806534,417166,91
324512,78816,33
677118,332329,60
455914,548574,7
893985,218642,17
730842,268588,90
163299,576881,6
647679,550837,89
928598,956074,40
742461,555660,65
981977,87476,48
214692,338468,62
639572,295846,60
289153,798885,19
863909,733934,82
229066,927139,43
429759,964289,77
818938,905304,56
455037,821781,31
684952,995527,66
822753,18389,20
70937,240041,47
377460,976235,58
587928,315384,60
668721,204499,71
21890,916891,74
187595,925093,23
47259,283392,94
986079,33093,20
205561,863813,23
111738,997105,55
345191,640965,81
700689,491511,39
826568,128578,86
17854,84332,24
369419,833065,59
338204,205871,9
86560,829287,61
829949,961778,56
603205,77624,97
634115,581481,89
961196,824024,80
375197,938742,58
444591,241006,76
598401,327478,60
934315,37459,20
577749,233042,27
740501,607937,65
597629,355913,10
836566,175557,86
593397,223945,27
843815,14220,20
996326,265544,69
6362,929288,74
548836,301922,11
405529,737987,92
361289,195685,9
893968,928245,40
21213,533108,46
950154,248537,69
167070,960353,55
653279,662935,16
962557,711074,41
37491,118308,75
416531,644500,22
113898,297950,47
647953,161163,71
682686,916851,66
527574,948806,13
583622,941817,13
126646,548033,6
791941,165645,86
7945,541111,46
464490,700059,92
900155,921713,40
246499,922173,43
976847,873194,80
777344,826649,44
493520,602720,22
919338,328377,69
37572,477177,46
928073,129776,48
160354,75080,53
874598,376743,18
926882,113907,48
451018,264014,76
290055,961966,58
778481,931340,56
47409,819754,61
620922,850305,26
81664,537346,46
185885,169283,45
143769,340872,63
39713,461281,46
765011,546981,65
112862,877555,61
78375,254308,47
158693,166552,45
252053,266403,88
443798,923218,77
531980,997333,13
185426,471313,79
364579,479593,5
521854,803166,15
823094,744740,82
850538,8553,20
754085,911901,42
331625,637908,81
331571,722943,99
511835,415936,32
642212,663744,16
561657,771752,25
845337,587539,14
768258,126663,86
839033,629980,28
82735,537150,46
892533,804957,3
912979,448058,21
520675,997756,13
296419,916393,58
826693,237557,17
637163,806109,26
279119,153298,37
489103,365647,32
440680,511064,7
459311,650101,22
252403,140406,37
815311,941738,56
801994,119700,86
813133,337567,18
489177,604029,22
927973,452405,21
586986,475611,73
602374,104119,97
937191,370627,21
128304,420426,49
104518,646213,36
903370,945466,40
448965,761747,92
686386,100861,71
183301,744829,95
357013,322779,83
955738,99845,48
98853,434807,49
808612,355699,18
239105,647397,0
806602,562955,65
588234,453591,73
515082,988653,13
299751,927433,58
367399,891753,59
705501,356234,2
239586,734517,84
39232,387669,57
566603,897052,15
764621,990346,56
752391,451622,39
426554,107959,54
472837,974783,77
189120,550857,6
253909,455776,98
233284,807043,19
984967,345015,69
671210,29289,30
273977,740758,84
936506,859806,80
769486,758280,44
415389,445375,5
425057,947097,77
873878,269749,17
677052,216343,71
88089,518866,46
595724,339958,10
683586,35628,30
806727,664484,28
983568,839102,80
789856,114476,86
1505,300734,94
442308,883352,31
507226,950580,77
404398,718290,92
307779,852450,59
132817,258515,47
873884,377471,18
163168,367998,63
948505,527122,93
349965,862056,59
577549,871358,15
919746,187078,48
230513,246126,35
640385,960420,66
794966,856,30
400143,216369,76
523783,227532,8
144010,392802,49
835693,493531,91
780511,63272,30
414481,192619,76
350510,23909,51
842323,930127,56
651531,293115,60
393437,508606,5
153675,825653,95
751977,489347,39
462525,658177,22
984679,502519,21
848636,36629,20
632701,807515,26
910598,426925,21
335706,220836,9
598261,986447,13
219588,617878,0
691638,364220,2
449727,575290,22
904654,535703,14
562839,650636,1
248767,38650,64
599542,516483,73
544796,390629,10
317204,256418,78
631908,479756,73
265035,455599,98
266550,909230,43
431088,298157,4
127291,389487,49
118353,171400,45
727242,758435,44
20474,113536,75
212603,230009,35
776523,24510,30
948005,126000,48
689736,396209,52
97237,273565,47
808693,708338,67
46568,670837,36
767552,257364,90
523366,221656,8
382963,465770,5
207650,974987,43
618400,463487,73
837935,184081,86
853701,153717,86
524453,498005,7
977355,415504,21
379271,412508,85
22212,321476,94
54113,491993,46
941010,559627,93
660749,210311,27
703306,469124,39
572652,575238,96
34503,901341,61
851907,11669,20
121777,718396,72
85022,979533,74
11802,365073,57
789225,505339,91
242796,683363,84
293528,328704,62
535729,9490,97
512205,644505,1
201679,625781,0
517247,381043,32
200021,763085,95
179990,95470,53
572110,457338,73
485947,322062,11
899263,926437,40
633644,658480,16
75982,42916,24
290094,624249,0
769189,764915,44
938873,648919,41
385188,859818,59
971735,957801,40
768125,882084,42
196007,290390,88
600850,491762,73
54771,550160,46
548775,276753,11
402198,752438,92
239159,548024,0
649110,601012,16
210815,176204,37
462408,694909,92
335910,640631,81
87093,776822,87
63933,524404,46
659777,885632,26
818681,574191,65
443079,836478,31
701945,606343,16
809039,527776,91
336622,609051,81
328846,926552,58
567626,92846,97
462755,535665,7
934899,847742,80
11346,703965,87
553016,545128,96
967058,358936,69
649378,106605,71
726222,626559,65
591455,596883,96
825724,943918,56
431406,641884,22
155968,369402,63
548679,649596,1
775279,116717,86
666181,509995,89
501558,695988,92
484125,698355,92
266491,928484,43
36242,128416,75
303309,728665,99
685837,869408,26
152977,87930,53
849605,317700,18
588770,469592,73
441636,586638,22
627677,383233,10
6927,430766,57
895927,853647,3
259789,278292,88
258104,959287,43
741646,861008,42
976443,94251,48
86001,431539,49
884702,202992,17
697794,834284,44
822356,347223,18
786475,285823,90
839609,314134,18
653339,672701,16
99521,665349,72
536162,280046,11
749710,387928,2
918533,799527,80
660081,982703,66
302427,896772,59
55847,622421,36
32266,306500,94
354329,218709,9
844268,623556,28
110067,896549,61
311477,998439,58
777968,323884,2
524934,575194,96
288533,377064,62
330622,774344,99
412543,623551,22
27428,989044,74
874880,111696,86
288709,333835,62
780831,442648,39
597783,954776,13
932186,256872,69
249454,576636,0
526023,884703,15
208533,826548,19
802852,546649,65
546427,809578,15
593412,475828,73
255989,415909,79
192172,846313,23
988814,13216,20
130884,777447,95
561692,368849,10
257808,984385,43
562773,537507,96
892235,804885,3
708579,97841,71
417643,328954,4
746253,287209,90
130704,746279,95
713269,916352,66
144414,167801,45
231990,63558,70
229663,948312,43
280595,976225,58
417908,788474,31
898702,489033,14
186425,247527,35
190353,267984,35
12138,14921,24
786947,231826,90
314382,819284,19
711179,790105,44
295972,405567,85
379092,410743,85
361258,678175,81
89265,281920,47
239890,832301,19
492917,470334,32
916532,164813,48
20227,971563,74
74371,958528,74
991254,21153,20
520947,562627,96
79033,321459,47
771840,318588,2
523854,425319,32
344797,9338,51
945133,855381,80
389183,6560,51
265074,111050,70
424769,99358,54
920986,21523,20
740187,329050,2
359526,566092,29
322584,673922,81
622218,630308,16
592288,588483,96
638014,114277,71
663402,803335,26
660286,429084,52
625125,478427,73
934690,339251,69
804762,638473,28
826726,787501,82
534460,680889,1
706589,641537,16
313208,96739,33
906605,310909,69
459723,574082,7
602035,413347,10
128374,583909,6
775179,444621,39
749282,188514,90
359523,508482,29
72925,663146,36
498597,930673,77
833717,293063,17
514833,813434,15
388995,844543,59
236371,693171,84
139819,947332,55
811567,8635,30
138413,315868,63
801015,673243,67
200525,223821,35
763551,7056,30
590476,143178,97
409123,139643,54
995757,702449,41
62265,496860,46
742088,285157,90
643041,592123,89
811695,162319,86
101568,55246,34
520268,159936,8
46296,102444,34
792933,829903,42
185660,395368,79
964638,676483,41
652849,435565,52
550568,397819,10
152064,754179,95
490488,635032,22
987000,521830,93
407496,798676,31
362071,334469,83
428098,53461,50
524284,646999,1
128815,997524,55
391913,897729,59
131898,814592,95
857323,38682,20
143491,655835,72
625899,492098,73
705739,357787,2
326824,935308,58
723834,481253,39
427939,385921,4
184573,128983,53
817850,612324,28
342845,210738,9
881800,427627,21
130671,190591,45
267235,427266,98
67747,628410,36
691842,801718,44
477036,544904,7
215598,561719,0
816658,586970,65
209710,606022,0
413297,298958,4
603735,989949,13
79590,675763,36
550824,712230,25
462383,277724,11
714113,98931,71
741811,619232,65
444505,811136,31
776045,990718,56
13863,995951,74
953366,228704,69
835594,833887,3
140233,909858,23
984806,637788,93
303375,836684,19
148193,692898,72
545404,609567,1
996409,659240,41
861061,858248,3
588379,893258,15
553,302109,94
553475,261748,11
200798,827698,95
130502,349047,63
447881,536121,7
588399,229221,27
523185,171775,8
27688,360948,57
461790,311938,4
756203,505861,39
9825,129801,75
575003,78633,97
600173,119382,97
467887,790558,31
921829,195578,48
92933,926286,55
102048,130149,34
422412,484742,5
71809,896248,61
247182,394950,79
930477,537869,14
968182,245945,69
611228,917209,13
533037,760546,25
504739,158097,8
140300,33192,12
866613,180893,17
274111,983804,58
798125,100753,86
355945,381289,85
337149,479427,98
731777,976307,66
792547,348660,18
928703,715504,41
489538,676932,22
200834,424584,79
991452,344550,69
858842,562249,14
729703,133921,71
819681,391462,18
316090,530390,29
270822,715025,84
432784,810919,31
124769,8727,12
684872,656654,16
390260,104710,54
875568,683202,28
591536,959650,13
843084,720645,82
885627,737099,82
424288,13200,51
867503,136263,86
175784,415960,79
41967,350887,57
370304,703190,81
530290,584858,96
713165,178672,71
940850,873719,80
601849,286603,60
940481,679218,41
626374,474533,73
488915,205711,8
401028,84201,54
175296,214159,35
386127,641387,81
791552,621400,65
871793,238403,17
855829,924247,56
826691,201572,17
826413,532837,91
405812,489540,5
714764,54502,30
20711,106190,75
741376,307548,2
975924,361745,69
852747,125140,86
240505,174832,37
416873,392404,4
148569,3519,12
147042,337802,63
439983,800248,31
783854,249551,90
217802,605584,0
53951,765247,87
517932,887348,15
661536,440960,52
227993,889612,43
710972,310963,2
356093,860033,59
590797,530256,96
25609,417438,57
889163,178373,48
925235,435272,21
619462,304408,60
195946,276109,35
566582,553216,96
914974,981726,40
876146,388581,18
892621,296835,17
909231,445786,21
326123,154086,9
734435,655225,67
376752,77031,54
666373,739124,38
466795,429505,32
693956,329443,2
950934,348955,69
902963,108279,48
853403,151829,86
803287,847353,42
467492,144703,8
30574,868973,61
829608,233431,17
281467,629755,0
301707,790169,99
382906,505122,5
601844,199714,27
607957,948931,13
692609,692664,16
604029,916382,13
644941,535503,89
214766,574095,0
825564,264114,17
971981,90327,48
140247,137941,45
390566,243692,76
744170,272283,90
275760,714148,84
699847,344722,2
751476,60285,30
212392,681330,84
123396,925688,55
53287,608609,36
901716,144058,48
184126,621452,72
747658,895350,42
158646,377811,63
873764,362032,18
683503,641032,16
825182,840911,3
199260,979533,55
14526,140223,75
739877,115585,71
645795,881160,26
665054,573625,89
930878,282618,69
970928,401402,21
377619,656876,81
121896,716710,72
760007,442054,39
608636,356569,10
857229,454242,91
449819,113962,54
365341,297652,83
637426,222279,27
843758,57242,20
81743,869167,61
102831,282566,47
95369,874429,61
543409,90667,97
852745,95658,86
737657,809584,44
681826,458221,52
329314,786449,99
863653,428241,91
451844,147923,54
142381,3093,12
984662,215605,48
673323,545517,89
518864,560591,96
866827,771295,82
155186,214598,45
756696,800286,44
415388,428290,5
278066,460679,98
640640,238870,27
689148,517946,89
126412,614812,72
161132,154923,45
797646,38277,30
335809,957734,58
648046,719996,38
984715,118110,48
84900,928852,74
217477,147341,37
364358,768258,99
118876,958933,55
802684,725854,82
433749,28142,50
995563,442586,21
548134,501244,96
413189,477128,5
105874,427443,49
43231,585471,36
12472,619423,36
654726,981077,66
967103,101831,48
479304,674999,22
714045,958269,66
635340,165944,71
22378,117352,75
350474,426084,85
196838,261986,35
202554,334918,62
977030,958552,40
393412,90396,54
300428,299656,83
323528,539249,29
159444,782065,95
169668,619777,72
599049,219616,27
99443,343280,63
515300,650995,1
276175,682348,84
237983,787733,19
437784,837347,31
304980,808332,19
645195,801329,26
938495,299800,69
749170,309003,2
428162,134752,54
785094,78314,30
231041,119045,70
793097,581905,65
81180,406022,49
27826,685708,36
709456,828054,44
108689,751596,95
84450,356691,57
908231,641616,28
647369,343484,60
945879,398898,21
290685,546575,29
297761,481631,98
786677,681881,67
374329,353567,85
411834,696195,92
964449,500440,21
908429,972949,40
364581,526903,29
667783,437339,52
363141,322690,83
458820,393258,32
491298,258674,11
550181,907967,15
203540,908460,23
500243,591520,22
679881,761771,38
97192,519361,46
