x,y,cluster_id
242578,13469,5
383138,414652,93
67768,993126,99
484308,765337,20
31833,30935,43
932640,887879,10
591329,478778,64
833354,186335,51
735652,115053,32
698658,355604,49
638300,908210,40
294000,264971,97
377493,541620,76
9281,999465,99
12901,842497,70
852470,467010,53
53607,976747,99
196754,856972,87
144213,800662,46
729397,985790,45
183405,499760,33
469862,970991,77
450770,95791,4
974081,390235,85
680670,26669,59
231241,468739,81
97960,415410,35
796294,316402,30
778534,828493,24
487140,369048,9
602845,24264,90
811111,355792,30
806109,274877,51
859817,951019,86
777276,680837,38
835185,961129,86
705424,73751,59
536857,957185,77
418065,418776,93
381617,836927,88
240062,726211,7
431612,116690,4
223913,309587,61
244801,377033,61
807539,314736,30
775229,283334,23
996348,632867,95
600910,509480,64
834128,199442,51
35980,730005,70
197911,293197,62
770346,214750,51
309220,60662,5
557590,416916,9
115944,685545,66
959950,893088,10
136133,997800,91
27973,148064,48
522975,641339,78
989146,578132,79
680530,674978,80
362046,914709,2
530369,917610,56
283108,208988,97
471815,806578,22
161689,514298,33
813117,64168,39
479624,43309,4
902915,294501,21
685730,66033,59
821219,242774,51
310257,492554,36
356179,307990,0
396981,70916,4
886516,684032,38
528226,902819,56
686503,63316,59
152140,23765,74
418942,174793,65
752751,490316,69
747743,329274,49
117577,118127,94
374985,376969,93
728744,14480,59
382012,490499,41
827576,79664,39
923967,118042,60
938251,195973,34
726117,857863,24
103637,838910,46
565110,810400,44
406969,934977,2
160874,816054,46
431739,248100,65
830522,596218,15
645779,608168,58
495466,304382,3
755627,828610,24
455550,438144,9
897430,118944,60
98993,780745,46
997533,539816,79
698849,561277,42
384785,92576,4
929386,192648,34
841254,969376,86
318446,127999,12
288386,909935,72
279052,41813,5
755507,809000,1
866244,973541,86
313587,467795,36
243042,823442,87
599615,743697,44
327666,83176,5
951140,823081,10
527120,310801,3
646964,528517,58
786098,952490,86
515310,819254,22
207082,441170,81
757169,750570,1
841330,249551,51
217528,1761,74
607765,712493,80
871078,223776,16
14974,680695,50
452619,175360,55
288399,131390,12
272306,650010,11
719640,990750,45
535380,148002,55
469616,838895,22
313226,398227,13
5279,739131,70
580105,833601,44
347811,666053,84
354997,440055,13
14917,711650,70
706767,635577,27
146365,957588,91
183773,679719,83
48126,868372,99
730391,687771,27
373259,371670,93
663645,885499,40
586741,364693,75
406085,74556,4
75646,387667,8
531298,530090,17
229012,19601,74
439383,726733,25
208291,749221,7
166750,575130,33
211249,463602,81
769233,500985,69
67848,329471,8
430095,618497,28
83209,503956,47
994746,709053,14
62870,660778,50
710643,782564,1
561766,616936,78
851959,876326,52
416611,994392,2
751597,103922,32
622708,854272,44
763144,172256,32
113940,992884,91
414314,380142,93
62500,450930,47
789565,228458,51
697292,386877,49
247648,231501,97
849283,902588,52
803927,613533,15
663457,738469,80
452902,931007,2
436138,171789,65
273068,465220,81
955457,369525,26
607397,533230,58
999677,575269,79
555215,505000,17
540809,380896,9
724384,729940,1
104473,885740,46
639572,287519,57
332946,834822,88
860169,869593,52
256492,871667,87
117700,192914,94
305697,859094,88
796018,674653,38
900226,112347,60
221747,915444,72
880066,285789,21
257319,771158,7
861762,644236,38
684291,882927,45
369671,66247,5
417820,301777,0
980466,702029,14
7364,783108,70
703318,672688,27
870522,869668,52
524434,177186,55
980344,642136,95
393063,217912,65
447246,868568,22
31640,773725,70
9819,42467,43
744825,278843,23
523351,969780,77
102327,819686,46
470454,926986,77
854907,426604,89
934752,387852,85
632230,906357,40
147351,540271,33
343122,859703,88
37949,811880,70
271485,855588,87
870383,540877,53
534808,524330,17
423039,21274,4
554457,763045,20
498689,467937,54
617602,46054,90
32396,486973,47
571333,395104,75
522923,772502,20
453133,808894,22
94785,52884,43
826935,303685,21
42690,506413,47
285958,109358,12
982686,19644,29
173411,524345,33
675854,86444,59
873180,538256,53
478759,506532,54
299840,413003,13
344194,871591,88
838942,102171,32
196498,555389,33
424329,714240,25
233338,727393,7
302701,508484,36
92123,325340,63
998452,999447,92
711751,399947,49
915277,68584,29
703078,646216,27
966967,821532,10
497813,752719,20
952957,363209,26
467852,199519,55
319607,637251,84
293620,877284,88
523256,367777,9
237859,699470,7
999000,202858,34
442180,722977,25
79262,168652,48
539282,715609,20
251904,750679,7
674102,637241,27
116274,231005,63
506655,355788,9
732259,84308,59
967997,128374,60
585623,581955,58
922186,193661,34
864539,311585,21
811253,744298,71
429059,196341,65
917628,585903,79
274474,86126,98
521532,393337,9
826258,922274,86
661199,778269,1
376760,214791,65
994520,904005,92
626417,198418,31
813554,408777,30
327680,324291,0
367317,511847,41
620384,803852,44
341576,879053,88
250295,716161,7
534048,751257,20
386673,821553,88
854750,796623,71
844887,19776,39
383249,271130,0
883418,620394,15
964801,416189,85
902504,390258,89
74399,429715,35
223790,239575,62
552139,814155,44
516846,642578,18
822119,358702,30
709654,167894,6
807477,278000,51
359047,513118,36
989323,555229,79
734375,650304,27
661679,842450,44
72134,360306,8
669352,806694,1
106581,312340,63
513709,915202,56
801957,495907,69
725267,570966,42
239062,924139,72
4986,808315,70
353592,834880,88
839796,454535,53
374671,108680,4
592807,314266,19
880309,355704,21
327136,184438,12
855266,459639,53
154120,306519,63
672925,858988,1
25724,353126,8
998767,287106,73
403714,223334,65
576057,802292,44
127505,976868,91
225842,738540,7
646862,809815,44
561670,1315,90
111739,2849,74
893928,255271,21
349886,542663,36
542610,659326,78
304556,687893,84
434005,323590,3
589821,134435,31
462490,70127,4
629891,585425,58
253674,504712,81
696317,16186,59
52367,132880,48
315584,25240,5
210313,743236,7
574919,671006,78
608211,212948,31
31110,873539,99
579454,892040,56
521551,712622,20
41863,596998,50
751981,550487,42
35726,446954,47
959509,480178,96
357800,549171,36
923869,471037,96
731501,345154,49
16405,722120,70
675589,628740,27
237498,636867,11
829868,607283,15
621287,975722,40
973083,621237,95
132736,906385,91
616378,468377,64
14476,303459,68
245720,816957,87
608290,539205,58
424689,751438,25
430810,628092,28
345266,893285,88
456783,165931,55
810127,812538,71
334136,834506,88
549359,88853,90
352562,523797,36
458504,87214,4
817071,518386,53
520241,704018,20
443985,70005,4
588148,7255,90
937220,858295,10
379421,943657,2
52889,905543,99
469229,342547,3
188338,400091,35
335425,498812,36
536861,26511,90
579792,570720,17
104485,89116,94
780534,447421,69
815274,324253,30
733585,370990,49
235025,68069,98
47294,877899,99
859542,324578,21
186882,928701,91
689450,600241,27
266814,354545,61
842451,76321,39
733023,918199,45
184514,137053,98
455505,682579,67
107825,225534,63
556607,898878,56
458725,805522,22
420218,606961,28
197918,418513,81
953410,967169,92
215132,729668,7
532081,695311,20
97791,579595,50
262600,528353,36
31083,414922,8
596607,175765,31
82470,85277,43
252503,829532,87
958437,460401,96
966716,608715,95
679522,741861,80
466695,750819,25
22240,788280,70
625487,571436,58
128128,461503,35
481417,186445,55
589343,103250,90
330431,556650,36
624015,829410,44
905440,730891,14
89809,423409,35
243339,806022,87
817059,316019,30
347653,17202,5
127524,307548,63
960467,574613,79
532236,291130,19
25211,730439,70
503756,634589,18
538167,985049,77
730439,490467,69
283424,520330,36
197125,91670,98
697768,401666,37
808041,751828,71
983132,511241,96
432666,828883,22
48384,205276,48
80313,821012,46
757363,8609,39
707157,189128,6
680946,675023,80
127441,915777,91
464064,524562,54
320625,760533,82
294147,739293,82
312291,675442,84
165789,427107,35
397577,92002,4
290437,384309,13
82044,925550,99
721616,213077,6
186101,803504,87
504920,205865,55
980372,124577,60
776937,996788,86
17328,239384,68
332762,745003,82
267561,910812,72
19009,497406,47
906774,166610,16
230936,355255,61
779472,588468,15
394199,317563,0
290800,475775,36
362539,193552,65
44196,805903,70
813759,851464,24
564542,260234,19
763298,762542,1
44144,930766,99
389826,819942,88
765440,760514,1
966042,280601,73
70368,685962,66
964895,1139,29
146132,46477,74
147215,254032,63
524450,432983,9
161411,846487,46
913975,182299,16
909292,474804,89
46046,897454,99
512430,424367,9
349529,550215,36
478212,309860,3
823446,666155,38
77972,484115,47
526598,538193,17
414083,500447,41
18624,25006,43
287518,320761,61
30486,382682,8
751338,737903,1
952214,869233,10
200549,641193,83
542255,683283,78
943362,87182,60
283571,981982,72
172243,900475,91
299713,279151,97
697794,836100,1
339123,647658,84
193305,887822,91
638140,228485,31
149953,269467,63
948273,637831,95
40760,64007,43
770440,791028,1
808978,506184,53
446060,935134,2
809826,753518,71
387116,265002,0
893533,617219,15
601806,554563,58
553467,135407,31
786284,90982,32
141422,887534,91
789736,94881,32
675275,347341,49
775765,297738,23
89194,87366,43
364210,280764,0
805982,141354,32
738005,650951,27
540762,602548,78
28278,269437,68
431553,118445,4
710573,606347,27
879124,448669,89
782282,820982,24
259457,706066,7
852164,326385,21
562070,710548,20
196002,221354,62
306021,297215,97
301958,10359,5
109793,296194,63
136531,678842,83
313124,676199,84
877292,655694,38
250228,591121,11
977002,486192,96
430209,531175,76
471716,133042,55
41837,161437,48
279457,847490,87
779934,351890,30
223913,306152,61
499712,666297,67
460131,429919,9
652146,630747,58
974738,421745,85
270729,152068,12
810341,405655,30
858824,260347,21
659526,658617,80
390842,895279,2
965477,784319,10
64369,856170,46
654323,218280,6
638217,520501,64
65709,374082,8
205302,517220,33
918035,424475,89
152224,438185,35
585705,946647,40
297843,849297,88
146692,467539,35
943533,961072,92
748604,789923,1
252586,226657,97
426687,344493,93
895017,552102,79
178670,911525,91
1627,348707,8
724558,661643,27
239147,350197,61
768439,165283,32
911430,418744,89
831055,548144,15
672461,65380,59
854762,994810,86
776296,213350,51
780540,535883,42
586894,931210,40
856026,239074,51
130708,813366,46
255189,965174,72
693344,48560,59
150135,330008,63
458016,877102,22
468099,356033,3
855049,823421,52
250833,762169,7
776482,340047,30
179205,906942,91
983798,704694,14
802638,939609,86
16014,161869,48
544660,113148,90
689317,352054,49
984868,680902,95
922855,425236,89
955076,975835,92
863676,810105,52
443603,642803,28
599618,782140,44
441281,616519,28
840588,775751,71
54643,393956,8
230453,232462,62
997603,714695,14
888529,521034,53
25289,44722,43
644519,436345,37
654821,587228,58
546599,692868,78
35328,765762,70
175141,595542,33
289130,412239,13
502562,564201,17
536599,627309,78
189077,819114,87
865331,624967,15
821899,668647,38
957923,814533,10
856777,853233,52
292285,447019,13
63966,92841,43
380868,255788,0
36412,991412,99
667741,733999,80
325196,583595,36
488764,667166,67
67141,453105,47
335806,898567,88
222368,343760,61
589718,397795,75
753452,271553,23
218,666513,50
86064,492552,47
331103,860917,88
437529,555893,76
900287,138799,16
797276,820266,24
220819,307277,61
411484,813708,22
5974,405751,8
461672,330896,3
385117,664285,28
653832,955598,40
749923,957199,45
647581,895951,40
263295,210696,97
172066,923309,91
62027,503377,47
270310,113454,98
826725,781561,71
697279,176449,6
591138,271203,19
123186,389876,35
648284,724937,80
27815,496005,47
365009,710649,84
888142,6528,29
732732,42238,59
906359,176035,16
626265,636628,58
812437,629874,38
297298,690003,84
894775,491711,53
190341,69922,74
185334,911032,91
728059,491349,69
114253,261181,63
681789,835962,1
22854,118492,48
508964,170729,55
444857,724577,25
966472,504457,96
421891,732427,25
916412,152779,16
759500,932912,45
463855,26065,4
87796,603038,50
264076,325429,61
490573,73370,4
133243,423548,35
587391,294335,19
900293,241081,34
864629,826222,52
319393,42303,5
989090,639798,95
88958,130479,94
963129,319547,26
637683,550394,58
476744,645707,18
401749,208499,65
255176,755091,7
824497,334896,30
604644,259054,19
936577,58469,29
702505,2611,59
893644,477155,53
557158,159383,31
757319,269378,23
436915,244025,65
341386,678381,84
556456,363597,75
976096,261845,73
837832,455306,53
340140,738492,82
838163,10166,39
863728,683183,38
273097,950126,72
773734,164077,32
652271,725725,80
272943,365600,61
655343,351713,57
243255,402613,81
723965,680854,27
123297,261724,63
804150,361057,30
297167,501711,36
271521,465598,81
320205,686505,84
102040,1116,74
758899,819795,24
307084,162805,12
267077,770362,82
487890,978026,77
686407,447194,37
993502,791547,10
542651,338569,75
337652,918201,88
220304,659358,11
838643,89632,32
452402,525893,54
691637,347229,49
881189,156135,16
175218,898030,91
202446,516774,33
433467,286153,3
381265,933473,2
891852,364863,89
261152,191209,12
652788,414443,37
552273,60222,90
152052,547179,33
447529,629865,28
149661,361168,35
155977,515622,33
69174,623831,50
735693,807013,1
480659,444560,9
731063,990739,45
351500,667669,84
522571,854045,56
946983,952144,92
692021,812608,1
511050,224011,55
966500,978391,92
824190,168318,32
933801,405607,85
51988,766692,70
795650,499217,69
350803,954842,2
41902,262928,68
39298,496141,47
658151,545651,58
758756,412482,69
598829,521751,64
72999,895807,99
831767,524524,53
688145,665722,27
805639,387532,30
260766,707758,7
302174,653878,84
737836,820310,1
953547,269616,73
448563,15009,4
273042,21652,5
919776,682284,14
152520,417282,35
268832,274600,97
218522,701903,7
886238,17152,29
282081,937983,72
695537,894112,45
351414,225027,65
30544,369400,8
509515,434505,9
726246,31457,59
698925,838227,1
90299,656945,50
284910,495104,36
222096,768958,7
885650,129575,16
781288,108898,32
254319,347684,61
541060,609374,78
749789,707047,27
349649,565372,36
222516,835035,87
435364,172746,65
346145,673032,84
650491,814657,44
945008,765865,14
904353,475219,89
18253,782937,70
825366,939543,86
903418,749907,14
692057,410394,37
498846,114126,55
122227,272752,63
145801,483149,33
299740,744382,82
830073,38872,39
337565,463319,13
3177,407989,8
72370,324033,63
34459,166962,48
135095,541866,33
145298,37440,74
268732,595015,11
419959,266128,0
816027,971400,86
326940,881076,88
254108,809641,87
647788,378185,37
160600,220332,62
127164,246854,63
886556,346737,21
621975,539081,58
345074,661911,84
740201,573687,42
967708,277254,73
808407,912229,86
848464,150921,16
545608,35536,90
268556,622215,11
580360,118124,90
315317,532872,36
993768,265875,73
564594,145663,31
159422,415063,35
968169,19403,29
118412,165552,94
446318,280092,3
512132,404636,9
722206,119429,6
246048,329758,61
247805,860895,87
73814,600265,50
654149,291218,57
505451,130000,55
916369,427290,89
469615,830755,22
513926,568692,17
9142,661204,50
862551,907201,52
328505,197791,12
274385,597895,11
821890,507690,53
751772,35476,39
258163,962228,72
177659,927442,91
532199,682958,78
486770,152062,55
719304,358104,49
657716,242012,57
511020,725362,20
167867,340893,63
389685,436554,41
168204,4930,74
865417,75490,29
772478,47852,39
256073,828780,87
314452,8313,5
721180,884284,24
175914,600878,83
972434,711106,14
562233,463928,64
242174,218545,62
91632,73475,43
895381,682700,38
148105,206138,62
574866,777720,44
148148,932684,91
622352,886595,40
15845,313634,68
260497,179452,12
64106,436877,47
606106,827812,44
44174,442853,47
38842,831778,70
702222,253625,23
684563,456885,37
867658,729092,71
855769,925571,86
78773,940038,99
234979,302275,61
337800,408333,13
861433,115931,16
468418,707094,67
134634,805523,46
436332,443267,41
989277,779134,10
921152,804133,10
79997,512120,47
203381,227984,62
728568,57905,59
220248,712328,7
108589,67620,43
493188,26330,4
535295,713444,20
856125,894547,52
661345,229144,6
224344,555068,11
35232,161004,48
9371,502253,47
372830,154043,65
16201,300869,68
720729,295774,23
84228,635636,50
135320,335573,63
983496,627689,95
581780,989074,40
382185,391124,93
625693,35387,90
753161,377106,49
29806,965724,99
925212,50386,29
854117,145873,16
699758,848907,1
591717,993080,40
705928,543080,42
548909,523414,17
34276,83044,43
721979,309497,23
730015,369676,49
153033,40352,74
209195,951779,91
557925,45782,90
460857,634163,18
390532,680045,28
524206,332584,3
751909,350477,49
478207,238507,3
593432,812433,44
564719,245211,19
275696,632427,11
204459,355115,61
423492,636566,28
768454,409700,69
836554,972956,86
474675,868969,22
767850,268745,23
799870,421564,69
235436,983230,72
153839,583642,33
273905,538073,36
393064,234339,65
545063,884139,56
738266,52157,59
605151,789116,44
681866,121999,6
443740,940641,2
357292,15947,5
37314,142958,48
695613,169161,6
93245,177303,94
934087,209417,34
683274,802244,1
329324,964006,72
61453,846185,46
847387,38238,39
669441,304301,57
388493,413164,93
51053,57149,43
518097,671399,67
204299,655409,83
463472,580675,18
405447,351155,93
865230,932593,86
90591,573776,50
453396,227115,65
122325,925423,91
585910,392221,75
72148,603604,50
784572,309345,23
163232,447450,35
297934,391186,13
669410,783276,1
523323,500049,54
335821,143853,12
748186,770163,1
143503,855783,46
153310,696870,83
299309,495168,36
296116,831163,88
359620,145829,65
962045,96997,60
234047,631645,11
66130,450176,47
123385,735202,66
555062,930672,56
816155,122266,32
936490,602538,79
859314,500129,53
668252,320747,57
798684,496473,69
232905,438296,81
452176,736052,25
833106,26009,39
141307,949091,91
378831,13075,5
751950,25212,39
745536,240149,23
197255,274272,62
693050,102709,59
239531,813463,87
883097,219721,16
867177,651950,38
333819,497642,36
879322,774805,71
158403,282467,63
437674,987061,2
535721,864875,56
956956,569361,79
264541,152769,12
589402,90625,90
137783,724098,66
924659,744082,14
796387,879672,24
662489,457969,37
99091,428118,35
386559,904085,2
965117,737080,14
103915,513843,47
163639,293112,63
348921,321667,0
270602,23702,5
371931,49495,5
872748,275667,21
146722,969327,91
488819,596305,18
101812,161350,94
820818,492225,53
838009,433553,89
730040,787800,1
559365,254691,19
592493,41438,90
452454,404403,93
808356,44645,39
358498,278535,0
343883,656200,84
766914,538329,42
711036,394351,49
869030,793574,71
611259,433397,64
107854,709571,66
774190,821240,24
593434,860854,44
389015,175340,65
944062,863325,10
904945,420155,89
559495,443429,64
713401,137053,6
465648,155552,55
372323,636105,28
22946,669984,50
428548,614195,28
788360,968954,86
216611,582131,11
884498,772624,71
501411,221118,55
341683,672160,84
4474,207135,48
324423,585788,36
344812,260619,0
228897,75460,98
268969,564252,11
387670,572543,76
734233,269060,23
105796,122725,94
641645,133418,31
366279,58809,5
406691,267197,0
787883,956607,86
696008,810665,1
849490,387349,30
187938,683689,83
762548,145832,32
1247,969778,99
61106,10156,43
697222,216741,6
769867,168569,32
150759,807388,46
778061,878874,24
241909,774239,7
648644,768397,44
455517,880961,22
327679,309241,0
420151,482812,41
636180,292454,57
283061,412256,13
793444,429173,69
119609,276762,63
548990,875193,56
372582,989898,2
231415,399510,81
579637,962833,40
345796,794865,82
300875,814105,82
673124,211328,6
790360,581230,15
737625,272812,23
162626,267198,62
810016,945471,86
547859,873238,56
515237,603928,18
230113,513108,81
812783,457341,69
545122,879278,56
31104,780084,70
886726,208887,16
780325,939040,86
450219,837236,22
428397,72104,4
867855,48646,29
608610,922980,40
532228,163787,55
773860,276242,23
807459,978869,86
853246,522099,53
922630,658647,95
895314,558027,79
773335,454523,69
174958,527402,33
56195,480200,47
725944,955187,45
842620,914593,86
569582,966320,77
948107,839537,10
99223,647872,50
791721,463593,69
608784,844791,44
403138,543117,76
168961,736218,7
621532,98395,90
739130,569993,42
886779,105735,60
90082,19726,43
544786,233272,19
618436,55810,90
12355,661680,50
871635,576546,15
12552,975694,99
495722,605387,18
741714,238,39
11499,271766,68
575154,628918,78
240742,158462,12
282576,257007,97
524368,60129,90
591842,94499,90
259734,350116,61
402581,190496,65
670601,797720,1
292782,790946,82
446040,594992,18
46015,390610,8
993732,668097,95
708336,11153,59
462346,653469,67
865517,751617,71
431338,506075,54
602926,391413,75
489633,271500,3
104404,719744,66
745281,939802,45
260342,573491,11
663712,21535,59
954379,255236,73
765984,902903,24
96337,148934,94
139275,799879,46
576323,263659,19
322871,501548,36
522994,972856,77
798314,263975,51
641468,162387,31
254220,677608,7
560911,234065,19
939487,973489,92
429920,667674,28
601719,95697,90
383606,280928,0
567093,146859,31
273254,582893,11
691052,527648,42
180700,26089,74
486346,33361,4
709503,624747,27
129371,350974,63
833279,930390,86
77562,595368,50
360088,413,5
943914,376378,26
799696,494948,69
600324,662232,78
147557,4582,74
18892,533151,47
684244,98451,59
679476,966777,45
621846,377735,75
606424,184923,31
2469,507869,47
760893,341951,49
170468,58201,74
188936,450198,81
481465,983623,77
765368,550158,42
515568,161918,55
368816,699929,84
707770,504196,42
38803,178018,48
956165,274246,73
263093,811242,87
549946,951166,77
249375,258902,97
377096,861000,88
827171,274018,51
425691,597573,76
415183,994431,2
415829,847539,22
602008,949619,40
251351,457359,81
837562,920270,86
979574,700914,14
267319,837844,87
649455,398050,37
39719,571985,50
367024,584263,76
718978,870128,24
256065,700404,7
700113,814213,1
483066,903289,56
588381,928039,40
554483,212161,19
794661,879351,24
255422,893973,72
5303,142275,48
223110,819353,87
874756,39219,29
161644,755281,7
15347,948811,99
672529,211090,6
803106,813531,24
27758,542002,47
434785,444295,41
271661,811357,87
483756,491700,54
12831,661349,50
301021,267390,97
34347,278044,68
95313,930538,99
560008,66389,90
812235,235757,51
383949,40690,4
881513,594492,15
627292,901896,40
171516,683638,83
917026,460890,89
180264,702775,83
552612,754461,20
232109,67054,98
982663,621556,95
503817,659632,67
436894,880913,22
514167,613852,18
24935,94850,43
145688,579831,33
230428,819261,87
328540,776104,82
996164,541967,79
856088,277164,21
302927,303302,97
608687,211545,31
439819,46454,4
766181,205278,51
123733,592661,33
855691,599541,15
499790,974694,77
684477,16473,59
863901,591963,15
133589,246594,63
516366,566603,17
899298,515966,53
849073,384979,30
355820,267841,0
609764,307010,57
932852,445981,89
615953,326408,57
942830,155479,60
150533,8922,74
964888,880589,10
69581,457699,47
559233,40274,90
896103,804760,52
608177,643948,78
839299,99800,32
338913,115578,12
531827,427889,9
540352,710404,20
774367,798947,24
907227,773395,14
463358,658925,67
564644,975500,77
242637,2980,5
100307,862353,46
579898,353254,75
151113,757299,66
934581,513414,96
959552,206042,34
961499,920383,92
889004,501238,53
320196,545130,36
3435,746576,70
702916,912419,45
28342,348857,8
254831,960087,72
195418,396498,35
949062,889182,10
482897,60572,4
38358,696095,66
277616,897886,72
782126,192715,51
976367,815555,10
47561,367183,8
250198,93442,98
489054,543753,54
868320,862548,52
857057,565897,15
34491,702990,70
158204,950383,91
92834,265531,63
783404,680779,38
864418,276963,21
932470,28687,29
154262,697631,83
97959,397025,35
814029,399500,30
409374,358252,93
152011,861245,46
949625,357007,26
217499,509412,81
697051,337279,49
649929,369638,37
511522,150934,55
752145,317765,23
693008,399197,37
307755,451051,13
822738,772750,71
625918,811399,44
184419,543721,33
334906,773060,82
820718,807505,71
750658,320686,23
785342,246740,51
966998,336515,26
815811,338525,30
590288,980198,40
201272,782310,87
296841,20052,5
20866,697485,70
639954,718517,80
117304,528517,33
801422,503480,69
990531,856212,10
365333,163257,65
870528,967686,86
903693,378242,89
114596,19018,74
637913,404685,37
548960,376755,75
125468,753744,66
180463,52461,74
725937,832360,1
488572,444666,9
514411,717296,20
602637,521330,64
996356,770079,14
721412,781988,1
888241,674649,38
828435,516216,53
54127,717784,66
806198,773172,71
717055,545110,42
675831,706302,80
819734,276546,51
924551,936277,92
14241,361904,8
527166,86567,90
935600,639263,95
104474,906597,91
187777,975702,91
635548,659510,80
386401,243495,65
430963,196589,65
74268,225950,68
550329,381741,75
930692,149910,60
551242,725455,20
737414,718154,1
14629,885911,99
506598,393911,9
475021,678999,67
949483,969361,92
63705,704533,66
90754,306791,63
238242,139257,98
500294,441330,9
447531,654471,28
704467,984301,45
151992,535817,33
476856,532104,54
86363,514913,47
155124,175092,94
776137,545787,42
46215,751050,70
899979,947709,92
150080,410950,35
844016,388512,30
724458,966576,45
258840,327095,61
488267,305935,3
855019,307585,21
595217,815383,44
146287,651429,83
579234,196287,31
10309,278585,68
193866,317682,61
282931,235907,97
896855,456782,89
149574,896150,91
597415,755360,44
350980,924660,2
765605,525304,42
794308,950352,86
567872,236853,19
800813,264530,51
969201,370581,26
367793,498939,41
668545,236943,6
312609,24453,5
982474,440615,85
416742,188084,65
135925,497706,33
961435,847083,10
928276,542958,79
499754,378958,9
159582,94952,94
874509,882619,52
179285,257453,62
12982,203487,48
10752,721330,70
394248,133799,65
761338,821643,24
360747,87044,5
954615,230061,34
651675,711518,80
490738,842402,22
254990,631384,11
673267,605070,58
412090,2655,4
632375,328978,57
143520,145335,94
656858,826975,44
978240,284650,73
129133,340829,63
317550,74956,5
795116,523358,69
81564,856555,46
130503,370288,35
441438,248965,3
364857,159503,65
778416,850863,24
466530,971393,77
218310,136577,98
452236,745810,25
838533,224679,51
181327,578062,33
493051,709459,67
877720,847493,52
822971,678187,38
297579,423227,13
186750,722863,7
158476,506997,33
103082,506982,47
852662,692375,38
749167,264103,23
795872,227019,51
509287,592673,18
62189,224082,68
146216,458424,35
748036,254604,23
136100,437518,35
369257,118654,65
218680,367580,61
919956,701102,14
434314,524580,54
632318,384484,75
31709,939447,99
300288,943997,72
764675,893321,24
56236,171276,48
644175,660743,80
107918,794424,46
884694,52976,29
381471,391468,93
416627,264816,0
776791,534620,42
360716,560627,76
459909,704880,67
926502,721595,14
857947,527426,53
456404,796534,22
359700,488333,41
428072,611545,28
243076,392482,61
449116,295463,3
861457,523474,53
35660,343037,8
422954,593877,76
298042,197567,12
511678,780876,20
184322,907815,91
648739,370588,37
476892,135705,55
806736,819782,24
87898,315510,63
784424,814768,24
808639,807053,71
154885,161933,94
618360,782304,44
183469,563653,33
322168,691674,84
973753,875743,10
628993,494229,64
513687,542189,17
579436,590646,58
1329,351664,8
425282,730685,25
633715,862316,44
955479,742365,14
936087,815174,10
633311,73692,90
551892,663472,78
977056,382373,85
559254,385409,75
581022,243863,19
620345,146350,31
720456,720330,80
594062,407779,75
553845,486004,64
282944,451203,81
369869,403591,13
156053,790084,46
945671,905708,92
240476,689488,7
232479,283954,61
419288,976058,2
612061,912972,40
323431,912937,88
738606,751718,1
130905,120610,94
99089,395412,35
690142,229444,6
266216,302794,61
73476,914392,99
187987,513432,33
267309,666485,11
629584,419521,37
895081,633322,15
255640,542391,36
976002,675323,95
155109,922417,91
78647,827960,46
526706,360790,9
802648,112274,32
2696,326488,8
283871,23940,5
366885,250377,0
98251,318207,63
117525,248070,63
319077,733301,82
593578,280697,19
689268,540515,42
437002,698227,67
114725,192087,94
420168,778446,25
344590,527895,36
333144,161882,12
757749,492506,69
555424,19196,90
638441,282668,57
806620,874882,24
158318,859313,46
474740,959667,77
137082,937656,91
199555,929304,91
825561,215035,51
98511,689352,66
945270,154596,60
297508,226904,97
583530,404522,75
816610,772620,71
439778,361037,93
949771,802371,10
462480,903543,22
848070,526143,53
885616,554063,15
150036,671530,83
416868,308881,0
377294,183520,65
432834,645844,28
707546,740104,1
939596,798308,10
175216,871413,91
842428,703073,38
564368,344779,75
701073,934733,45
72950,77787,43
370613,900643,88
117706,301301,63
972525,237201,73
641695,968124,40
265998,633237,11
819211,491369,53
441982,406060,93
654656,810236,44
650921,34420,59
502268,630748,18
981852,989594,92
115967,65038,74
95760,439556,35
622380,348375,75
139959,294460,63
994231,44761,29
312977,210368,97
660995,353646,57
729113,215931,6
163043,280095,63
560459,650478,78
585070,283993,19
83739,402733,35
748310,850522,24
729120,328897,49
779478,687315,38
716464,612782,27
41966,325984,8
817062,367055,30
105570,319508,63
985034,482703,96
793321,352556,30
409054,982992,2
157585,547487,33
617918,359611,75
982900,608371,95
905399,55600,29
483297,773789,20
75356,517709,47
142626,118354,94
184423,606121,83
85691,214293,48
638219,560689,58
512251,407412,9
373729,276984,0
273457,998579,72
122545,625229,83
233725,229815,62
500913,856350,22
674480,993035,45
954025,313159,26
278790,629290,11
487476,17135,4
4565,739554,70
686417,619084,27
957943,151239,60
875498,505404,53
338261,159107,12
126081,46319,74
498717,945760,77
394182,17790,4
998900,525119,96
686535,610058,27
250482,855968,87
258509,761231,7
22548,980160,99
557999,296889,19
828594,189759,51
283321,785083,82
901814,790843,10
707819,315321,49
615167,113610,31
455838,270732,3
193164,515266,33
89202,230667,68
821111,414213,30
689897,109471,59
880706,37874,29
553728,519739,17
255202,192476,12
945325,93932,60
725917,488884,69
689664,193891,6
736071,161548,6
140826,874258,46
660527,488716,64
854288,26314,39
261920,98504,98
562220,245439,19
101742,984765,91
955899,810508,10
211777,338149,61
281804,288377,97
753290,550223,42
601289,873116,44
472743,398130,9
375548,836279,88
350232,364730,13
29361,480928,47
972295,366873,26
48551,1771,43
768158,447923,69
246552,799580,87
546738,30260,90
584984,828868,44
788940,727599,71
763882,569139,42
523443,511583,17
178129,823764,87
5093,605523,50
33573,263042,68
962840,459098,96
67424,199124,48
692065,544420,42
83468,855268,46
505736,911692,56
821867,122202,32
858017,695332,38
445916,511949,54
342937,744871,82
50570,938489,99
188180,757236,7
865898,159981,16
808412,989178,86
127998,262449,63
993705,203015,34
75276,164882,48
178256,960386,91
215869,125298,98
895538,317158,21
477585,780458,20
171723,155807,94
656736,762081,80
311292,887653,88
795626,98444,32
563748,917503,56
485947,318235,3
577285,435434,64
353729,135301,12
4940,38098,43
325248,448307,13
704363,232399,6
944267,306864,73
479426,717079,67
948340,765752,14
3712,391831,8
510152,139749,55
768994,482184,69
71325,774551,70
880603,305922,21
635826,328753,57
356958,401138,13
934269,261498,73
668,232162,68
955871,334649,26
451182,23349,4
436483,974807,2
596843,143468,31
268774,293049,97
275284,704814,7
821293,481305,53
296768,790396,82
198206,256078,62
907177,928476,92
906825,19552,29
613702,490084,64
846799,160303,16
223203,380972,61
4238,235973,68
998417,400464,85
598673,902218,40
586080,260836,19
880712,133559,16
734726,550408,42
711715,804720,1
940338,261410,73
525945,566742,17
245010,890290,87
120636,543869,33
819450,496208,53
775091,961085,86
972313,666060,95
475116,282028,3
45402,73875,43
618326,221168,31
187134,173262,62
25010,346286,8
38012,870850,99
386523,300523,0
902434,210237,16
464392,37261,4
250149,259355,97
980821,662146,95
689160,726988,80
500733,832968,22
706156,367834,49
197512,599976,11
812397,964734,86
295297,60486,5
596013,202505,31
505973,889124,56
509641,547389,17
982911,800290,10
475040,9311,4
501832,291985,3
392523,145788,65
263213,824818,87
723617,844065,24
213967,146511,98
415514,546904,76
820392,332608,30
148652,395572,35
378805,589644,76
162998,510465,33
397449,934304,2
848397,19401,39
75273,129264,48
549782,200565,55
899119,501601,53
412281,217109,65
964259,302515,73
384354,837852,88
792826,38791,39
973617,583752,79
130046,697597,66
529302,992877,77
286924,339565,61
74671,2733,43
937242,229782,34
952073,505880,96
340050,235234,97
585967,362300,75
180989,883290,91
468424,808422,22
154377,627630,83
579590,180689,31
853862,865781,52
182641,654700,83
548920,713517,20
87150,736320,66
333683,225694,97
248651,83404,98
777006,150050,32
899638,217241,16
181602,194039,62
217422,217279,62
808228,898584,86
513149,498741,54
349859,84797,5
187391,481162,81
895888,206203,16
664727,72408,59
967290,256805,73
123998,48087,74
213876,619782,11
681492,838677,1
645907,763770,80
685379,167063,6
844162,843276,52
946322,842699,10
248668,369411,61
693936,990944,45
810059,663165,38
826107,392494,30
649635,425133,37
225417,598504,11
65050,296349,68
753066,786788,1
551256,964254,77
218405,747744,7
347455,679858,84
389291,819241,88
995262,370934,26
299124,384750,13
496050,119173,55
954990,528199,79
450541,249264,3
387351,219666,65
937882,986524,92
513466,839628,22
630319,779980,44
127718,564851,33
461741,487289,54
882542,884272,52
962724,511529,96
283458,81512,5
982686,15692,29
746828,943657,45
57537,38989,43
298791,780725,82
652077,461848,37
279927,744454,82
38926,234091,68
380026,104045,4
697901,624950,27
536745,89336,90
478008,896976,56
482482,75279,4
221694,11060,74
899420,557177,79
482675,320272,3
814027,356565,30
793068,107455,32
997388,100180,60
739529,270242,23
965662,889330,10
971823,444881,85
131712,693749,66
848923,860404,52
816885,392244,30
460759,980937,77
611240,122995,31
187638,646888,83
251308,739837,7
453145,24331,4
935479,600588,79
89116,787429,46
332212,503563,36
395020,101521,4
274033,681332,84
147885,507427,33
342340,724872,82
930402,267352,73
386731,789151,25
266112,549422,36
136647,631639,83
964332,538166,79
964959,72936,60
851605,928536,86
906832,128894,60
328140,52040,5
647792,451377,37
301995,641305,84
423197,686058,28
592866,307988,19
364807,319069,0
593037,173339,31
322113,761604,82
286086,250464,97
564616,501269,64
841902,854087,52
654213,364370,57
966962,731779,14
22459,470884,47
153244,588531,33
443903,691860,67
99034,466069,47
235489,875460,87
856301,857188,52
764895,601439,27
397183,461721,41
159380,712294,83
532482,439497,9
629816,331469,57
6182,908779,99
854880,983874,86
973615,550380,79
252918,796504,87
845140,273376,21
644953,741321,80
395518,482858,41
406733,976923,2
160663,269645,63
924571,274822,73
944343,581326,79
355923,998955,2
453123,648227,28
755532,231224,23
198377,125068,98
29554,727486,70
872186,833442,52
672226,105496,59
74709,636755,50
944997,572538,79
657911,512550,64
442694,366638,93
95546,843433,46
587182,770090,44
908141,142076,16
875623,608146,15
121952,663443,83
491625,751064,20
139145,610977,83
693121,300331,57
678024,562287,58
360884,393459,13
877706,607302,15
928253,150849,60
325031,796711,82
329322,923591,72
800315,900302,86
378106,828224,88
964203,365902,26
731095,526524,42
296938,652421,84
251952,566351,11
673920,579525,58
91674,765255,66
652013,392734,37
691916,35020,59
596305,98392,90
679337,621292,27
62118,18727,43
748388,171543,6
123919,706836,66
793895,2085,39
56483,320598,68
296391,445621,13
565661,66217,90
914427,791244,10
446143,325544,3
418654,328243,93
793603,94099,32
525698,422601,9
670810,316135,57
289282,963987,72
740697,901476,24
118862,721231,66
736983,481008,69
311942,821608,88
767156,603502,27
68954,910806,99
920554,752031,14
391821,347951,93
19090,848691,99
958200,470330,96
845414,880932,52
834665,217815,51
818484,276402,51
496827,177470,55
754507,8282,39
195655,384886,61
789740,161820,32
717977,39662,59
610344,55919,90
847114,459968,53
694133,302923,57
234321,234622,62
306235,897556,88
236024,859912,87
554031,610119,78
274140,472506,81
412230,363886,93
846133,965895,86
805621,86397,32
81292,281776,68
821048,368884,30
845224,684612,38
275836,981809,72
270006,5574,5
689294,968030,45
688679,638952,27
878181,602431,15
65722,590606,50
329749,94063,5
932585,962865,92
877073,974537,86
56962,361010,8
511502,817773,22
320042,954805,72
415542,30667,4
434152,808783,22
230606,804050,87
684031,511462,42
148877,179903,94
634733,964717,40
13187,649375,50
46569,699849,66
378133,286293,0
739405,189805,6
64667,860162,46
759155,126764,32
524966,105688,90
314426,572619,36
12514,335998,8
123070,448772,35
514531,737321,20
163445,33015,74
888656,657891,38
182199,232656,62
265988,473477,81
738342,319927,23
16839,28442,43
40785,488486,47
985455,556887,79
616183,202840,31
135449,493984,33
395475,752681,25
325713,267179,97
479305,684696,67
689364,153263,6
902853,264551,21
312810,405632,13
463858,74331,4
281336,421060,13
759439,900982,24
811875,197518,51
691952,644483,27
838481,351647,30
141060,804371,46
70835,524125,47
980485,20554,29
463804,164116,55
305037,766483,82
290446,538504,36
639546,861608,44
46515,793188,70
119990,676533,66
497572,703653,67
299808,882508,88
318300,676037,84
157050,540517,33
485971,730168,20
937226,965963,92
944773,806075,10
702753,184428,6
690755,535332,42
330248,480746,36
905595,336892,21
147891,616778,83
188316,42434,74
190045,91193,98
684482,96529,59
363936,678804,84
665789,922666,40
249883,785982,87
6487,38901,43
822706,227730,51
465889,212366,55
247882,166075,12
236129,633031,11
360700,285099,0
672078,619512,27
148607,651002,83
399793,321712,0
24047,166567,48
496299,297695,3
374693,476535,41
131925,275620,63
353809,481397,41
846812,375489,30
854688,749306,71
589615,671165,78
281245,892186,72
984063,156896,60
967254,650457,95
233862,525750,81
294905,478063,36
818531,57035,39
601967,274727,19
353266,343610,0
60736,803086,70
472059,902524,56
726189,70879,59
276959,863402,87
207707,937294,91
110217,427088,35
82206,645291,50
418374,618593,28
693445,746177,1
11761,680446,50
258131,418569,81
905206,803736,10
400785,6811,4
486892,197797,55
381747,33272,4
215700,270200,62
252735,717594,7
616209,628414,58
765755,44589,39
413698,36750,4
669388,412275,37
106014,785356,46
484967,845731,22
206917,667176,83
240464,488961,81
971271,164388,34
885608,413901,89
439789,535815,76
451655,980427,2
37226,661488,50
644619,126512,31
292473,601398,11
711789,39925,59
23289,426991,8
441666,88754,4
697551,753889,1
623441,178417,31
660444,95090,59
183429,897801,91
350229,302072,0
937829,104719,60
19339,32371,43
61305,362573,8
777235,898,39
95227,481947,47
99263,321699,63
800667,815018,24
9192,505630,47
132203,943439,91
384489,118871,4
875794,476761,53
930516,193398,34
441779,992127,2
687628,968247,45
335525,170555,12
534559,345753,75
82571,783700,46
662522,7318,59
999516,876893,10
956619,902013,92
148324,892781,91
976122,687161,95
127391,70936,74
222909,441242,81
956185,602789,95
87901,367062,8
223834,987025,72
937058,144846,60
439045,44820,4
300250,307729,97
5574,691837,70
717811,260409,23
700245,27534,59
764167,355222,49
221639,101081,98
869255,570760,15
773186,940810,86
210473,431993,81
513573,635052,18
319684,930129,72
678532,98484,59
231799,851561,87
200644,234845,62
55903,572620,50
35125,348668,8
66846,489003,47
679080,310410,57
75342,273182,68
375973,985667,2
119701,826555,46
924873,352304,26
189005,623785,83
967410,268502,73
728600,595710,27
102436,643253,50
169705,233873,62
711595,791222,1
82044,924564,99
147855,6806,74
396184,674832,28
916063,278243,73
443418,533230,54
5633,675526,50
570865,537750,17
976676,8837,29
525337,345989,75
49038,187034,48
484653,563378,18
697575,144198,6
544473,971440,77
1173,729987,70
897010,59856,29
12524,493128,47
7243,736825,70
833230,105147,32
207029,547775,33
455577,891831,22
11471,803866,70
588490,764731,44
842605,669174,38
807621,694627,38
597270,324506,75
977058,422797,85
951929,86898,60
508953,986645,77
544542,131793,55
56719,286266,68
282869,196009,12
339407,422017,13
847895,580548,15
271368,890159,72
917185,131920,60
185828,220766,62
421535,753848,25
936974,735943,14
6424,974719,99
103501,549650,33
972851,720026,14
491481,321430,3
285118,983544,72
428867,973615,2
550302,937540,56
240450,258639,62
945704,455362,96
270875,606871,11
689894,59804,59
141903,966499,91
959991,578850,79
740206,647341,27
869832,278941,21
164799,784701,46
473367,887805,22
341458,894012,88
663399,760267,80
807837,332996,30
673449,660320,27
2287,452728,47
12225,470352,47
211719,375568,61
186165,878589,91
456264,442159,9
373044,761679,25
543486,374583,75
626890,148764,31
291799,274881,97
936343,127511,60
86116,361827,8
233232,944053,72
707682,12952,59
697113,384322,49
301378,272062,97
560771,883024,56
987929,134701,60
930290,389555,85
262146,892986,72
422659,640615,28
821153,122781,32
595084,592921,58
229050,652480,11
242622,751112,7
951209,971874,92
301352,838020,88
606578,767460,44
710263,396481,49
672775,342185,57
103813,793615,46
289343,998899,72
508574,615651,18
260407,664103,11
586028,378789,75
308913,902537,88
947558,617217,95
573498,782384,44
529017,197879,55
767187,115605,32
981045,433853,85
774636,310676,23
548260,618324,78
174109,250414,62
718460,161766,6
816887,436424,69
991573,372980,26
691235,594050,27
212245,213746,62
442635,368048,93
794543,893558,24
40899,399967,8
248680,578359,11
489804,141836,55
851281,482870,53
598464,389657,75
979846,280576,73
656353,336969,57
443351,409160,93
759273,105520,32
487017,310510,3
744581,178788,6
901512,720405,14
847165,317652,21
788798,334577,30
243628,663403,11
824505,470003,53
341481,273732,0
613804,219289,31
594938,133821,31
135251,171009,94
160620,555747,33
442150,224147,65
255259,152231,12
555823,730198,20
450245,267976,3
873643,322222,21
595166,959092,40
465348,117523,55
209650,600075,11
466774,80081,4
926329,818623,10
598494,890107,40
32171,707299,70
580389,605198,78
569562,630099,78
84728,34895,43
489555,967353,77
305076,426880,13
580548,271196,19
996328,293868,73
41617,464949,47
403664,386554,93
818825,992453,86
172700,569378,33
547558,822263,44
789063,796695,71
66622,726194,66
152070,849973,46
513015,244175,19
864615,592816,15
467937,624779,18
666205,922476,40
69144,118889,48
180678,662836,83
291448,367937,13
922280,766190,14
357697,822157,88
6310,67010,43
241490,729943,7
168594,574838,33
313976,8049,5
294922,767435,82
296710,808218,82
731945,810564,1
150221,771250,46
404778,108395,4
807193,508337,53
627130,183586,31
546174,553896,17
342655,14621,5
742954,837359,24
507096,771711,20
152641,440986,35
652402,920787,40
676384,990317,45
257843,578790,11
726245,6123,59
911105,943799,92
439822,89398,4
514024,211681,55
737007,886492,24
284746,733351,82
430491,274072,3
344397,292372,0
901535,98817,60
830760,590586,15
981327,163273,34
139246,317642,63
612431,130521,31
677692,982680,45
914810,224739,34
191054,57337,74
669299,914879,40
375622,85876,4
331176,88498,5
402675,761890,25
90780,745521,66
983570,862409,10
509389,307125,3
861598,881567,52
502765,982219,77
166353,895276,91
919842,787477,10
129735,467251,35
88562,467264,47
321060,60337,5
88366,179806,48
4688,800354,70
559102,834498,44
417430,756358,25
113646,58523,74
601183,92210,90
785975,895854,24
620728,585871,58
749465,268221,23
5308,225187,68
734438,702136,27
814254,175332,32
815264,145945,32
908158,414934,89
809069,32099,39
500152,60408,4
284697,914564,72
78633,600870,50
826246,716761,38
610420,338114,75
682946,279903,57
345246,559428,36
317817,554097,36
712799,27724,59
973166,5267,29
538267,662772,78
223007,92175,98
194904,767480,7
39980,951958,99
569394,813592,44
54758,325175,8
231980,890556,87
586856,292664,19
819429,156442,32
325094,867233,88
594135,641982,78
799960,934104,86
491448,779008,20
795635,245478,51
764174,474691,69
145975,416324,35
163518,262639,62
185165,76877,74
80376,891628,99
600630,794264,44
210603,616137,11
421799,190343,65
105250,946909,91
713457,74754,59
402659,496020,41
620579,77121,90
179938,226586,62
246870,154468,12
148301,503364,33
50397,33145,43
72777,171504,48
470675,642273,18
684467,851524,1
573478,454193,64
623409,644298,78
732555,54271,59
146526,664917,83
261599,695194,7
136362,842206,46
967962,549590,79
971577,301562,73
368980,458152,41
175832,221082,62
728847,737197,1
85325,67205,43
518665,205662,55
563184,437829,64
603134,882937,40
522293,184653,55
477208,438000,9
474363,625121,18
424425,323952,93
662528,118851,59
544535,8340,90
179649,367914,35
535689,325607,19
477202,340241,3
435851,359042,93
425627,528389,76
643332,484550,64
845357,916935,86
930686,43464,29
505785,737468,20
636969,550957,58
950736,32085,29
267583,283495,97
716943,667243,27
367407,9689,5
848430,572835,15
638424,4018,59
535211,302991,19
379021,214592,65
651870,983152,40
837702,268423,21
393688,721337,25
525050,524852,17
193088,241298,62
499586,551925,17
211286,96074,98
732506,233888,23
960959,848228,10
178820,435067,35
177573,484401,33
331746,662441,84
658146,463294,37
586611,177677,31
223490,212111,62
965481,845310,10
138352,288446,63
914801,73361,29
987156,139195,60
458447,130973,55
267040,148909,12
729823,137417,6
572681,64707,90
539311,213797,19
289808,807464,82
48249,935738,99
963280,856050,10
640207,968501,40
608550,909050,40
417161,227481,65
273319,682334,84
987993,207704,34
892582,634833,15
653883,814002,44
946064,504542,96
852700,339318,21
925811,111247,60
733077,832398,24
113547,394738,35
377415,223581,65
730380,507154,42
744184,512044,42
935900,683194,14
446639,669040,67
566149,272102,19
232993,926723,72
440263,511832,54
373846,231987,65
18322,941247,99
549549,282833,19
581593,833811,44
870593,60638,29
155807,661486,83
605519,963722,40
288283,185339,12
6671,119830,48
988386,818865,10
676822,363046,49
721172,749694,1
120572,456153,35
566116,712924,20
121106,437663,35
805638,358254,30
177901,988248,91
492031,571643,18
611520,826400,44
320641,21762,5
762440,333738,49
136394,380293,35
585510,682307,78
544097,647436,78
469918,916651,56
161711,886872,91
669521,655531,27
519154,427646,9
454980,853456,22
40576,971433,99
876531,859173,52
126649,597855,83
161501,349126,63
774685,137345,32
358671,186086,65
552943,322633,19
501475,296399,3
581471,798587,44
863399,163417,16
564951,139699,31
925992,152410,60
555256,192891,31
923160,555085,79
319079,773505,82
303196,825237,88
774996,365813,30
230342,366421,61
442776,737724,25
937575,828618,10
586493,196878,31
930076,794301,10
827642,186892,51
101007,625394,50
7015,908119,99
758044,447897,69
810591,618629,15
307870,383311,13
318791,926353,72
215639,247411,62
236891,436063,81
923718,941993,92
84489,18919,43
978174,185953,34
328282,443278,13
177430,79099,74
428703,211955,65
337151,509918,36
202999,814642,87
693461,9816,59
993693,1329,29
346475,215729,65
764357,548678,42
637638,785538,44
551784,848779,56
441657,931921,2
811815,178838,51
733447,55746,59
937309,368026,26
413368,477124,41
39287,303941,68
353149,390148,13
228816,714666,7
399131,200066,65
513282,734672,20
643629,480505,64
860880,818753,52
783749,476699,69
883418,621184,15
250117,732327,7
226167,199749,62
189277,181221,62
789126,848512,24
956122,547865,79
977900,570078,79
313902,758327,82
209374,953982,91
584994,2981,90
110113,679202,66
353367,41869,5
708461,113160,59
881485,130904,16
117949,376241,35
489602,749097,20
88583,820093,46
307625,259472,97
953614,392403,85
122726,665742,83
138268,875066,46
242565,797015,87
442532,638256,28
181070,249641,62
730091,652387,27
670359,730239,80
131217,370922,35
92727,470201,47
672493,597894,58
817405,136537,32
789922,228951,51
982536,498614,96
221094,937960,72
295359,103929,12
740080,526481,42
576161,548284,17
24199,723802,70
942423,314301,26
470699,40290,4
170221,915790,91
684587,864818,1
11789,145301,48
76596,352287,8
888442,46569,29
700616,268836,23
335615,687118,84
400994,522667,76
470535,287897,3
697811,124869,6
688892,217231,6
7223,400581,8
575238,33689,90
221411,268954,62
312055,713985,84
946640,192382,34
377602,364976,93
157012,905008,91
486036,822400,22
87864,733518,66
239884,736193,7
208879,636978,11
692912,783138,1
201419,263676,62
615648,198664,31
962492,615641,95
87898,308177,63
533516,812581,20
53466,604152,50
990127,81128,60
522120,281571,19
376225,222206,65
629028,77145,90
579685,782191,44
299912,627256,84
300486,281724,97
948260,406288,85
495298,480550,54
606287,872309,44
901451,691213,14
233411,950968,72
920500,844556,10
453748,155237,55
77643,954746,99
421586,600035,76
802628,783379,71
258687,768428,7
970727,13555,29
826039,247425,51
487390,566048,18
583266,956765,40
365457,245596,0
735206,608946,27
568344,158798,31
928424,38920,29
136536,761497,66
483704,624006,18
681335,210488,6
678195,429313,37
467277,535534,54
721883,696616,27
28021,958062,99
157896,769765,46
443199,856136,22
80478,604578,50
144783,375528,35
506327,848622,22
799952,798449,71
546966,871958,56
12898,790952,70
544597,50359,90
383838,171721,65
131553,21130,74
141188,954533,91
841984,241108,51
307179,761990,82
777942,872662,24
845296,905948,86
273827,214759,97
457694,464041,54
146157,468569,35
243205,560269,11
443365,635632,28
68248,56729,43
445885,996059,2
766556,508848,69
209824,520500,33
55495,717269,66
140356,978797,91
656790,682736,80
759000,519730,42
103895,172417,94
827631,10932,39
736916,350935,49
176099,702320,83
898657,743790,14
895162,997537,92
607491,106103,90
280498,332476,61
930878,269470,73
987444,984461,92
845398,607917,15
270463,681755,84
267282,224092,97
324571,73078,5
237724,432460,81
368673,298415,0
469016,766686,25
704473,83985,59
548799,680805,78
303587,388407,13
969519,722190,14
855023,373413,30
959553,211748,34
852546,756663,71
244950,888554,87
941443,840655,10
895814,953655,92
94037,485433,47
682877,122595,6
457900,933619,2
346859,664399,84
561039,399191,75
210888,407847,81
695666,60068,59
565821,753549,20
913204,235121,34
683291,79087,59
215504,991068,72
892569,421674,89
90685,147447,94
151071,56064,74
280301,32151,5
366382,794337,82
437363,769815,25
289237,222572,97
771413,142489,32
815914,82529,32
76385,803380,46
420719,35193,4
505045,301195,3
197778,70672,98
800807,170958,32
303406,353349,13
746815,733848,1
792513,771512,71
806054,356624,30
794210,289776,23
274597,166406,12
791771,310398,23
865924,585047,15
888762,425437,89
333963,916648,88
105033,290210,63
575778,111276,90
218821,725219,7
757869,515176,42
576005,925480,40
554485,245806,19
275612,226631,97
992340,260326,73
310845,387080,13
662528,114602,59
119516,714650,66
132627,75304,74
640850,780380,44
853661,482292,53
897609,117414,60
382537,314206,0
870676,454882,89
218152,482819,81
750571,848766,24
210450,42584,74
719386,736640,1
723720,563464,42
145257,346560,63
638946,779593,44
620914,705478,80
974895,60859,29
865193,311554,21
304026,780249,82
648127,81291,59
272972,841037,87
312897,863825,88
321470,946751,72
56616,547200,47
797117,159786,32
528193,345261,75
802938,984557,86
458092,153004,55
547549,669289,78
751456,735068,1
291144,257772,97
375814,315905,0
423259,716627,25
357271,661209,84
955529,576124,79
919733,961358,92
549166,833028,44
711930,420526,37
793073,187080,51
262844,628728,11
45971,644115,50
656424,521255,58
741453,606514,27
697235,443885,37
391093,101835,4
553537,310919,19
630526,254770,57
932587,993826,92
240563,149192,98
476883,988202,77
714043,926275,45
908862,251386,73
60639,164886,48
245320,107693,98
997875,298279,73
177995,578425,33
602901,972217,40
62625,539232,47
886038,640974,38
853343,136068,16
908377,99401,60
642820,883261,40
974658,89368,60
14600,390807,8
294582,45624,5
809025,290793,21
372397,879895,88
402852,734603,25
483464,581867,18
439128,440497,41
434009,404836,93
83600,73285,43
709509,726818,80
645204,955586,40
548300,280701,19
743270,151253,6
113725,384138,35
208663,10473,74
28020,944992,99
489790,908877,56
497479,134849,55
418637,40069,4
440706,950530,2
569191,400153,75
374610,86321,4
811542,591028,15
413575,971481,2
688626,746222,1
757301,970144,45
221123,430136,81
312242,855826,88
870926,659740,38
262512,43064,5
789649,636875,38
974570,609448,95
8089,958011,99
306536,957633,72
940645,436135,85
127625,5330,74
584387,792762,44
964004,20709,29
60460,166079,48
305651,83203,5
402777,474221,41
243448,633964,11
45933,6282,43
589766,198707,31
673001,142200,6
961468,401753,85
274397,803352,87
951904,658608,95
235035,240993,62
374723,977493,2
734206,816688,1
90104,379496,35
205370,654328,83
306350,832947,88
347191,255643,0
603805,153026,31
910286,182694,16
546929,251382,19
987063,578140,79
799686,337802,30
453076,862968,22
911558,571222,79
537390,924302,56
759594,505919,69
980819,628563,95
260511,424551,81
433017,728753,25
152287,499386,33
189012,739099,7
45181,357320,8
479644,388186,9
247087,798629,87
562443,987117,77
476724,310832,3
162870,367973,35
533331,710537,20
998833,389857,85
341139,524442,36
296946,771578,82
914777,657382,95
622178,960715,40
745285,19537,39
367327,680513,84
391256,854150,88
710569,545786,42
39720,574685,50
747561,268099,23
953273,674825,95
796985,930797,86
908441,171473,16
952115,211506,34
787029,611083,15
481862,656425,67
541228,425888,9
911297,172372,16
65875,174936,48
159696,16295,74
875347,966796,86
952072,483168,96
617389,468589,64
583285,271777,19
761430,359814,49
403016,490252,41
675593,704601,80
233278,719255,7
525597,720116,20
992680,979187,92
208784,41298,74
110977,192022,94
319272,15477,5
121943,507088,33
629694,267937,57
226809,987108,72
326497,442989,13
318711,578691,36
66209,788955,70
977424,581617,79
246629,94304,98
974568,574316,79
534958,45720,90
426094,365504,93
32858,252853,68
703911,643764,27
747977,251936,23
303910,817270,82
866256,176800,16
481483,293618,3
845619,321365,21
188643,539425,33
123227,90132,94
860341,755535,71
289719,311805,61
519246,980640,77
629819,373144,75
444904,507120,54
166833,969413,91
931282,62962,29
207535,49865,74
84811,421939,35
537135,631789,78
492007,166065,55
60263,847394,46
153504,957985,91
859486,387636,30
9036,881949,99
930257,837647,10
348864,361270,13
874006,427800,89
38292,583491,50
734116,289678,23
620721,469478,64
519480,905870,56
960546,910833,92
373419,54604,5
738185,679185,27
62515,703049,66
147872,298307,63
652641,950663,40
798877,726768,71
797272,757006,71
877,749458,70
142467,456128,35
158870,144118,94
198166,578048,33
262439,816993,87
211296,262706,62
303553,826803,88
80918,995480,99
38856,61991,43
886260,384177,89
878193,805173,52
552123,546478,17
661416,429349,37
70307,653648,50
867563,147931,16
276431,982328,72
992620,975064,92
910565,878461,52
299051,155462,12
855666,191216,16
778769,778219,71
531144,951395,77
106273,133201,94
724716,315212,23
783906,112714,32
388918,560963,76
118351,131094,94
307633,391025,13
972295,362264,26
572794,950236,40
623231,648020,78
279591,90301,98
695420,924677,45
50868,946144,99
852697,289010,21
400909,80236,4
530029,204595,55
643897,991945,40
635015,706284,80
524445,355800,9
935745,66799,29
706374,31804,59
533796,520799,17
82208,676299,66
571091,326879,75
865268,569972,15
528058,71215,90
920139,790929,10
158460,238967,62
328451,291513,0
461594,12795,4
53913,127132,48
715913,363008,49
81680,797025,46
609695,153873,31
155147,557809,33
105515,401647,35
496317,601726,18
223149,476486,81
313600,684492,84
261321,23603,5
704468,2967,59
869617,654510,38
357421,181966,65
304023,716323,82
247474,297020,61
18694,198242,48
854263,603400,15
354462,453708,41
485042,102231,4
204190,834839,87
143194,670626,83
211759,36388,74
579307,413969,75
580153,643850,78
191942,973849,91
485855,766610,20
421559,146677,65
213175,833880,87
32496,160666,48
321940,860071,88
229585,644525,11
532006,441206,9
351081,627161,84
706811,373462,49
792106,938575,86
635511,40397,90
958132,328878,26
453627,111506,4
88874,714540,66
278036,960261,72
114466,834568,46
599713,380786,75
876038,582052,15
551135,942734,77
533879,915443,56
852979,33504,39
107299,383051,35
954353,826492,10
862874,332142,21
324810,94134,5
117129,601714,50
9403,47954,43
976646,490739,96
855300,29265,39
868955,528684,53
605477,256829,19
532183,401428,9
809455,517412,53
156759,655040,83
257865,953078,72
389425,75051,4
395014,4161,4
943949,951123,92
540244,882994,56
490063,489846,54
853324,820063,52
807105,23307,39
726443,340516,49
59592,568899,50
493927,439828,9
199522,382241,61
334170,403013,13
454290,259457,3
698145,735922,80
653799,408136,37
550104,609306,78
612202,294927,57
849252,392747,30
906256,460424,89
359263,149555,65
575668,256528,19
473022,86728,4
639055,605884,58
95315,963017,99
441829,828476,22
210282,219793,62
64572,275847,68
170088,674576,83
602810,435517,64
749460,189825,6
391284,326675,0
436066,972719,2
500085,929411,77
627395,633848,58
89419,874624,46
815270,252227,51
191321,535210,33
277861,11183,5
965902,926296,92
267552,759755,82
208160,559082,33
500578,226161,55
99681,347117,63
11571,488539,47
886615,343965,21
35402,13630,43
86233,330534,63
300764,951641,72
231067,545989,11
442515,363441,93
363177,924358,2
689359,63612,59
137490,805585,46
475549,556927,54
286379,178252,12
886004,80731,29
852316,884684,52
897333,489478,53
668426,241454,57
122766,335452,63
958337,778092,14
393004,222288,65
999065,293110,73
313757,322385,0
335890,308660,0
648733,265871,57
501287,136494,55
67971,394146,8
413985,858545,22
574512,828858,44
617691,549257,58
363827,845602,88
43521,465627,47
794882,584894,15
320437,590267,36
624615,913405,40
610102,986747,40
273387,829194,87
272392,100408,98
565614,280269,19
495129,637973,18
423944,241261,65
880285,966749,86
162141,111135,94
861009,993474,86
320478,283182,97
454226,186211,55
658182,66879,59
43908,971335,99
238965,286995,61
535849,20202,90
543046,985857,77
300322,520581,36
416603,848618,22
728755,199191,6
805350,531708,53
429340,919234,2
579723,418029,75
824434,270447,51
413154,890393,2
849434,452043,53
501490,558449,17
861232,731590,71
845767,808828,52
975387,334584,26
353307,33966,5
877491,992951,86
541546,767769,20
897056,829431,52
254770,920065,72
533365,272047,19
308981,49304,5
653504,442657,37
742728,34613,59
742753,457315,69
98691,700767,66
792316,459259,69
777969,338981,30
261327,137860,12
24637,85065,43
702893,523409,42
942582,986318,92
50024,764552,70
829061,43849,39
978310,461329,96
572504,89810,90
447585,563567,76
870862,587316,15
34016,712580,70
338022,140635,12
654145,226822,6
212531,9409,74
143084,818460,46
873430,747653,71
815036,317864,30
355994,206110,65
104642,724333,66
869180,315457,21
901194,380762,89
481214,763715,20
773841,960878,86
492286,862411,22
546181,666267,78
962217,995837,92
41548,309354,68
323093,238310,97
292246,778781,82
973001,243616,73
456654,990756,77
644206,180946,31
161621,368979,35
441662,25713,4
160668,353019,63
196628,738319,7
944198,150706,60
928135,165252,34
398952,192838,65
38952,678856,50
540988,398900,9
326248,254285,97
768345,587831,42
681003,632423,27
145065,114841,94
134702,940715,91
597889,728435,80
814962,68619,39
294251,484582,36
370584,417897,13
603858,53817,90
515088,88463,90
801163,162107,32
532532,272332,19
92004,316225,63
801320,801581,71
177734,189664,62
683596,198111,6
662746,786578,1
18957,619718,50
601523,807753,44
911892,173415,16
601521,769983,44
110526,622131,50
155984,635295,83
413493,584813,76
954861,350841,26
585577,803787,44
251449,112080,98
740572,797936,1
918316,145153,60
589125,434005,64
337678,357840,13
224015,32727,74
51154,756426,70
265735,210164,97
238242,143530,98
319926,1836,5
870503,545383,53
256183,670661,11
812127,431654,69
819177,924239,86
687702,221992,6
31496,365145,8
992443,993350,92
249425,95995,98
395840,895051,2
127981,992197,91
862342,395634,89
427570,179407,65
298593,462743,13
338331,341108,0
15148,606920,50
510841,716092,20
362174,72087,5
579359,302700,19
485224,161817,55
666322,890260,40
615217,965049,40
583347,329338,75
199666,795792,87
878042,261509,21
192523,749501,7
864739,683983,38
707240,588843,27
688205,664477,27
868935,205119,16
438702,265993,3
559778,205532,31
379815,551844,76
852769,503733,53
249469,826688,87
158355,474747,33
80248,739783,66
548855,622138,78
274131,329745,61
31437,367204,8
609077,758717,44
771104,945553,86
909992,236037,34
87934,907489,99
171181,45733,74
645968,788124,44
8780,569659,50
266679,83145,98
419425,277292,0
457135,79489,4
973621,660357,95
621917,562491,58
796794,718596,71
459440,812268,22
802520,955953,86
711307,948116,45
999523,994688,92
731868,517718,42
291460,572471,36
530835,755680,20
720245,161140,6
285686,531010,36
692001,462214,37
432737,18131,4
741444,456405,69
802459,933806,86
481562,626222,18
916344,995180,92
5256,349706,8
522843,423980,9
834547,233853,51
383804,594042,76
64335,281088,68
257650,339205,61
26523,783896,70
944697,535683,79
225906,817319,87
684041,691821,80
437205,104553,4
227023,585704,11
927636,792555,10
483970,85522,4
375920,91669,4
689699,786206,1
778954,883542,24
700110,764320,1
929667,919360,92
693790,536900,42
689671,302732,57
32091,364763,8
588211,68229,90
725931,738193,1
825905,1430,39
36024,461895,47
85707,480507,47
896083,475724,53
496488,484992,54
270452,499604,36
856801,265823,21
701401,448395,37
181621,516063,33
471253,353866,3
426556,139335,65
807829,196520,51
917499,414711,89
61287,57642,43
801934,106334,32
168787,804843,46
11445,369362,8
873568,68453,29
504581,497687,54
631514,871624,44
385919,146647,65
696861,154459,6
993785,552813,79
134521,903590,91
649209,260288,57
668817,816167,1
335527,209680,65
91962,616759,50
874581,87120,29
239494,183354,12
644236,679626,80
486406,28899,4
710768,888546,45
802102,941875,86
98658,146707,94
706142,136080,6
100530,615176,50
264690,661300,11
475871,975311,77
54017,877335,99
379938,625605,28
552031,1560,90
233574,694353,7
992915,933750,92
543142,587734,17
60186,551112,47
549654,48470,90
638135,150104,31
799005,882166,24
567202,973949,77
164509,912175,91
940300,637523,95
859625,732878,71
491094,817193,22
570139,335243,75
439680,703920,67
796198,709476,38
176797,432529,35
524753,534328,17
464790,729573,67
949714,859153,10
791328,861322,24
251471,484224,81
362398,831006,88
732089,227292,23
98435,405506,35
354965,901937,88
871217,556512,15
299646,158634,12
169590,310911,63
482435,296743,3
368680,416030,13
218897,3468,74
298655,510029,36
67452,667298,50
282552,854794,87
534360,991410,77
644262,120634,31
509230,633199,18
187052,789607,87
933293,858954,10
446588,819879,22
716135,94644,59
693680,681464,80
368547,170973,65
552065,571954,17
839112,965840,86
873180,542780,53
507600,246409,19
399616,352466,93
902603,63379,29
222748,735494,7
448992,219589,65
646993,12210,59
216018,628218,11
469413,432828,9
541675,939586,77
633266,306340,57
666378,828446,1
707571,153047,6
267912,801923,87
932127,269160,73
785977,918159,86
503424,61040,4
902341,654848,95
38989,302344,68
498881,696893,67
689007,156253,6
151924,397182,35
438673,780594,25
454620,807844,22
439983,795013,22
785074,749591,71
380864,184302,65
570255,292399,19
357436,438052,13
351988,878070,88
738440,973795,45
582230,545129,17
986663,861096,10
440710,25186,4
308152,119321,12
438219,152999,55
463220,349622,3
104110,779896,46
724160,972539,45
470074,548581,54
4486,400673,8
122386,949800,91
303924,61633,5
870615,441775,89
914552,885072,52
408293,195417,65
381698,211104,65
39517,175498,48
597726,986537,40
734726,544436,42
348383,277859,0
990287,760008,14
460086,671700,67
271231,587133,11
949957,931784,92
504758,469649,54
396571,169858,65
811065,579080,15
601400,735886,80
44774,532076,47
610747,831990,44
264089,547925,36
978352,177074,34
97843,463341,47
378099,725730,25
345329,958603,2
248968,406783,81
807434,556127,15
839620,500620,53
935755,236319,34
814865,443082,69
895654,259162,21
738184,662687,27
780858,887030,24
313394,224970,97
86677,780612,46
752053,769944,1
464647,334626,3
71165,74508,43
264458,759002,7
550863,361216,75
970389,337856,26
359002,756559,82
494418,699943,67
943422,106997,60
315055,133490,12
577684,135346,31
776487,427867,69
164726,554262,33
496929,885865,56
743667,827247,24
557002,546839,17
733646,389960,49
60428,614203,50
918520,573909,79
688724,392475,37
336424,282852,0
900423,420224,89
720208,549713,42
27525,620819,50
109094,554558,33
465264,704534,67
114303,103995,94
854656,217504,51
596911,289522,19
4781,358404,8
707352,475225,69
109743,459680,35
851583,559585,15
952423,382795,85
643621,338934,57
473830,674079,67
261513,250141,97
130697,631121,83
266254,939642,72
566372,30669,90
466522,849075,22
414219,780996,25
209325,126657,98
725409,964372,45
204667,854535,87
177780,955489,91
919241,690099,14
495455,126293,55
613258,29503,90
871798,319657,21
481145,618702,18
532360,391031,9
60686,950043,99
379302,944826,2
696410,573070,42
601486,188413,31
669027,346244,57
323331,234650,97
775316,746426,71
196615,514219,33
491173,147911,55
940257,908176,92
721611,117297,59
426649,705571,25
544606,200413,55
357850,392564,13
830532,767373,71
245667,940960,72
715201,391097,49
174073,647322,83
548043,971243,77
696372,925877,45
215634,161900,98
55018,692313,66
712377,927157,45
736419,9442,59
702278,193423,6
873701,299579,21
34149,951728,99
693823,90131,59
832839,531748,53
92617,615242,50
375174,558060,76
315037,842529,88
397334,996283,2
540533,740281,20
919056,576565,79
343349,683385,84
665875,370513,49
214538,748167,7
446293,846754,22
396340,293551,0
723051,330260,49
694860,516403,42
187296,898200,91
62859,473736,47
89044,570969,50
282264,12729,5
946365,557043,79
228743,489589,81
526077,787772,20
90832,613466,50
524275,492640,54
809019,193754,51
435362,129505,4
599866,953626,40
608512,275670,19
195504,844361,87
176793,362577,35
840003,933959,86
49911,856005,46
892507,374373,89
98489,310047,63
966367,742655,14
818864,662743,38
726565,387198,49
638107,672312,80
548576,932851,56
435298,66872,4
925143,885400,10
928200,271243,73
793021,314549,23
640995,213778,31
977363,555885,79
772577,705172,38
829628,567413,15
525039,331274,3
737436,99259,59
247223,87075,98
474772,494537,54
692599,516586,42
266871,307844,61
934273,338196,26
70992,164320,48
727164,453575,69
251208,60588,98
310708,79585,5
587223,463827,64
549220,753440,20
81967,628838,50
883188,745269,71
738993,263774,23
252134,618627,11
279758,899576,72
184474,455079,81
515722,746013,20
252630,954000,72
891029,525111,53
545027,275310,19
150651,2932,74
294089,760183,82
408843,427214,41
199685,114638,98
727531,622335,27
598898,686753,78
261990,281647,97
655805,124417,31
76785,539114,47
891933,733319,14
906484,293005,21
545655,831439,44
3921,905456,99
5526,882332,99
369770,735118,25
141150,313866,63
158647,389433,35
207380,435936,81
778949,800379,24
979574,702166,14
313365,734695,82
33476,640808,50
73189,99124,43
985379,271688,73
269841,230461,97
362685,654859,84
231651,368074,61
235097,287191,61
820091,274543,51
249241,9917,5
678295,115614,59
125262,280675,63
313908,856657,88
850144,379250,30
65252,690552,66
113330,747760,66
609669,721912,80
190006,433261,81
828784,379513,30
481946,68224,4
642831,69959,59
808594,54329,39
113497,553255,33
565972,294944,19
126846,906555,91
471429,321953,3
80407,412935,35
201160,909171,91
437240,709054,25
74241,785185,70
605176,201206,31
672562,764634,1
207786,266759,62
434289,103170,4
980116,815910,10
15355,87549,43
442900,826637,22
293995,178349,12
517254,501914,54
669621,331681,57
572627,152685,31
177783,14391,74
872634,375753,89
296348,732522,82
500094,87285,4
7657,704407,70
979880,855337,10
659977,236226,57
250389,302308,61
902957,15090,29
632960,159258,31
656166,187857,6
320460,984458,72
788390,486668,69
441296,874194,22
590725,325379,75
651586,222481,6
242704,129406,98
939541,869561,10
717435,943433,45
289923,747777,82
896686,607217,15
503987,509549,54
1682,269753,68
749156,73985,59
479922,62532,4
980282,610942,95
105635,416264,35
164514,990134,91
188208,222138,62
473590,627330,18
543549,428615,9
741584,806742,1
915616,768114,14
702680,955289,45
549590,963876,77
868379,853343,52
146423,932871,91
765242,436944,69
734316,657662,27
329395,152620,12
99952,893283,99
418872,996885,2
657946,111299,59
609638,196207,31
665238,668164,80
840772,871409,52
774441,34308,39
620934,51083,90
552081,836282,44
396369,779991,25
322735,223456,97
635159,131277,31
376563,909277,2
220471,462544,81
991298,759093,14
87453,832851,46
741322,411507,49
214559,108407,98
999143,604129,95
603262,36722,90
195439,746900,7
158912,850667,46
166604,115325,94
279049,977652,72
408719,356568,93
852463,347729,30
286178,796032,82
910094,951507,92
987254,793666,10
152247,829269,46
528978,544597,17
44935,228151,68
537233,287012,19
813435,402472,30
352614,388736,13
488699,565002,18
995051,822396,10
13678,886824,99
857035,191593,16
108236,122851,94
756995,824486,24
150788,309716,63
399455,650874,28
241976,906605,72
325059,280044,97
708504,841474,1
656512,6583,59
640576,162587,31
612522,674038,80
560270,464324,64
893828,579301,15
321782,196547,12
368760,752038,25
508559,365599,9
628076,74059,90
714313,465553,69
562909,827049,44
219854,97050,98
135472,891008,91
175929,855071,87
188255,16365,74
59868,211032,48
817586,180635,51
938772,941440,92
785949,446675,69
272453,129615,12
442444,158165,55
280727,193529,12
651742,843516,44
984877,840599,10
951422,551836,79
711018,91314,59
725873,755499,1
678151,685964,80
8159,142032,48
132353,464406,35
284504,660414,84
587088,197138,31
311943,828816,88
913459,516004,96
485725,589431,18
581964,80122,90
626225,979941,40
871247,54104,29
340678,789414,82
686328,119098,59
688543,346397,49
908514,402216,89
58528,682053,66
272175,455770,81
127667,704592,66
91144,861484,46
977341,175070,34
406881,461404,41
831509,179175,16
408950,234339,65
538043,894743,56
960292,642988,95
712940,382726,49
482845,180348,55
114864,521113,33
355929,99462,5
661398,131774,6
740526,28087,59
72247,272030,68
10248,251930,68
198355,767121,7
17276,362470,8
49752,191072,48
354880,472929,41
518018,336337,3
830708,721522,71
630718,481481,64
252647,245298,97
727503,155203,6
502937,871887,56
811566,3548,39
638851,172409,31
678430,374539,49
877053,644820,38
501485,464392,54
40094,866828,99
788481,12168,39
523886,952386,77
757139,249761,23
738267,64984,59
195586,226239,62
409432,327501,93
317846,46767,5
16563,382757,8
998970,702863,14
19046,121363,48
756934,800922,1
112704,223258,63
300602,220496,97
883752,223518,16
681928,178903,6
832802,905771,86
305708,34757,5
161672,236110,62
302437,72991,5
760684,831855,24
998637,93618,60
439369,475287,41
162233,661430,83
655312,829326,44
490510,14172,4
203609,66059,98
254487,174726,12
620893,363857,75
350442,888545,88
786935,21641,39
735543,282751,23
203236,793177,87
928064,975354,92
788256,226468,51
248845,346382,61
643177,876585,40
771289,66630,39
864525,82475,29
174043,154096,94
905097,968233,92
106408,401808,35
188752,363141,61
321696,753521,82
431382,242732,65
597235,742365,44
933300,987721,92
637817,794245,44
886756,714001,14
229172,706534,7
729733,634738,27
54282,331635,8
796682,838679,24
688114,147061,6
664881,667225,80
57874,690168,66
657937,960117,40
694185,168199,6
920640,203439,34
206170,110557,98
144705,65636,74
158263,941452,91
986022,78691,60
566910,61587,90
104101,630804,50
929296,691151,14
185061,332708,61
831986,200734,51
749530,353269,49
404256,347057,93
988728,551931,79
315847,440924,13
619610,799650,44
731251,142957,6
694893,67684,59
577555,981491,40
919501,65172,29
355170,346690,0
834055,972260,86
779262,59879,39
398575,857604,88
750971,571883,42
642750,704931,80
776813,907664,24
109388,488309,47
18447,55251,43
616118,103227,90
944677,190610,34
593289,423058,75
341075,451556,13
307720,860379,88
402792,727874,25
383161,802457,25
896709,992447,92
56994,914718,99
678475,138713,6
358225,704085,84
559016,390220,75
434006,350200,93
818301,192531,51
872938,478734,53
91124,537121,47
393711,112491,4
652164,923250,40
68032,415056,8
860760,794799,71
190971,651142,83
748752,284219,23
871819,665261,38
58332,394125,8
63536,859468,46
79395,393250,8
366335,994811,2
800002,641310,38
509060,787132,20
338856,158585,12
354169,520302,36
719521,998148,45
882981,277365,21
687378,767482,1
85428,791894,46
369500,194908,65
834106,821170,52
420066,57967,4
261084,54311,5
815993,407314,30
740859,627479,27
45850,611005,50
164433,637471,83
986132,931881,92
136689,334619,63
951539,519416,96
837109,291735,21
203639,570053,33
893430,890659,52
313439,975644,72
665164,420696,37
638107,672288,80
153963,666035,83
59348,468570,47
268265,744266,7
891606,233354,16
988942,164043,34
82746,720882,66
873647,395500,89
183476,691724,83
806534,417166,30
324512,78816,5
677118,332329,57
455914,548574,54
893985,218642,16
730842,268588,23
163299,576881,33
647679,550837,58
928598,956074,92
742461,555660,42
981977,87476,60
214692,338468,61
639572,295846,57
289153,798885,82
863909,733934,71
229066,927139,72
429759,964289,2
818938,905304,86
455037,821781,22
684952,995527,45
822753,18389,39
70937,240041,68
377460,976235,2
587928,315384,19
668721,204499,6
21890,916891,99
187595,925093,91
47259,283392,68
986079,33093,29
205561,863813,87
111738,997105,91
345191,640965,84
700689,491511,42
826568,128578,32
17854,84332,43
369419,833065,88
338204,205871,65
86560,829287,46
829949,961778,86
603205,77624,90
634115,581481,58
961196,824024,10
375197,938742,2
444591,241006,65
598401,327478,75
934315,37459,29
577749,233042,19
740501,607937,27
597629,355913,75
836566,175557,16
593397,223945,19
843815,14220,39
996326,265544,73
6362,929288,99
548836,301922,19
405529,737987,25
361289,195685,65
893968,928245,92
21213,533108,47
950154,248537,73
167070,960353,91
653279,662935,80
962557,711074,14
37491,118308,48
416531,644500,28
113898,297950,63
647953,161163,31
682686,916851,45
527574,948806,77
583622,941817,40
126646,548033,33
791941,165645,32
7945,541111,47
464490,700059,67
900155,921713,92
246499,922173,72
976847,873194,10
777344,826649,24
493520,602720,18
919338,328377,26
37572,477177,47
928073,129776,60
160354,75080,74
874598,376743,89
926882,113907,60
451018,264014,3
290055,961966,72
778481,931340,86
47409,819754,70
620922,850305,44
81664,537346,47
185885,169283,94
143769,340872,63
39713,461281,47
765011,546981,42
112862,877555,46
78375,254308,68
158693,166552,94
252053,266403,97
443798,923218,2
531980,997333,77
185426,471313,81
364579,479593,41
521854,803166,20
823094,744740,71
850538,8553,39
754085,911901,45
331625,637908,84
331571,722943,82
511835,415936,9
642212,663744,80
561657,771752,20
845337,587539,15
768258,126663,32
839033,629980,15
82735,537150,47
892533,804957,52
912979,448058,89
520675,997756,77
296419,916393,72
826693,237557,51
637163,806109,44
279119,153298,12
489103,365647,9
440680,511064,54
459311,650101,67
252403,140406,98
815311,941738,86
801994,119700,32
813133,337567,30
489177,604029,18
927973,452405,89
586986,475611,64
602374,104119,90
937191,370627,26
128304,420426,35
104518,646213,50
903370,945466,92
448965,761747,25
686386,100861,59
183301,744829,7
357013,322779,0
955738,99845,60
98853,434807,35
808612,355699,30
239105,647397,11
806602,562955,15
588234,453591,64
515082,988653,77
299751,927433,72
367399,891753,88
705501,356234,49
239586,734517,7
39232,387669,8
566603,897052,56
764621,990346,45
752391,451622,69
426554,107959,4
472837,974783,77
189120,550857,33
253909,455776,81
233284,807043,87
984967,345015,26
671210,29289,59
273977,740758,7
936506,859806,10
769486,758280,71
415389,445375,41
425057,947097,2
873878,269749,21
677052,216343,6
88089,518866,47
595724,339958,75
683586,35628,59
806727,664484,38
983568,839102,10
789856,114476,32
1505,300734,68
442308,883352,22
507226,950580,77
404398,718290,25
307779,852450,88
132817,258515,63
873884,377471,89
163168,367998,35
948505,527122,79
349965,862056,88
577549,871358,56
919746,187078,34
230513,246126,62
640385,960420,40
794966,856,39
400143,216369,65
523783,227532,19
144010,392802,35
835693,493531,53
780511,63272,39
414481,192619,65
350510,23909,5
842323,930127,86
651531,293115,57
393437,508606,41
153675,825653,46
751977,489347,69
462525,658177,67
984679,502519,96
848636,36629,39
632701,807515,44
910598,426925,89
335706,220836,97
598261,986447,40
219588,617878,11
691638,364220,49
449727,575290,76
904654,535703,79
562839,650636,78
248767,38650,5
599542,516483,64
544796,390629,9
317204,256418,97
631908,479756,64
265035,455599,81
266550,909230,72
431088,298157,3
127291,389487,35
118353,171400,94
727242,758435,1
20474,113536,48
212603,230009,62
776523,24510,39
948005,126000,60
689736,396209,37
97237,273565,63
808693,708338,38
46568,670837,50
767552,257364,23
523366,221656,55
382963,465770,41
207650,974987,91
618400,463487,64
837935,184081,16
853701,153717,16
524453,498005,54
977355,415504,85
379271,412508,13
22212,321476,8
54113,491993,47
941010,559627,79
660749,210311,6
703306,469124,37
572652,575238,17
34503,901341,99
851907,11669,39
121777,718396,66
85022,979533,99
11802,365073,8
789225,505339,69
242796,683363,7
293528,328704,61
535729,9490,90
512205,644505,18
201679,625781,11
517247,381043,9
200021,763085,7
179990,95470,98
572110,457338,64
485947,322062,3
899263,926437,92
633644,658480,80
75982,42916,43
290094,624249,11
769189,764915,71
938873,648919,95
385188,859818,88
971735,957801,92
768125,882084,24
196007,290390,62
600850,491762,64
54771,550160,47
548775,276753,19
402198,752438,25
239159,548024,11
649110,601012,58
210815,176204,62
462408,694909,67
335910,640631,84
87093,776822,46
63933,524404,47
659777,885632,40
818681,574191,15
443079,836478,22
701945,606343,27
809039,527776,53
336622,609051,84
328846,926552,72
567626,92846,90
462755,535665,54
934899,847742,10
11346,703965,70
553016,545128,17
967058,358936,26
649378,106605,59
726222,626559,27
591455,596883,58
825724,943918,86
431406,641884,28
155968,369402,35
548679,649596,78
775279,116717,32
666181,509995,42
501558,695988,67
484125,698355,67
266491,928484,72
36242,128416,48
303309,728665,82
685837,869408,1
152977,87930,74
849605,317700,21
588770,469592,64
441636,586638,76
627677,383233,75
6927,430766,8
895927,853647,52
259789,278292,97
258104,959287,72
741646,861008,24
976443,94251,60
86001,431539,35
884702,202992,16
697794,834284,1
822356,347223,30
786475,285823,23
839609,314134,21
653339,672701,80
99521,665349,66
536162,280046,19
749710,387928,49
918533,799527,10
660081,982703,40
302427,896772,88
55847,622421,50
32266,306500,68
354329,218709,65
844268,623556,15
110067,896549,91
311477,998439,72
777968,323884,23
524934,575194,17
288533,377064,13
330622,774344,82
412543,623551,28
27428,989044,99
874880,111696,16
288709,333835,61
780831,442648,69
597783,954776,40
932186,256872,73
249454,576636,11
526023,884703,56
208533,826548,87
802852,546649,15
546427,809578,44
593412,475828,64
255989,415909,81
192172,846313,87
988814,13216,29
130884,777447,46
561692,368849,75
257808,984385,72
562773,537507,17
892235,804885,52
708579,97841,59
417643,328954,93
746253,287209,23
130704,746279,66
713269,916352,45
144414,167801,94
231990,63558,98
229663,948312,72
280595,976225,72
417908,788474,25
898702,489033,53
186425,247527,62
190353,267984,62
12138,14921,43
786947,231826,51
314382,819284,88
711179,790105,1
295972,405567,13
379092,410743,13
361258,678175,84
89265,281920,63
239890,832301,87
492917,470334,54
916532,164813,16
20227,971563,99
74371,958528,99
991254,21153,29
520947,562627,17
79033,321459,63
771840,318588,23
523854,425319,9
344797,9338,5
945133,855381,10
389183,6560,4
265074,111050,98
424769,99358,4
920986,21523,29
740187,329050,49
359526,566092,76
322584,673922,84
622218,630308,58
592288,588483,58
638014,114277,31
663402,803335,1
660286,429084,37
625125,478427,64
934690,339251,26
804762,638473,38
826726,787501,71
534460,680889,78
706589,641537,27
313208,96739,5
906605,310909,21
459723,574082,18
602035,413347,75
128374,583909,33
775179,444621,69
749282,188514,6
359523,508482,36
72925,663146,50
498597,930673,77
833717,293063,21
514833,813434,22
388995,844543,88
236371,693171,7
139819,947332,91
811567,8635,39
138413,315868,63
801015,673243,38
200525,223821,62
763551,7056,39
590476,143178,31
409123,139643,65
995757,702449,14
62265,496860,47
742088,285157,23
643041,592123,58
811695,162319,32
101568,55246,43
520268,159936,55
46296,102444,43
792933,829903,24
185660,395368,35
964638,676483,95
652849,435565,37
550568,397819,9
152064,754179,66
490488,635032,18
987000,521830,96
407496,798676,25
362071,334469,0
428098,53461,4
524284,646999,78
128815,997524,91
391913,897729,2
131898,814592,46
857323,38682,39
143491,655835,83
625899,492098,64
705739,357787,49
326824,935308,72
723834,481253,69
427939,385921,93
184573,128983,98
817850,612324,15
342845,210738,65
881800,427627,89
130671,190591,94
267235,427266,81
67747,628410,50
691842,801718,1
477036,544904,54
215598,561719,11
816658,586970,15
209710,606022,11
413297,298958,0
603735,989949,40
79590,675763,66
550824,712230,20
462383,277724,3
714113,98931,59
741811,619232,27
444505,811136,22
776045,990718,86
13863,995951,99
953366,228704,34
835594,833887,52
140233,909858,91
984806,637788,95
303375,836684,88
148193,692898,83
545404,609567,78
996409,659240,95
861061,858248,52
588379,893258,56
553,302109,68
553475,261748,19
200798,827698,87
130502,349047,63
447881,536121,54
588399,229221,19
523185,171775,55
27688,360948,8
461790,311938,3
756203,505861,69
9825,129801,48
575003,78633,90
600173,119382,31
467887,790558,22
921829,195578,34
92933,926286,99
102048,130149,94
422412,484742,41
71809,896248,99
247182,394950,61
930477,537869,79
968182,245945,73
611228,917209,40
533037,760546,20
504739,158097,55
140300,33192,74
866613,180893,16
274111,983804,72
798125,100753,32
355945,381289,13
337149,479427,36
731777,976307,45
792547,348660,30
928703,715504,14
489538,676932,67
200834,424584,81
991452,344550,26
858842,562249,15
729703,133921,6
819681,391462,30
316090,530390,36
270822,715025,7
432784,810919,22
124769,8727,74
684872,656654,27
390260,104710,4
875568,683202,38
591536,959650,40
843084,720645,71
885627,737099,14
424288,13200,4
867503,136263,16
175784,415960,35
41967,350887,8
370304,703190,84
530290,584858,17
713165,178672,6
940850,873719,10
601849,286603,19
940481,679218,95
626374,474533,64
488915,205711,55
401028,84201,4
175296,214159,62
386127,641387,28
791552,621400,15
871793,238403,51
855829,924247,86
826691,201572,51
826413,532837,53
405812,489540,41
714764,54502,59
20711,106190,48
741376,307548,23
975924,361745,26
852747,125140,16
240505,174832,12
416873,392404,93
148569,3519,74
147042,337802,63
439983,800248,22
783854,249551,51
217802,605584,11
53951,765247,70
517932,887348,56
661536,440960,37
227993,889612,87
710972,310963,23
356093,860033,88
590797,530256,64
25609,417438,8
889163,178373,16
925235,435272,89
619462,304408,57
195946,276109,62
566582,553216,17
914974,981726,92
876146,388581,89
892621,296835,21
909231,445786,89
326123,154086,12
734435,655225,27
376752,77031,4
666373,739124,80
466795,429505,9
693956,329443,49
950934,348955,26
902963,108279,60
853403,151829,16
803287,847353,24
467492,144703,55
30574,868973,99
829608,233431,51
281467,629755,11
301707,790169,82
382906,505122,41
601844,199714,31
607957,948931,40
692609,692664,80
604029,916382,40
644941,535503,58
214766,574095,11
825564,264114,51
971981,90327,60
140247,137941,94
390566,243692,65
744170,272283,23
275760,714148,7
699847,344722,49
751476,60285,59
212392,681330,7
123396,925688,91
53287,608609,50
901716,144058,16
184126,621452,83
747658,895350,24
158646,377811,35
873764,362032,30
683503,641032,27
825182,840911,52
199260,979533,91
14526,140223,48
739877,115585,32
645795,881160,40
665054,573625,58
930878,282618,73
970928,401402,85
377619,656876,28
121896,716710,66
760007,442054,69
608636,356569,75
857229,454242,53
449819,113962,4
365341,297652,0
637426,222279,31
843758,57242,39
81743,869167,46
102831,282566,63
95369,874429,46
543409,90667,90
852745,95658,32
737657,809584,1
681826,458221,37
329314,786449,82
863653,428241,89
451844,147923,55
142381,3093,74
984662,215605,34
673323,545517,58
518864,560591,17
866827,771295,71
155186,214598,62
756696,800286,1
415388,428290,41
278066,460679,81
640640,238870,57
689148,517946,42
126412,614812,83
161132,154923,94
797646,38277,39
335809,957734,72
648046,719996,80
984715,118110,60
84900,928852,99
217477,147341,98
364358,768258,82
118876,958933,91
802684,725854,71
433749,28142,4
995563,442586,85
548134,501244,17
413189,477128,41
105874,427443,35
43231,585471,50
12472,619423,50
654726,981077,40
967103,101831,60
479304,674999,67
714045,958269,45
635340,165944,31
22378,117352,48
350474,426084,13
196838,261986,62
202554,334918,61
977030,958552,92
393412,90396,4
300428,299656,97
323528,539249,36
159444,782065,46
169668,619777,83
599049,219616,31
99443,343280,63
515300,650995,78
276175,682348,84
237983,787733,87
437784,837347,22
304980,808332,82
645195,801329,44
938495,299800,73
749170,309003,23
428162,134752,4
785094,78314,32
231041,119045,98
793097,581905,15
81180,406022,35
27826,685708,50
709456,828054,1
108689,751596,66
84450,356691,8
908231,641616,95
647369,343484,57
945879,398898,85
290685,546575,36
297761,481631,36
786677,681881,38
374329,353567,93
411834,696195,25
964449,500440,96
908429,972949,92
364581,526903,36
667783,437339,37
363141,322690,0
458820,393258,93
491298,258674,3
550181,907967,56
203540,908460,91
500243,591520,18
679881,761771,1
97192,519361,47
