x,y,cluster_id
242578,13469,30
383138,414652,54
67768,993126,69
484308,765337,49
31833,30935,45
932640,887879,73
591329,478778,42
833354,186335,93
735652,115053,6
698658,355604,77
638300,908210,92
294000,264971,94
377493,541620,5
9281,999465,69
12901,842497,69
852470,467010,88
53607,976747,69
196754,856972,84
144213,800662,84
729397,985790,20
183405,499760,51
469862,970991,36
450770,95791,17
974081,390235,1
680670,26669,29
231241,468739,35
97960,415410,48
796294,316402,53
778534,828493,66
487140,369048,50
602845,24264,65
811111,355792,52
806109,274877,67
859817,951019,82
777276,680837,58
835185,961129,82
705424,73751,6
536857,957185,36
418065,418776,50
381617,836927,44
240062,726211,14
431612,116690,17
223913,309587,99
244801,377033,85
807539,314736,52
775229,283334,53
996348,632867,78
600910,509480,42
834128,199442,93
35980,730005,9
197911,293197,96
770346,214750,4
309220,60662,90
557590,416916,62
115944,685545,46
959950,893088,73
136133,997800,63
27973,148064,41
522975,641339,0
989146,578132,38
680530,674978,18
362046,914709,44
530369,917610,36
283108,208988,94
471815,806578,80
161689,514298,51
813117,64168,25
479624,43309,91
902915,294501,56
685730,66033,29
821219,242774,67
310257,492554,35
356179,307990,13
396981,70916,10
886516,684032,8
528226,902819,36
686503,63316,29
152140,23765,75
418942,174793,17
752751,490316,28
747743,329274,53
117577,118127,98
374985,376969,50
728744,14480,23
382012,490499,54
827576,79664,25
923967,118042,71
938251,195973,26
726117,857863,92
103637,838910,84
565110,810400,87
406969,934977,86
160874,816054,84
431739,248100,2
830522,596218,16
645779,608168,18
495466,304382,59
755627,828610,66
455550,438144,50
897430,118944,93
98993,780745,84
997533,539816,38
698849,561277,37
384785,92576,10
929386,192648,26
841254,969376,82
318446,127999,83
288386,909935,21
279052,41813,90
755507,809000,66
866244,973541,82
313587,467795,35
243042,823442,95
599615,743697,49
327666,83176,90
951140,823081,73
527120,310801,19
646964,528517,42
786098,952490,82
515310,819254,80
207082,441170,76
757169,750570,3
841330,249551,67
217528,1761,30
607765,712493,74
871078,223776,67
14974,680695,9
452619,175360,72
288399,131390,32
272306,650010,7
719640,990750,20
535380,148002,72
469616,838895,80
313226,398227,85
5279,739131,9
580105,833601,87
347811,666053,43
354997,440055,54
14917,711650,9
706767,635577,18
146365,957588,63
183773,679719,46
48126,868372,69
730391,687771,3
373259,371670,50
663645,885499,92
586741,364693,19
406085,74556,10
75646,387667,79
531298,530090,97
229012,19601,30
439383,726733,33
208291,749221,14
166750,575130,51
211249,463602,35
769233,500985,28
67848,329471,79
430095,618497,0
83209,503956,22
994746,709053,78
62870,660778,60
710643,782564,3
561766,616936,97
851959,876326,27
416611,994392,86
751597,103922,23
622708,854272,87
763144,172256,4
113940,992884,63
414314,380142,50
62500,450930,48
789565,228458,67
697292,386877,61
247648,231501,94
849283,902588,27
803927,613533,16
663457,738469,3
452902,931007,86
436138,171789,17
273068,465220,35
955457,369525,1
607397,533230,42
999677,575269,38
555215,505000,97
540809,380896,62
724384,729940,3
104473,885740,69
639572,287519,77
332946,834822,44
860169,869593,27
256492,871667,95
117700,192914,34
305697,859094,44
796018,674653,58
900226,112347,71
221747,915444,21
880066,285789,67
257319,771158,95
861762,644236,8
684291,882927,92
369671,66247,10
417820,301777,59
980466,702029,78
7364,783108,9
703318,672688,18
870522,869668,27
524434,177186,72
980344,642136,78
393063,217912,2
447246,868568,80
31640,773725,9
9819,42467,45
744825,278843,53
523351,969780,36
102327,819686,84
470454,926986,36
854907,426604,88
934752,387852,1
632230,906357,92
147351,540271,51
343122,859703,44
37949,811880,9
271485,855588,95
870383,540877,16
534808,524330,97
423039,21274,91
554457,763045,49
498689,467937,62
617602,46054,29
32396,486973,22
571333,395104,62
522923,772502,49
453133,808894,80
94785,52884,57
826935,303685,67
42690,506413,22
285958,109358,15
982686,19644,71
173411,524345,51
675854,86444,6
873180,538256,16
478759,506532,89
299840,413003,85
344194,871591,44
838942,102171,93
196498,555389,51
424329,714240,33
233338,727393,14
302701,508484,35
92123,325340,81
998452,999447,24
711751,399947,61
915277,68584,71
703078,646216,18
966967,821532,73
497813,752719,49
952957,363209,1
467852,199519,72
319607,637251,43
293620,877284,44
523256,367777,62
237859,699470,14
999000,202858,26
442180,722977,33
79262,168652,34
539282,715609,49
251904,750679,14
674102,637241,18
116274,231005,34
506655,355788,59
732259,84308,23
967997,128374,26
585623,581955,97
922186,193661,26
864539,311585,52
811253,744298,58
429059,196341,2
917628,585903,38
274474,86126,15
521532,393337,62
826258,922274,82
661199,778269,55
376760,214791,2
994520,904005,73
626417,198418,70
813554,408777,52
327680,324291,13
367317,511847,5
620384,803852,55
341576,879053,44
250295,716161,14
534048,751257,49
386673,821553,44
854750,796623,64
844887,19776,25
383249,271130,13
883418,620394,8
964801,416189,1
902504,390258,1
74399,429715,48
223790,239575,96
552139,814155,87
516846,642578,0
822119,358702,52
709654,167894,4
807477,278000,67
359047,513118,5
989323,555229,38
734375,650304,18
661679,842450,55
72134,360306,79
669352,806694,55
106581,312340,81
513709,915202,36
801957,495907,28
725267,570966,37
239062,924139,21
4986,808315,9
353592,834880,44
839796,454535,88
374671,108680,10
592807,314266,19
880309,355704,52
327136,184438,83
855266,459639,88
154120,306519,81
672925,858988,92
25724,353126,79
998767,287106,56
403714,223334,2
576057,802292,87
127505,976868,63
225842,738540,14
646862,809815,55
561670,1315,65
111739,2849,57
893928,255271,67
349886,542663,5
542610,659326,0
304556,687893,43
434005,323590,59
589821,134435,31
462490,70127,91
629891,585425,42
253674,504712,35
696317,16186,29
52367,132880,41
315584,25240,90
210313,743236,14
574919,671006,74
608211,212948,70
31110,873539,69
579454,892040,87
521551,712622,49
41863,596998,60
751981,550487,37
35726,446954,22
959509,480178,38
357800,549171,5
923869,471037,88
731501,345154,53
16405,722120,9
675589,628740,18
237498,636867,7
829868,607283,16
621287,975722,68
973083,621237,78
132736,906385,63
616378,468377,42
14476,303459,40
245720,816957,95
608290,539205,42
424689,751438,33
430810,628092,0
345266,893285,44
456783,165931,72
810127,812538,66
334136,834506,44
549359,88853,65
352562,523797,5
458504,87214,91
817071,518386,28
520241,704018,49
443985,70005,91
588148,7255,65
937220,858295,73
379421,943657,86
52889,905543,69
469229,342547,59
188338,400091,76
335425,498812,5
536861,26511,65
579792,570720,97
104485,89116,57
780534,447421,28
815274,324253,52
733585,370990,53
235025,68069,15
47294,877899,69
859542,324578,52
186882,928701,63
689450,600241,18
266814,354545,99
842451,76321,25
733023,918199,47
184514,137053,98
455505,682579,0
107825,225534,34
556607,898878,87
458725,805522,80
420218,606961,0
197918,418513,76
953410,967169,24
215132,729668,14
532081,695311,49
97791,579595,60
262600,528353,35
31083,414922,79
596607,175765,31
82470,85277,57
252503,829532,95
958437,460401,1
966716,608715,38
679522,741861,3
466695,750819,33
22240,788280,9
625487,571436,42
128128,461503,48
481417,186445,72
589343,103250,31
330431,556650,5
624015,829410,55
905440,730891,12
89809,423409,48
243339,806022,95
817059,316019,52
347653,17202,11
127524,307548,81
960467,574613,38
532236,291130,19
25211,730439,9
503756,634589,0
538167,985049,36
730439,490467,37
283424,520330,35
197125,91670,15
697768,401666,61
808041,751828,58
983132,511241,38
432666,828883,80
48384,205276,34
80313,821012,84
757363,8609,23
707157,189128,4
680946,675023,18
127441,915777,63
464064,524562,89
320625,760533,95
294147,739293,14
312291,675442,43
165789,427107,76
397577,92002,10
290437,384309,85
82044,925550,69
721616,213077,4
186101,803504,84
504920,205865,72
980372,124577,71
776937,996788,82
17328,239384,40
332762,745003,43
267561,910812,21
19009,497406,22
906774,166610,26
230936,355255,99
779472,588468,16
394199,317563,13
290800,475775,35
362539,193552,83
44196,805903,9
813759,851464,27
564542,260234,39
763298,762542,66
44144,930766,69
389826,819942,44
765440,760514,66
966042,280601,56
70368,685962,60
964895,1139,71
146132,46477,75
147215,254032,96
524450,432983,62
161411,846487,84
913975,182299,26
909292,474804,88
46046,897454,69
512430,424367,62
349529,550215,5
478212,309860,59
823446,666155,58
77972,484115,22
526598,538193,97
414083,500447,89
18624,25006,45
287518,320761,99
30486,382682,79
751338,737903,3
952214,869233,73
200549,641193,7
542255,683283,49
943362,87182,71
283571,981982,21
172243,900475,63
299713,279151,94
697794,836100,55
339123,647658,43
193305,887822,63
638140,228485,70
149953,269467,81
948273,637831,78
40760,64007,45
770440,791028,66
808978,506184,28
446060,935134,86
809826,753518,58
387116,265002,2
893533,617219,8
601806,554563,42
553467,135407,31
786284,90982,23
141422,887534,63
789736,94881,23
675275,347341,77
775765,297738,53
89194,87366,57
364210,280764,13
805982,141354,93
738005,650951,18
540762,602548,97
28278,269437,40
431553,118445,17
710573,606347,18
879124,448669,88
782282,820982,66
259457,706066,14
852164,326385,52
562070,710548,49
196002,221354,96
306021,297215,13
301958,10359,90
109793,296194,81
136531,678842,46
313124,676199,43
877292,655694,8
250228,591121,7
977002,486192,38
430209,531175,89
471716,133042,72
41837,161437,41
279457,847490,95
779934,351890,53
223913,306152,99
499712,666297,0
460131,429919,50
652146,630747,18
974738,421745,1
270729,152068,32
810341,405655,52
858824,260347,67
659526,658617,74
390842,895279,44
965477,784319,73
64369,856170,69
654323,218280,70
638217,520501,42
65709,374082,79
205302,517220,51
918035,424475,1
152224,438185,76
585705,946647,68
297843,849297,95
146692,467539,48
943533,961072,24
748604,789923,66
252586,226657,94
426687,344493,50
895017,552102,16
178670,911525,63
1627,348707,79
724558,661643,18
239147,350197,99
768439,165283,4
911430,418744,1
831055,548144,16
672461,65380,29
854762,994810,82
776296,213350,4
780540,535883,37
586894,931210,68
856026,239074,67
130708,813366,84
255189,965174,21
693344,48560,29
150135,330008,81
458016,877102,80
468099,356033,50
855049,823421,64
250833,762169,14
776482,340047,53
179205,906942,63
983798,704694,78
802638,939609,82
16014,161869,41
544660,113148,31
689317,352054,77
984868,680902,78
922855,425236,1
955076,975835,24
863676,810105,64
443603,642803,0
599618,782140,55
441281,616519,0
840588,775751,64
54643,393956,79
230453,232462,96
997603,714695,78
888529,521034,88
25289,44722,45
644519,436345,61
654821,587228,18
546599,692868,49
35328,765762,9
175141,595542,51
289130,412239,85
502562,564201,97
536599,627309,0
189077,819114,84
865331,624967,8
821899,668647,58
957923,814533,73
856777,853233,27
292285,447019,35
63966,92841,57
380868,255788,2
36412,991412,69
667741,733999,3
325196,583595,5
488764,667166,0
67141,453105,48
335806,898567,44
222368,343760,99
589718,397795,62
753452,271553,53
218,666513,60
86064,492552,22
331103,860917,44
437529,555893,89
900287,138799,26
797276,820266,66
220819,307277,99
411484,813708,80
5974,405751,79
461672,330896,59
385117,664285,43
653832,955598,68
749923,957199,20
647581,895951,92
263295,210696,94
172066,923309,63
62027,503377,22
270310,113454,15
826725,781561,66
697279,176449,4
591138,271203,39
123186,389876,48
648284,724937,3
27815,496005,22
365009,710649,43
888142,6528,25
732732,42238,23
906359,176035,26
626265,636628,74
812437,629874,16
297298,690003,43
894775,491711,88
190341,69922,75
185334,911032,63
728059,491349,37
114253,261181,81
681789,835962,55
22854,118492,41
508964,170729,72
444857,724577,33
966472,504457,38
421891,732427,33
916412,152779,26
759500,932912,47
463855,26065,91
87796,603038,60
264076,325429,99
490573,73370,91
133243,423548,48
587391,294335,19
900293,241081,67
864629,826222,64
319393,42303,90
989090,639798,78
88958,130479,34
963129,319547,56
637683,550394,42
476744,645707,0
401749,208499,2
255176,755091,14
824497,334896,52
604644,259054,39
936577,58469,71
702505,2611,29
893644,477155,88
557158,159383,31
757319,269378,53
436915,244025,2
341386,678381,43
556456,363597,19
976096,261845,56
837832,455306,88
340140,738492,43
838163,10166,25
863728,683183,8
273097,950126,21
773734,164077,4
652271,725725,3
272943,365600,85
655343,351713,77
243255,402613,85
723965,680854,18
123297,261724,81
804150,361057,52
297167,501711,35
271521,465598,35
320205,686505,43
102040,1116,57
758899,819795,66
307084,162805,83
267077,770362,95
487890,978026,36
686407,447194,61
993502,791547,73
542651,338569,19
337652,918201,44
220304,659358,7
838643,89632,25
452402,525893,89
691637,347229,77
881189,156135,93
175218,898030,63
202446,516774,51
433467,286153,59
381265,933473,86
891852,364863,52
261152,191209,32
652788,414443,61
552273,60222,65
152052,547179,51
447529,629865,0
149661,361168,76
155977,515622,51
69174,623831,60
735693,807013,66
480659,444560,62
731063,990739,20
351500,667669,43
522571,854045,87
946983,952144,24
692021,812608,55
511050,224011,39
966500,978391,24
824190,168318,93
933801,405607,1
51988,766692,9
795650,499217,28
350803,954842,86
41902,262928,40
39298,496141,22
658151,545651,42
758756,412482,28
598829,521751,42
72999,895807,69
831767,524524,16
688145,665722,18
805639,387532,52
260766,707758,14
302174,653878,43
737836,820310,66
953547,269616,56
448563,15009,91
273042,21652,30
919776,682284,8
152520,417282,76
268832,274600,94
218522,701903,14
886238,17152,25
282081,937983,21
695537,894112,92
351414,225027,83
30544,369400,79
509515,434505,62
726246,31457,23
698925,838227,92
90299,656945,60
284910,495104,35
222096,768958,14
885650,129575,93
781288,108898,23
254319,347684,99
541060,609374,97
749789,707047,3
349649,565372,5
222516,835035,95
435364,172746,17
346145,673032,43
650491,814657,55
945008,765865,12
904353,475219,88
18253,782937,9
825366,939543,82
903418,749907,12
692057,410394,61
498846,114126,72
122227,272752,81
145801,483149,51
299740,744382,14
830073,38872,25
337565,463319,54
3177,407989,79
72370,324033,81
34459,166962,41
135095,541866,51
145298,37440,75
268732,595015,7
419959,266128,2
816027,971400,82
326940,881076,44
254108,809641,95
647788,378185,77
160600,220332,96
127164,246854,81
886556,346737,52
621975,539081,42
345074,661911,43
740201,573687,37
967708,277254,56
808407,912229,47
848464,150921,93
545608,35536,65
268556,622215,7
580360,118124,31
315317,532872,5
993768,265875,56
564594,145663,31
159422,415063,76
968169,19403,71
118412,165552,34
446318,280092,59
512132,404636,62
722206,119429,6
246048,329758,99
247805,860895,95
73814,600265,60
654149,291218,77
505451,130000,72
916369,427290,1
469615,830755,80
513926,568692,97
9142,661204,60
862551,907201,27
328505,197791,83
274385,597895,7
821890,507690,28
751772,35476,23
258163,962228,21
177659,927442,63
532199,682958,49
486770,152062,72
719304,358104,77
657716,242012,70
511020,725362,49
167867,340893,76
389685,436554,54
168204,4930,75
865417,75490,25
772478,47852,23
256073,828780,95
314452,8313,90
721180,884284,92
175914,600878,7
972434,711106,78
562233,463928,62
242174,218545,94
91632,73475,57
895381,682700,8
148105,206138,96
574866,777720,49
148148,932684,63
622352,886595,92
15845,313634,40
260497,179452,32
64106,436877,48
606106,827812,87
44174,442853,22
38842,831778,69
702222,253625,70
684563,456885,61
867658,729092,12
855769,925571,82
78773,940038,69
234979,302275,99
337800,408333,54
861433,115931,93
468418,707094,33
134634,805523,84
436332,443267,54
989277,779134,73
921152,804133,64
79997,512120,22
203381,227984,96
728568,57905,23
220248,712328,14
108589,67620,57
493188,26330,91
535295,713444,49
856125,894547,27
661345,229144,70
224344,555068,7
35232,161004,41
9371,502253,22
372830,154043,83
16201,300869,40
720729,295774,53
84228,635636,60
135320,335573,81
983496,627689,78
581780,989074,68
382185,391124,50
625693,35387,29
753161,377106,53
29806,965724,69
925212,50386,71
854117,145873,93
699758,848907,92
591717,993080,68
705928,543080,37
548909,523414,97
34276,83044,45
721979,309497,53
730015,369676,53
153033,40352,75
209195,951779,63
557925,45782,65
460857,634163,0
390532,680045,43
524206,332584,19
751909,350477,53
478207,238507,59
593432,812433,87
564719,245211,39
275696,632427,7
204459,355115,76
423492,636566,0
768454,409700,28
836554,972956,82
474675,868969,80
767850,268745,53
799870,421564,28
235436,983230,21
153839,583642,51
273905,538073,35
393064,234339,2
545063,884139,87
738266,52157,23
605151,789116,55
681866,121999,6
443740,940641,86
357292,15947,11
37314,142958,41
695613,169161,4
93245,177303,34
934087,209417,26
683274,802244,55
329324,964006,21
61453,846185,69
847387,38238,25
669441,304301,77
388493,413164,54
51053,57149,45
518097,671399,0
204299,655409,7
463472,580675,89
405447,351155,50
865230,932593,82
90591,573776,60
453396,227115,2
122325,925423,63
585910,392221,62
72148,603604,60
784572,309345,53
163232,447450,76
297934,391186,85
669410,783276,55
523323,500049,97
335821,143853,83
748186,770163,66
143503,855783,84
153310,696870,46
299309,495168,35
296116,831163,95
359620,145829,83
962045,96997,71
234047,631645,7
66130,450176,48
123385,735202,46
555062,930672,36
816155,122266,93
936490,602538,38
859314,500129,88
668252,320747,77
798684,496473,28
232905,438296,35
452176,736052,33
833106,26009,25
141307,949091,63
378831,13075,11
751950,25212,23
745536,240149,4
197255,274272,96
693050,102709,6
239531,813463,95
883097,219721,67
867177,651950,8
333819,497642,5
879322,774805,64
158403,282467,81
437674,987061,86
535721,864875,87
956956,569361,38
264541,152769,32
589402,90625,31
137783,724098,46
924659,744082,12
796387,879672,47
662489,457969,61
99091,428118,48
386559,904085,44
965117,737080,78
103915,513843,22
163639,293112,81
348921,321667,13
270602,23702,30
371931,49495,11
872748,275667,67
146722,969327,63
488819,596305,0
101812,161350,34
820818,492225,28
838009,433553,88
730040,787800,66
559365,254691,39
592493,41438,65
452454,404403,50
808356,44645,25
358498,278535,13
343883,656200,43
766914,538329,37
711036,394351,61
869030,793574,64
611259,433397,62
107854,709571,46
774190,821240,66
593434,860854,87
389015,175340,83
944062,863325,73
904945,420155,1
559495,443429,62
713401,137053,6
465648,155552,72
372323,636105,43
22946,669984,60
428548,614195,0
788360,968954,82
216611,582131,7
884498,772624,64
501411,221118,39
341683,672160,43
4474,207135,41
324423,585788,5
344812,260619,13
228897,75460,15
268969,564252,7
387670,572543,5
734233,269060,53
105796,122725,98
641645,133418,31
366279,58809,10
406691,267197,2
787883,956607,82
696008,810665,55
849490,387349,52
187938,683689,46
762548,145832,4
1247,969778,69
61106,10156,45
697222,216741,70
769867,168569,4
150759,807388,84
778061,878874,47
241909,774239,14
648644,768397,55
455517,880961,80
327679,309241,13
420151,482812,89
636180,292454,77
283061,412256,85
793444,429173,28
119609,276762,81
548990,875193,87
372582,989898,86
231415,399510,85
579637,962833,68
345796,794865,95
300875,814105,95
673124,211328,70
790360,581230,16
737625,272812,53
162626,267198,96
810016,945471,82
547859,873238,87
515237,603928,97
230113,513108,35
812783,457341,28
545122,879278,87
31104,780084,9
886726,208887,26
780325,939040,47
450219,837236,80
428397,72104,91
867855,48646,25
608610,922980,68
532228,163787,72
773860,276242,53
807459,978869,82
853246,522099,16
922630,658647,8
895314,558027,16
773335,454523,28
174958,527402,51
56195,480200,22
725944,955187,20
842620,914593,82
569582,966320,68
948107,839537,73
99223,647872,60
791721,463593,28
608784,844791,87
403138,543117,89
168961,736218,46
621532,98395,31
739130,569993,37
886779,105735,93
90082,19726,57
544786,233272,39
618436,55810,29
12355,661680,60
871635,576546,16
12552,975694,69
495722,605387,0
741714,238,23
11499,271766,40
575154,628918,74
240742,158462,32
282576,257007,94
524368,60129,65
591842,94499,31
259734,350116,99
402581,190496,2
670601,797720,55
292782,790946,95
446040,594992,0
46015,390610,79
993732,668097,78
708336,11153,29
462346,653469,0
865517,751617,12
431338,506075,89
602926,391413,62
489633,271500,59
104404,719744,46
745281,939802,20
260342,573491,7
663712,21535,29
954379,255236,56
765984,902903,47
96337,148934,34
139275,799879,84
576323,263659,39
322871,501548,5
522994,972856,36
798314,263975,67
641468,162387,70
254220,677608,14
560911,234065,39
939487,973489,24
429920,667674,0
601719,95697,31
383606,280928,13
567093,146859,31
273254,582893,7
691052,527648,37
180700,26089,75
486346,33361,91
709503,624747,18
129371,350974,81
833279,930390,82
77562,595368,60
360088,413,11
943914,376378,1
799696,494948,28
600324,662232,74
147557,4582,75
18892,533151,22
684244,98451,6
679476,966777,20
621846,377735,77
606424,184923,70
2469,507869,22
760893,341951,53
170468,58201,75
188936,450198,76
481465,983623,36
765368,550158,37
515568,161918,72
368816,699929,43
707770,504196,37
38803,178018,41
956165,274246,56
263093,811242,95
549946,951166,36
249375,258902,94
377096,861000,44
827171,274018,67
425691,597573,0
415183,994431,86
415829,847539,80
602008,949619,68
251351,457359,35
837562,920270,82
979574,700914,78
267319,837844,95
649455,398050,61
39719,571985,60
367024,584263,5
718978,870128,92
256065,700404,14
700113,814213,55
483066,903289,36
588381,928039,68
554483,212161,39
794661,879351,47
255422,893973,21
5303,142275,41
223110,819353,95
874756,39219,25
161644,755281,84
15347,948811,69
672529,211090,70
803106,813531,66
27758,542002,22
434785,444295,54
271661,811357,95
483756,491700,89
12831,661349,60
301021,267390,94
34347,278044,40
95313,930538,69
560008,66389,65
812235,235757,67
383949,40690,11
881513,594492,16
627292,901896,92
171516,683638,46
917026,460890,88
180264,702775,46
552612,754461,49
232109,67054,15
982663,621556,78
503817,659632,0
436894,880913,80
514167,613852,0
24935,94850,45
145688,579831,51
230428,819261,95
328540,776104,95
996164,541967,38
856088,277164,67
302927,303302,99
608687,211545,70
439819,46454,91
766181,205278,4
123733,592661,60
855691,599541,16
499790,974694,36
684477,16473,29
863901,591963,16
133589,246594,81
516366,566603,97
899298,515966,88
849073,384979,52
355820,267841,13
609764,307010,19
932852,445981,1
615953,326408,19
942830,155479,26
150533,8922,75
964888,880589,73
69581,457699,48
559233,40274,65
896103,804760,64
608177,643948,74
839299,99800,93
338913,115578,10
531827,427889,62
540352,710404,49
774367,798947,66
907227,773395,64
463358,658925,0
564644,975500,68
242637,2980,30
100307,862353,84
579898,353254,19
151113,757299,84
934581,513414,38
959552,206042,26
961499,920383,24
889004,501238,88
320196,545130,5
3435,746576,9
702916,912419,92
28342,348857,79
254831,960087,21
195418,396498,76
949062,889182,73
482897,60572,91
38358,696095,9
277616,897886,21
782126,192715,4
976367,815555,73
47561,367183,79
250198,93442,15
489054,543753,89
868320,862548,27
857057,565897,16
34491,702990,9
158204,950383,63
92834,265531,81
783404,680779,58
864418,276963,67
932470,28687,71
154262,697631,46
97959,397025,48
814029,399500,52
409374,358252,50
152011,861245,84
949625,357007,1
217499,509412,35
697051,337279,77
649929,369638,77
511522,150934,72
752145,317765,53
693008,399197,61
307755,451051,35
822738,772750,66
625918,811399,55
184419,543721,51
334906,773060,95
820718,807505,66
750658,320686,53
785342,246740,67
966998,336515,56
815811,338525,52
590288,980198,68
201272,782310,84
296841,20052,90
20866,697485,9
639954,718517,74
117304,528517,51
801422,503480,28
990531,856212,73
365333,163257,83
870528,967686,82
903693,378242,1
114596,19018,57
637913,404685,61
548960,376755,62
125468,753744,84
180463,52461,75
725937,832360,66
488572,444666,62
514411,717296,49
602637,521330,42
996356,770079,73
721412,781988,3
888241,674649,8
828435,516216,16
54127,717784,9
806198,773172,66
717055,545110,37
675831,706302,3
819734,276546,67
924551,936277,24
14241,361904,79
527166,86567,65
935600,639263,8
104474,906597,69
187777,975702,63
635548,659510,74
386401,243495,2
430963,196589,2
74268,225950,34
550329,381741,62
930692,149910,26
551242,725455,49
737414,718154,3
14629,885911,69
506598,393911,62
475021,678999,0
949483,969361,24
63705,704533,9
90754,306791,81
238242,139257,32
500294,441330,62
447531,654471,0
704467,984301,20
151992,535817,51
476856,532104,89
86363,514913,22
155124,175092,98
776137,545787,37
46215,751050,9
899979,947709,24
150080,410950,76
844016,388512,52
724458,966576,20
258840,327095,99
488267,305935,59
855019,307585,52
595217,815383,87
146287,651429,46
579234,196287,39
10309,278585,40
193866,317682,99
282931,235907,94
896855,456782,88
149574,896150,63
597415,755360,49
350980,924660,44
765605,525304,37
794308,950352,82
567872,236853,39
800813,264530,67
969201,370581,1
367793,498939,5
668545,236943,70
312609,24453,90
982474,440615,1
416742,188084,2
135925,497706,51
961435,847083,73
928276,542958,38
499754,378958,62
159582,94952,98
874509,882619,27
179285,257453,96
12982,203487,41
10752,721330,9
394248,133799,17
761338,821643,66
360747,87044,10
954615,230061,26
651675,711518,74
490738,842402,80
254990,631384,7
673267,605070,18
412090,2655,11
632375,328978,77
143520,145335,98
656858,826975,55
978240,284650,56
129133,340829,81
317550,74956,90
795116,523358,28
81564,856555,69
130503,370288,76
441438,248965,2
364857,159503,83
778416,850863,66
466530,971393,86
218310,136577,32
452236,745810,33
838533,224679,67
181327,578062,51
493051,709459,49
877720,847493,27
822971,678187,58
297579,423227,85
186750,722863,14
158476,506997,51
103082,506982,22
852662,692375,58
749167,264103,53
795872,227019,67
509287,592673,97
62189,224082,34
146216,458424,48
748036,254604,53
136100,437518,48
369257,118654,10
218680,367580,76
919956,701102,12
434314,524580,89
632318,384484,77
31709,939447,69
300288,943997,21
764675,893321,47
56236,171276,41
644175,660743,74
107918,794424,84
884694,52976,25
381471,391468,50
416627,264816,2
776791,534620,37
360716,560627,5
459909,704880,33
926502,721595,12
857947,527426,16
456404,796534,80
359700,488333,54
428072,611545,0
243076,392482,85
449116,295463,59
861457,523474,16
35660,343037,79
422954,593877,0
298042,197567,94
511678,780876,49
184322,907815,63
648739,370588,77
476892,135705,72
806736,819782,66
87898,315510,81
784424,814768,66
808639,807053,66
154885,161933,98
618360,782304,55
183469,563653,51
322168,691674,43
973753,875743,73
628993,494229,42
513687,542189,97
579436,590646,97
1329,351664,79
425282,730685,33
633715,862316,92
955479,742365,12
936087,815174,73
633311,73692,29
551892,663472,74
977056,382373,1
559254,385409,62
581022,243863,39
620345,146350,31
720456,720330,3
594062,407779,62
553845,486004,62
282944,451203,35
369869,403591,54
156053,790084,84
945671,905708,24
240476,689488,14
232479,283954,99
419288,976058,86
612061,912972,68
323431,912937,44
738606,751718,3
130905,120610,98
99089,395412,48
690142,229444,70
266216,302794,99
73476,914392,69
187987,513432,51
267309,666485,14
629584,419521,61
895081,633322,8
255640,542391,35
976002,675323,78
155109,922417,63
78647,827960,84
526706,360790,19
802648,112274,93
2696,326488,79
283871,23940,30
366885,250377,2
98251,318207,81
117525,248070,81
319077,733301,43
593578,280697,19
689268,540515,37
437002,698227,33
114725,192087,34
420168,778446,33
344590,527895,5
333144,161882,83
757749,492506,28
555424,19196,65
638441,282668,77
806620,874882,47
158318,859313,84
474740,959667,36
137082,937656,63
199555,929304,63
825561,215035,67
98511,689352,46
945270,154596,26
297508,226904,94
583530,404522,62
816610,772620,66
439778,361037,50
949771,802371,73
462480,903543,80
848070,526143,16
885616,554063,16
150036,671530,46
416868,308881,59
377294,183520,83
432834,645844,0
707546,740104,3
939596,798308,73
175216,871413,84
842428,703073,58
564368,344779,19
701073,934733,20
72950,77787,57
370613,900643,44
117706,301301,81
972525,237201,56
641695,968124,68
265998,633237,7
819211,491369,28
441982,406060,50
654656,810236,55
650921,34420,29
502268,630748,0
981852,989594,24
115967,65038,57
95760,439556,48
622380,348375,77
139959,294460,81
994231,44761,71
312977,210368,94
660995,353646,77
729113,215931,4
163043,280095,81
560459,650478,74
585070,283993,19
83739,402733,48
748310,850522,66
729120,328897,53
779478,687315,58
716464,612782,18
41966,325984,79
817062,367055,52
105570,319508,81
985034,482703,38
793321,352556,52
409054,982992,86
157585,547487,51
617918,359611,77
982900,608371,38
905399,55600,71
483297,773789,49
75356,517709,22
142626,118354,98
184423,606121,7
85691,214293,34
638219,560689,42
512251,407412,62
373729,276984,13
273457,998579,21
122545,625229,60
233725,229815,96
500913,856350,80
674480,993035,20
954025,313159,56
278790,629290,7
487476,17135,91
4565,739554,9
686417,619084,18
957943,151239,26
875498,505404,88
338261,159107,83
126081,46319,57
498717,945760,36
394182,17790,11
998900,525119,38
686535,610058,18
250482,855968,95
258509,761231,14
22548,980160,69
557999,296889,19
828594,189759,93
283321,785083,95
901814,790843,64
707819,315321,53
615167,113610,31
455838,270732,59
193164,515266,51
89202,230667,34
821111,414213,52
689897,109471,6
880706,37874,25
553728,519739,97
255202,192476,32
945325,93932,71
725917,488884,37
689664,193891,70
736071,161548,4
140826,874258,84
660527,488716,42
854288,26314,25
261920,98504,15
562220,245439,39
101742,984765,63
955899,810508,73
211777,338149,99
281804,288377,99
753290,550223,37
601289,873116,87
472743,398130,50
375548,836279,44
350232,364730,13
29361,480928,22
972295,366873,1
48551,1771,45
768158,447923,28
246552,799580,95
546738,30260,65
584984,828868,87
788940,727599,58
763882,569139,37
523443,511583,97
178129,823764,84
5093,605523,60
33573,263042,40
962840,459098,1
67424,199124,34
692065,544420,37
83468,855268,84
505736,911692,36
821867,122202,93
858017,695332,58
445916,511949,89
342937,744871,43
50570,938489,69
188180,757236,14
865898,159981,93
808412,989178,82
127998,262449,81
993705,203015,26
75276,164882,34
178256,960386,63
215869,125298,15
895538,317158,56
477585,780458,80
171723,155807,98
656736,762081,55
311292,887653,44
795626,98444,23
563748,917503,36
485947,318235,59
577285,435434,62
353729,135301,83
4940,38098,45
325248,448307,54
704363,232399,70
944267,306864,56
479426,717079,49
948340,765752,12
3712,391831,79
510152,139749,72
768994,482184,28
71325,774551,9
880603,305922,67
635826,328753,77
356958,401138,54
934269,261498,56
668,232162,40
955871,334649,56
451182,23349,91
436483,974807,86
596843,143468,31
268774,293049,99
275284,704814,14
821293,481305,28
296768,790396,95
198206,256078,96
907177,928476,24
906825,19552,25
613702,490084,42
846799,160303,93
223203,380972,76
4238,235973,40
998417,400464,1
598673,902218,68
586080,260836,39
880712,133559,93
734726,550408,37
711715,804720,55
940338,261410,56
525945,566742,97
245010,890290,21
120636,543869,51
819450,496208,28
775091,961085,82
972313,666060,78
475116,282028,59
45402,73875,45
618326,221168,70
187134,173262,98
25010,346286,79
38012,870850,69
386523,300523,13
902434,210237,26
464392,37261,91
250149,259355,94
980821,662146,78
689160,726988,3
500733,832968,80
706156,367834,77
197512,599976,7
812397,964734,82
295297,60486,90
596013,202505,39
505973,889124,36
509641,547389,97
982911,800290,73
475040,9311,91
501832,291985,59
392523,145788,17
263213,824818,95
723617,844065,66
213967,146511,32
415514,546904,89
820392,332608,52
148652,395572,76
378805,589644,5
162998,510465,51
397449,934304,86
848397,19401,25
75273,129264,41
549782,200565,39
899119,501601,88
412281,217109,2
964259,302515,56
384354,837852,44
792826,38791,23
973617,583752,38
130046,697597,46
529302,992877,36
286924,339565,99
74671,2733,57
937242,229782,26
952073,505880,38
340050,235234,94
585967,362300,19
180989,883290,63
468424,808422,80
154377,627630,46
579590,180689,31
853862,865781,27
182641,654700,46
548920,713517,49
87150,736320,9
333683,225694,94
248651,83404,15
777006,150050,4
899638,217241,26
181602,194039,96
217422,217279,96
808228,898584,47
513149,498741,89
349859,84797,10
187391,481162,51
895888,206203,26
664727,72408,29
967290,256805,56
123998,48087,57
213876,619782,7
681492,838677,55
645907,763770,55
685379,167063,6
844162,843276,27
946322,842699,73
248668,369411,85
693936,990944,20
810059,663165,58
826107,392494,52
649635,425133,61
225417,598504,7
65050,296349,40
753066,786788,66
551256,964254,36
218405,747744,14
347455,679858,43
389291,819241,44
995262,370934,1
299124,384750,85
496050,119173,72
954990,528199,38
450541,249264,2
387351,219666,2
937882,986524,24
513466,839628,80
630319,779980,55
127718,564851,51
461741,487289,89
882542,884272,27
962724,511529,38
283458,81512,90
982686,15692,71
746828,943657,20
57537,38989,45
298791,780725,95
652077,461848,61
279927,744454,14
38926,234091,40
380026,104045,10
697901,624950,18
536745,89336,65
478008,896976,80
482482,75279,91
221694,11060,30
899420,557177,16
482675,320272,59
814027,356565,52
793068,107455,93
997388,100180,71
739529,270242,53
965662,889330,73
971823,444881,1
131712,693749,46
848923,860404,27
816885,392244,52
460759,980937,86
611240,122995,31
187638,646888,46
251308,739837,14
453145,24331,91
935479,600588,38
89116,787429,84
332212,503563,5
395020,101521,10
274033,681332,14
147885,507427,51
342340,724872,43
930402,267352,56
386731,789151,33
266112,549422,7
136647,631639,46
964332,538166,38
964959,72936,71
851605,928536,82
906832,128894,26
328140,52040,90
647792,451377,61
301995,641305,43
423197,686058,33
592866,307988,19
364807,319069,13
593037,173339,31
322113,761604,95
286086,250464,94
564616,501269,42
841902,854087,27
654213,364370,77
966962,731779,78
22459,470884,22
153244,588531,51
443903,691860,33
99034,466069,48
235489,875460,21
856301,857188,27
764895,601439,18
397183,461721,54
159380,712294,46
532482,439497,62
629816,331469,77
6182,908779,69
854880,983874,82
973615,550380,38
252918,796504,95
845140,273376,67
644953,741321,55
395518,482858,54
406733,976923,86
160663,269645,96
924571,274822,56
944343,581326,38
355923,998955,86
453123,648227,0
755532,231224,4
198377,125068,15
29554,727486,9
872186,833442,27
672226,105496,6
74709,636755,60
944997,572538,38
657911,512550,42
442694,366638,50
95546,843433,84
587182,770090,49
908141,142076,26
875623,608146,16
121952,663443,46
491625,751064,49
139145,610977,46
693121,300331,77
678024,562287,37
360884,393459,54
877706,607302,16
928253,150849,26
325031,796711,95
329322,923591,44
800315,900302,47
378106,828224,44
964203,365902,1
731095,526524,37
296938,652421,43
251952,566351,7
673920,579525,18
91674,765255,9
652013,392734,61
691916,35020,29
596305,98392,31
679337,621292,18
62118,18727,45
748388,171543,4
123919,706836,46
793895,2085,23
56483,320598,40
296391,445621,35
565661,66217,65
914427,791244,64
446143,325544,59
418654,328243,50
793603,94099,23
525698,422601,62
670810,316135,77
289282,963987,21
740697,901476,47
118862,721231,46
736983,481008,28
311942,821608,95
767156,603502,18
68954,910806,69
920554,752031,12
391821,347951,50
19090,848691,69
958200,470330,1
845414,880932,27
834665,217815,67
818484,276402,67
496827,177470,72
754507,8282,23
195655,384886,76
789740,161820,93
717977,39662,23
610344,55919,65
847114,459968,88
694133,302923,77
234321,234622,96
306235,897556,44
236024,859912,95
554031,610119,97
274140,472506,35
412230,363886,50
846133,965895,82
805621,86397,25
81292,281776,81
821048,368884,52
845224,684612,58
275836,981809,21
270006,5574,30
689294,968030,20
688679,638952,18
878181,602431,16
65722,590606,60
329749,94063,90
932585,962865,24
877073,974537,82
56962,361010,79
511502,817773,80
320042,954805,21
415542,30667,91
434152,808783,80
230606,804050,95
684031,511462,37
148877,179903,98
634733,964717,68
13187,649375,60
46569,699849,9
378133,286293,13
739405,189805,4
64667,860162,69
759155,126764,4
524966,105688,72
314426,572619,5
12514,335998,79
123070,448772,48
514531,737321,49
163445,33015,75
888656,657891,8
182199,232656,96
265988,473477,35
738342,319927,53
16839,28442,45
40785,488486,22
985455,556887,38
616183,202840,70
135449,493984,51
395475,752681,33
325713,267179,94
479305,684696,0
689364,153263,6
902853,264551,56
312810,405632,85
463858,74331,91
281336,421060,85
759439,900982,47
811875,197518,93
691952,644483,18
838481,351647,52
141060,804371,84
70835,524125,22
980485,20554,71
463804,164116,72
305037,766483,95
290446,538504,5
639546,861608,92
46515,793188,9
119990,676533,46
497572,703653,49
299808,882508,44
318300,676037,43
157050,540517,51
485971,730168,49
937226,965963,24
944773,806075,73
702753,184428,4
690755,535332,37
330248,480746,54
905595,336892,56
147891,616778,46
188316,42434,75
190045,91193,15
684482,96529,6
363936,678804,43
665789,922666,92
249883,785982,95
6487,38901,45
822706,227730,67
465889,212366,2
247882,166075,32
236129,633031,7
360700,285099,13
672078,619512,18
148607,651002,46
399793,321712,13
24047,166567,41
496299,297695,59
374693,476535,54
131925,275620,81
353809,481397,54
846812,375489,52
854688,749306,12
589615,671165,74
281245,892186,21
984063,156896,26
967254,650457,78
233862,525750,35
294905,478063,35
818531,57035,25
601967,274727,19
353266,343610,13
60736,803086,9
472059,902524,80
726189,70879,23
276959,863402,95
207707,937294,63
110217,427088,48
82206,645291,60
418374,618593,0
693445,746177,3
11761,680446,9
258131,418569,85
905206,803736,64
400785,6811,11
486892,197797,72
381747,33272,11
215700,270200,96
252735,717594,14
616209,628414,74
765755,44589,23
413698,36750,91
669388,412275,61
106014,785356,84
484967,845731,80
206917,667176,46
240464,488961,35
971271,164388,26
885608,413901,88
439789,535815,89
451655,980427,86
37226,661488,60
644619,126512,6
292473,601398,7
711789,39925,29
23289,426991,79
441666,88754,17
697551,753889,3
623441,178417,70
660444,95090,6
183429,897801,63
350229,302072,13
937829,104719,71
19339,32371,45
61305,362573,79
777235,898,23
95227,481947,22
99263,321699,81
800667,815018,66
9192,505630,22
132203,943439,63
384489,118871,10
875794,476761,88
930516,193398,26
441779,992127,86
687628,968247,20
335525,170555,83
534559,345753,19
82571,783700,9
662522,7318,29
999516,876893,73
956619,902013,24
148324,892781,63
976122,687161,78
127391,70936,57
222909,441242,35
956185,602789,38
87901,367062,79
223834,987025,21
937058,144846,26
439045,44820,91
300250,307729,99
5574,691837,9
717811,260409,53
700245,27534,29
764167,355222,53
221639,101081,15
869255,570760,16
773186,940810,47
210473,431993,76
513573,635052,0
319684,930129,21
678532,98484,6
231799,851561,95
200644,234845,96
55903,572620,60
35125,348668,79
66846,489003,22
679080,310410,77
75342,273182,40
375973,985667,86
119701,826555,84
924873,352304,1
189005,623785,7
967410,268502,56
728600,595710,18
102436,643253,60
169705,233873,96
711595,791222,3
82044,924564,69
147855,6806,75
396184,674832,43
916063,278243,56
443418,533230,89
5633,675526,9
570865,537750,97
976676,8837,71
525337,345989,19
49038,187034,34
484653,563378,89
697575,144198,6
544473,971440,36
1173,729987,9
897010,59856,25
12524,493128,22
7243,736825,9
833230,105147,93
207029,547775,51
455577,891831,80
11471,803866,9
588490,764731,49
842605,669174,58
807621,694627,58
597270,324506,19
977058,422797,1
951929,86898,71
508953,986645,36
544542,131793,31
56719,286266,40
282869,196009,94
339407,422017,54
847895,580548,16
271368,890159,21
917185,131920,26
185828,220766,96
421535,753848,33
936974,735943,12
6424,974719,69
103501,549650,51
972851,720026,78
491481,321430,59
285118,983544,21
428867,973615,86
550302,937540,36
240450,258639,96
945704,455362,1
270875,606871,7
689894,59804,29
141903,966499,63
959991,578850,38
740206,647341,18
869832,278941,67
164799,784701,84
473367,887805,80
341458,894012,44
663399,760267,55
807837,332996,52
673449,660320,18
2287,452728,22
12225,470352,22
211719,375568,76
186165,878589,63
456264,442159,50
373044,761679,33
543486,374583,62
626890,148764,31
291799,274881,94
936343,127511,26
86116,361827,79
233232,944053,21
707682,12952,29
697113,384322,61
301378,272062,94
560771,883024,87
987929,134701,26
930290,389555,1
262146,892986,21
422659,640615,0
821153,122781,93
595084,592921,97
229050,652480,7
242622,751112,14
951209,971874,24
301352,838020,95
606578,767460,55
710263,396481,61
672775,342185,77
103813,793615,84
289343,998899,21
508574,615651,0
260407,664103,7
586028,378789,62
308913,902537,44
947558,617217,8
573498,782384,87
529017,197879,39
767187,115605,4
981045,433853,1
774636,310676,53
548260,618324,97
174109,250414,96
718460,161766,4
816887,436424,28
991573,372980,1
691235,594050,18
212245,213746,96
442635,368048,50
794543,893558,47
40899,399967,79
248680,578359,7
489804,141836,72
851281,482870,88
598464,389657,62
979846,280576,56
656353,336969,77
443351,409160,50
759273,105520,23
487017,310510,59
744581,178788,4
901512,720405,12
847165,317652,52
788798,334577,53
243628,663403,7
824505,470003,28
341481,273732,13
613804,219289,70
594938,133821,31
135251,171009,98
160620,555747,51
442150,224147,2
255259,152231,32
555823,730198,49
450245,267976,59
873643,322222,52
595166,959092,68
465348,117523,17
209650,600075,7
466774,80081,91
926329,818623,73
598494,890107,87
32171,707299,9
580389,605198,97
569562,630099,74
84728,34895,57
489555,967353,36
305076,426880,85
580548,271196,39
996328,293868,56
41617,464949,22
403664,386554,50
818825,992453,82
172700,569378,51
547558,822263,87
789063,796695,66
66622,726194,9
152070,849973,84
513015,244175,39
864615,592816,16
467937,624779,0
666205,922476,92
69144,118889,41
180678,662836,46
291448,367937,85
922280,766190,12
357697,822157,44
6310,67010,45
241490,729943,14
168594,574838,51
313976,8049,90
294922,767435,95
296710,808218,95
731945,810564,66
150221,771250,84
404778,108395,10
807193,508337,28
627130,183586,70
546174,553896,97
342655,14621,11
742954,837359,66
507096,771711,49
152641,440986,76
652402,920787,92
676384,990317,20
257843,578790,7
726245,6123,23
911105,943799,24
439822,89398,17
514024,211681,39
737007,886492,47
284746,733351,14
430491,274072,59
344397,292372,13
901535,98817,71
830760,590586,16
981327,163273,26
139246,317642,81
612431,130521,31
677692,982680,20
914810,224739,26
191054,57337,75
669299,914879,92
375622,85876,10
331176,88498,90
402675,761890,33
90780,745521,9
983570,862409,73
509389,307125,59
861598,881567,27
502765,982219,36
166353,895276,63
919842,787477,64
129735,467251,48
88562,467264,48
321060,60337,90
88366,179806,34
4688,800354,9
559102,834498,87
417430,756358,33
113646,58523,57
601183,92210,31
785975,895854,47
620728,585871,42
749465,268221,53
5308,225187,40
734438,702136,3
814254,175332,93
815264,145945,93
908158,414934,1
809069,32099,25
500152,60408,91
284697,914564,21
78633,600870,60
826246,716761,58
610420,338114,19
682946,279903,77
345246,559428,5
317817,554097,5
712799,27724,29
973166,5267,71
538267,662772,0
223007,92175,15
194904,767480,14
39980,951958,69
569394,813592,87
54758,325175,79
231980,890556,21
586856,292664,19
819429,156442,93
325094,867233,44
594135,641982,74
799960,934104,82
491448,779008,49
795635,245478,67
764174,474691,28
145975,416324,76
163518,262639,96
185165,76877,75
80376,891628,69
600630,794264,55
210603,616137,7
421799,190343,2
105250,946909,63
713457,74754,6
402659,496020,54
620579,77121,31
179938,226586,96
246870,154468,32
148301,503364,51
50397,33145,45
72777,171504,34
470675,642273,0
684467,851524,92
573478,454193,62
623409,644298,74
732555,54271,23
146526,664917,46
261599,695194,14
136362,842206,84
967962,549590,38
971577,301562,56
368980,458152,54
175832,221082,96
728847,737197,3
85325,67205,57
518665,205662,39
563184,437829,62
603134,882937,87
522293,184653,72
477208,438000,62
474363,625121,0
424425,323952,59
662528,118851,6
544535,8340,65
179649,367914,76
535689,325607,19
477202,340241,59
435851,359042,50
425627,528389,89
643332,484550,42
845357,916935,82
930686,43464,71
505785,737468,49
636969,550957,42
950736,32085,71
267583,283495,99
716943,667243,18
367407,9689,11
848430,572835,16
638424,4018,29
535211,302991,19
379021,214592,2
651870,983152,68
837702,268423,67
393688,721337,33
525050,524852,97
193088,241298,96
499586,551925,97
211286,96074,15
732506,233888,4
960959,848228,73
178820,435067,76
177573,484401,51
331746,662441,43
658146,463294,61
586611,177677,31
223490,212111,96
965481,845310,73
138352,288446,81
914801,73361,71
987156,139195,26
458447,130973,17
267040,148909,32
729823,137417,4
572681,64707,65
539311,213797,39
289808,807464,95
48249,935738,69
963280,856050,73
640207,968501,68
608550,909050,68
417161,227481,2
273319,682334,14
987993,207704,26
892582,634833,8
653883,814002,55
946064,504542,38
852700,339318,52
925811,111247,71
733077,832398,66
113547,394738,48
377415,223581,2
730380,507154,37
744184,512044,37
935900,683194,78
446639,669040,0
566149,272102,39
232993,926723,21
440263,511832,89
373846,231987,2
18322,941247,69
549549,282833,19
581593,833811,87
870593,60638,25
155807,661486,46
605519,963722,68
288283,185339,32
6671,119830,41
988386,818865,73
676822,363046,77
721172,749694,3
120572,456153,48
566116,712924,49
121106,437663,48
805638,358254,52
177901,988248,63
492031,571643,97
611520,826400,87
320641,21762,90
762440,333738,53
136394,380293,76
585510,682307,74
544097,647436,0
469918,916651,36
161711,886872,63
669521,655531,18
519154,427646,62
454980,853456,80
40576,971433,69
876531,859173,27
126649,597855,60
161501,349126,76
774685,137345,4
358671,186086,83
552943,322633,19
501475,296399,59
581471,798587,87
863399,163417,93
564951,139699,31
925992,152410,26
555256,192891,39
923160,555085,38
319079,773505,95
303196,825237,95
774996,365813,53
230342,366421,99
442776,737724,33
937575,828618,73
586493,196878,39
930076,794301,64
827642,186892,93
101007,625394,60
7015,908119,69
758044,447897,28
810591,618629,16
307870,383311,85
318791,926353,21
215639,247411,96
236891,436063,35
923718,941993,24
84489,18919,57
978174,185953,26
328282,443278,54
177430,79099,75
428703,211955,2
337151,509918,5
202999,814642,84
693461,9816,29
993693,1329,71
346475,215729,83
764357,548678,37
637638,785538,55
551784,848779,87
441657,931921,86
811815,178838,93
733447,55746,23
937309,368026,1
413368,477124,54
39287,303941,40
353149,390148,54
228816,714666,14
399131,200066,2
513282,734672,49
643629,480505,42
860880,818753,64
783749,476699,28
883418,621184,8
250117,732327,14
226167,199749,32
189277,181221,98
789126,848512,66
956122,547865,38
977900,570078,38
313902,758327,95
209374,953982,63
584994,2981,65
110113,679202,46
353367,41869,11
708461,113160,6
881485,130904,93
117949,376241,48
489602,749097,49
88583,820093,84
307625,259472,94
953614,392403,1
122726,665742,46
138268,875066,84
242565,797015,95
442532,638256,0
181070,249641,96
730091,652387,18
670359,730239,3
131217,370922,76
92727,470201,48
672493,597894,18
817405,136537,93
789922,228951,67
982536,498614,38
221094,937960,21
295359,103929,90
740080,526481,37
576161,548284,97
24199,723802,9
942423,314301,56
470699,40290,91
170221,915790,63
684587,864818,92
11789,145301,41
76596,352287,79
888442,46569,25
700616,268836,53
335615,687118,43
400994,522667,89
470535,287897,59
697811,124869,6
688892,217231,70
7223,400581,79
575238,33689,65
221411,268954,96
312055,713985,43
946640,192382,26
377602,364976,50
157012,905008,63
486036,822400,80
87864,733518,9
239884,736193,14
208879,636978,7
692912,783138,55
201419,263676,96
615648,198664,70
962492,615641,38
87898,308177,81
533516,812581,87
53466,604152,60
990127,81128,71
522120,281571,39
376225,222206,2
629028,77145,29
579685,782191,87
299912,627256,43
300486,281724,94
948260,406288,1
495298,480550,89
606287,872309,87
901451,691213,8
233411,950968,21
920500,844556,73
453748,155237,17
77643,954746,69
421586,600035,0
802628,783379,66
258687,768428,95
970727,13555,71
826039,247425,67
487390,566048,89
583266,956765,68
365457,245596,2
735206,608946,18
568344,158798,31
928424,38920,71
136536,761497,84
483704,624006,0
681335,210488,70
678195,429313,61
467277,535534,89
721883,696616,3
28021,958062,69
157896,769765,84
443199,856136,80
80478,604578,60
144783,375528,76
506327,848622,80
799952,798449,66
546966,871958,87
12898,790952,9
544597,50359,65
383838,171721,83
131553,21130,75
141188,954533,63
841984,241108,67
307179,761990,95
777942,872662,47
845296,905948,27
273827,214759,94
457694,464041,89
146157,468569,48
243205,560269,7
443365,635632,0
68248,56729,57
445885,996059,86
766556,508848,28
209824,520500,51
55495,717269,9
140356,978797,63
656790,682736,74
759000,519730,37
103895,172417,34
827631,10932,25
736916,350935,53
176099,702320,46
898657,743790,12
895162,997537,24
607491,106103,31
280498,332476,99
930878,269470,56
987444,984461,24
845398,607917,16
270463,681755,14
267282,224092,94
324571,73078,90
237724,432460,35
368673,298415,13
469016,766686,33
704473,83985,6
548799,680805,49
303587,388407,85
969519,722190,78
855023,373413,52
959553,211748,26
852546,756663,12
244950,888554,21
941443,840655,73
895814,953655,24
94037,485433,22
682877,122595,6
457900,933619,86
346859,664399,43
561039,399191,62
210888,407847,76
695666,60068,29
565821,753549,49
913204,235121,26
683291,79087,6
215504,991068,21
892569,421674,88
90685,147447,34
151071,56064,75
280301,32151,30
366382,794337,33
437363,769815,33
289237,222572,94
771413,142489,4
815914,82529,25
76385,803380,84
420719,35193,91
505045,301195,59
197778,70672,15
800807,170958,93
303406,353349,85
746815,733848,3
792513,771512,66
806054,356624,52
794210,289776,53
274597,166406,32
791771,310398,53
865924,585047,16
888762,425437,88
333963,916648,44
105033,290210,81
575778,111276,31
218821,725219,14
757869,515176,37
576005,925480,68
554485,245806,39
275612,226631,94
992340,260326,56
310845,387080,85
662528,114602,6
119516,714650,46
132627,75304,57
640850,780380,55
853661,482292,88
897609,117414,93
382537,314206,13
870676,454882,88
218152,482819,35
750571,848766,66
210450,42584,30
719386,736640,3
723720,563464,37
145257,346560,81
638946,779593,55
620914,705478,74
974895,60859,71
865193,311554,52
304026,780249,95
648127,81291,29
272972,841037,95
312897,863825,44
321470,946751,21
56616,547200,22
797117,159786,93
528193,345261,19
802938,984557,82
458092,153004,17
547549,669289,49
751456,735068,3
291144,257772,94
375814,315905,13
423259,716627,33
357271,661209,43
955529,576124,38
919733,961358,24
549166,833028,87
711930,420526,61
793073,187080,4
262844,628728,7
45971,644115,60
656424,521255,42
741453,606514,18
697235,443885,61
391093,101835,10
553537,310919,19
630526,254770,70
932587,993826,24
240563,149192,32
476883,988202,36
714043,926275,20
908862,251386,56
60639,164886,41
245320,107693,15
997875,298279,56
177995,578425,51
602901,972217,68
62625,539232,22
886038,640974,8
853343,136068,93
908377,99401,71
642820,883261,92
974658,89368,71
14600,390807,79
294582,45624,90
809025,290793,67
372397,879895,44
402852,734603,33
483464,581867,0
439128,440497,50
434009,404836,50
83600,73285,57
709509,726818,3
645204,955586,68
548300,280701,39
743270,151253,4
113725,384138,48
208663,10473,30
28020,944992,69
489790,908877,36
497479,134849,72
418637,40069,91
440706,950530,86
569191,400153,62
374610,86321,10
811542,591028,16
413575,971481,86
688626,746222,3
757301,970144,20
221123,430136,76
312242,855826,44
870926,659740,8
262512,43064,30
789649,636875,58
974570,609448,38
8089,958011,69
306536,957633,21
940645,436135,1
127625,5330,75
584387,792762,87
964004,20709,71
60460,166079,41
305651,83203,90
402777,474221,54
243448,633964,7
45933,6282,45
589766,198707,39
673001,142200,6
961468,401753,1
274397,803352,95
951904,658608,78
235035,240993,96
374723,977493,86
734206,816688,66
90104,379496,48
205370,654328,7
306350,832947,95
347191,255643,13
603805,153026,31
910286,182694,26
546929,251382,39
987063,578140,38
799686,337802,52
453076,862968,80
911558,571222,38
537390,924302,36
759594,505919,37
980819,628563,78
260511,424551,85
433017,728753,33
152287,499386,51
189012,739099,14
45181,357320,79
479644,388186,50
247087,798629,95
562443,987117,68
476724,310832,59
162870,367973,76
533331,710537,49
998833,389857,1
341139,524442,5
296946,771578,95
914777,657382,8
622178,960715,68
745285,19537,23
367327,680513,43
391256,854150,44
710569,545786,37
39720,574685,60
747561,268099,53
953273,674825,78
796985,930797,47
908441,171473,26
952115,211506,26
787029,611083,16
481862,656425,0
541228,425888,62
911297,172372,26
65875,174936,34
159696,16295,75
875347,966796,82
952072,483168,38
617389,468589,42
583285,271777,39
761430,359814,53
403016,490252,54
675593,704601,3
233278,719255,14
525597,720116,49
992680,979187,24
208784,41298,30
110977,192022,34
319272,15477,90
121943,507088,51
629694,267937,70
226809,987108,21
326497,442989,54
318711,578691,5
66209,788955,9
977424,581617,38
246629,94304,15
974568,574316,38
534958,45720,65
426094,365504,50
32858,252853,40
703911,643764,18
747977,251936,53
303910,817270,95
866256,176800,93
481483,293618,59
845619,321365,52
188643,539425,51
123227,90132,57
860341,755535,12
289719,311805,99
519246,980640,36
629819,373144,77
444904,507120,89
166833,969413,63
931282,62962,71
207535,49865,30
84811,421939,48
537135,631789,0
492007,166065,72
60263,847394,69
153504,957985,63
859486,387636,52
9036,881949,69
930257,837647,73
348864,361270,13
874006,427800,88
38292,583491,60
734116,289678,53
620721,469478,42
519480,905870,36
960546,910833,24
373419,54604,10
738185,679185,18
62515,703049,9
147872,298307,81
652641,950663,68
798877,726768,58
797272,757006,66
877,749458,9
142467,456128,48
158870,144118,98
198166,578048,7
262439,816993,95
211296,262706,96
303553,826803,95
80918,995480,69
38856,61991,45
886260,384177,52
878193,805173,64
552123,546478,97
661416,429349,61
70307,653648,60
867563,147931,93
276431,982328,21
992620,975064,24
910565,878461,27
299051,155462,32
855666,191216,93
778769,778219,66
531144,951395,36
106273,133201,98
724716,315212,53
783906,112714,93
388918,560963,5
118351,131094,98
307633,391025,85
972295,362264,1
572794,950236,68
623231,648020,74
279591,90301,15
695420,924677,92
50868,946144,69
852697,289010,67
400909,80236,10
530029,204595,39
643897,991945,68
635015,706284,74
524445,355800,19
935745,66799,71
706374,31804,29
533796,520799,97
82208,676299,60
571091,326879,19
865268,569972,16
528058,71215,65
920139,790929,64
158460,238967,96
328451,291513,13
461594,12795,91
53913,127132,41
715913,363008,77
81680,797025,84
609695,153873,31
155147,557809,51
105515,401647,48
496317,601726,0
223149,476486,35
313600,684492,43
261321,23603,30
704468,2967,29
869617,654510,8
357421,181966,83
304023,716323,43
247474,297020,99
18694,198242,41
854263,603400,16
354462,453708,54
485042,102231,72
204190,834839,84
143194,670626,46
211759,36388,30
579307,413969,62
580153,643850,74
191942,973849,63
485855,766610,49
421559,146677,17
213175,833880,84
32496,160666,41
321940,860071,44
229585,644525,7
532006,441206,62
351081,627161,43
706811,373462,77
792106,938575,82
635511,40397,29
958132,328878,56
453627,111506,17
88874,714540,9
278036,960261,21
114466,834568,84
599713,380786,62
876038,582052,16
551135,942734,36
533879,915443,36
852979,33504,25
107299,383051,48
954353,826492,73
862874,332142,52
324810,94134,90
117129,601714,60
9403,47954,45
976646,490739,38
855300,29265,25
868955,528684,16
605477,256829,39
532183,401428,62
809455,517412,28
156759,655040,46
257865,953078,21
389425,75051,10
395014,4161,11
943949,951123,24
540244,882994,87
490063,489846,89
853324,820063,64
807105,23307,25
726443,340516,53
59592,568899,60
493927,439828,62
199522,382241,76
334170,403013,85
454290,259457,59
698145,735922,3
653799,408136,61
550104,609306,97
612202,294927,19
849252,392747,52
906256,460424,88
359263,149555,83
575668,256528,39
473022,86728,91
639055,605884,18
95315,963017,69
441829,828476,80
210282,219793,96
64572,275847,40
170088,674576,46
602810,435517,62
749460,189825,4
391284,326675,13
436066,972719,86
500085,929411,36
627395,633848,74
89419,874624,69
815270,252227,67
191321,535210,51
277861,11183,30
965902,926296,24
267552,759755,14
208160,559082,51
500578,226161,39
99681,347117,81
11571,488539,22
886615,343965,52
35402,13630,45
86233,330534,81
300764,951641,21
231067,545989,7
442515,363441,50
363177,924358,44
689359,63612,29
137490,805585,84
475549,556927,89
286379,178252,32
886004,80731,25
852316,884684,27
897333,489478,88
668426,241454,70
122766,335452,81
958337,778092,73
393004,222288,2
999065,293110,56
313757,322385,13
335890,308660,13
648733,265871,70
501287,136494,72
67971,394146,79
413985,858545,80
574512,828858,87
617691,549257,42
363827,845602,44
43521,465627,22
794882,584894,16
320437,590267,5
624615,913405,68
610102,986747,68
273387,829194,95
272392,100408,15
565614,280269,19
495129,637973,0
423944,241261,2
880285,966749,82
162141,111135,98
861009,993474,82
320478,283182,13
454226,186211,72
658182,66879,29
43908,971335,69
238965,286995,99
535849,20202,65
543046,985857,36
300322,520581,5
416603,848618,80
728755,199191,4
805350,531708,16
429340,919234,86
579723,418029,62
824434,270447,67
413154,890393,44
849434,452043,88
501490,558449,97
861232,731590,12
845767,808828,64
975387,334584,56
353307,33966,11
877491,992951,82
541546,767769,49
897056,829431,64
254770,920065,21
533365,272047,39
308981,49304,90
653504,442657,61
742728,34613,23
742753,457315,28
98691,700767,46
792316,459259,28
777969,338981,53
261327,137860,32
24637,85065,45
702893,523409,37
942582,986318,24
50024,764552,9
829061,43849,25
978310,461329,1
572504,89810,31
447585,563567,89
870862,587316,16
34016,712580,9
338022,140635,83
654145,226822,70
212531,9409,30
143084,818460,84
873430,747653,12
815036,317864,52
355994,206110,83
104642,724333,46
869180,315457,52
901194,380762,1
481214,763715,49
773841,960878,82
492286,862411,80
546181,666267,49
962217,995837,24
41548,309354,40
323093,238310,94
292246,778781,95
973001,243616,56
456654,990756,86
644206,180946,70
161621,368979,76
441662,25713,91
160668,353019,76
196628,738319,14
944198,150706,26
928135,165252,26
398952,192838,2
38952,678856,60
540988,398900,62
326248,254285,94
768345,587831,37
681003,632423,18
145065,114841,98
134702,940715,63
597889,728435,74
814962,68619,25
294251,484582,35
370584,417897,54
603858,53817,65
515088,88463,65
801163,162107,93
532532,272332,39
92004,316225,81
801320,801581,66
177734,189664,96
683596,198111,70
662746,786578,55
18957,619718,60
601523,807753,87
911892,173415,26
601521,769983,55
110526,622131,60
155984,635295,46
413493,584813,89
954861,350841,1
585577,803787,87
251449,112080,15
740572,797936,66
918316,145153,26
589125,434005,62
337678,357840,13
224015,32727,30
51154,756426,9
265735,210164,94
238242,143530,32
319926,1836,11
870503,545383,16
256183,670661,14
812127,431654,28
819177,924239,82
687702,221992,70
31496,365145,79
992443,993350,24
249425,95995,15
395840,895051,44
127981,992197,63
862342,395634,52
427570,179407,17
298593,462743,35
338331,341108,13
15148,606920,60
510841,716092,49
362174,72087,10
579359,302700,19
485224,161817,72
666322,890260,92
615217,965049,68
583347,329338,19
199666,795792,84
878042,261509,67
192523,749501,14
864739,683983,8
707240,588843,18
688205,664477,18
868935,205119,67
438702,265993,59
559778,205532,39
379815,551844,5
852769,503733,88
249469,826688,95
158355,474747,51
80248,739783,9
548855,622138,97
274131,329745,99
31437,367204,79
609077,758717,55
771104,945553,47
909992,236037,26
87934,907489,69
171181,45733,75
645968,788124,55
8780,569659,60
266679,83145,15
419425,277292,2
457135,79489,91
973621,660357,78
621917,562491,42
796794,718596,58
459440,812268,80
802520,955953,82
711307,948116,20
999523,994688,24
731868,517718,37
291460,572471,5
530835,755680,49
720245,161140,4
285686,531010,35
692001,462214,61
432737,18131,91
741444,456405,28
802459,933806,82
481562,626222,0
916344,995180,24
5256,349706,79
522843,423980,62
834547,233853,67
383804,594042,5
64335,281088,40
257650,339205,99
26523,783896,9
944697,535683,38
225906,817319,95
684041,691821,3
437205,104553,17
227023,585704,7
927636,792555,64
483970,85522,91
375920,91669,10
689699,786206,55
778954,883542,47
700110,764320,3
929667,919360,24
693790,536900,37
689671,302732,77
32091,364763,79
588211,68229,65
725931,738193,3
825905,1430,25
36024,461895,22
85707,480507,22
896083,475724,88
496488,484992,89
270452,499604,35
856801,265823,67
701401,448395,61
181621,516063,51
471253,353866,50
426556,139335,17
807829,196520,93
917499,414711,1
61287,57642,45
801934,106334,93
168787,804843,84
11445,369362,79
873568,68453,25
504581,497687,89
631514,871624,92
385919,146647,83
696861,154459,6
993785,552813,38
134521,903590,63
649209,260288,70
668817,816167,55
335527,209680,83
91962,616759,60
874581,87120,25
239494,183354,32
644236,679626,74
486406,28899,91
710768,888546,92
802102,941875,82
98658,146707,34
706142,136080,6
100530,615176,60
264690,661300,7
475871,975311,36
54017,877335,69
379938,625605,43
552031,1560,65
233574,694353,14
992915,933750,24
543142,587734,97
60186,551112,22
549654,48470,65
638135,150104,31
799005,882166,47
567202,973949,68
164509,912175,63
940300,637523,8
859625,732878,12
491094,817193,80
570139,335243,19
439680,703920,33
796198,709476,58
176797,432529,76
524753,534328,97
464790,729573,33
949714,859153,73
791328,861322,47
251471,484224,35
362398,831006,44
732089,227292,4
98435,405506,48
354965,901937,44
871217,556512,16
299646,158634,32
169590,310911,81
482435,296743,59
368680,416030,54
218897,3468,30
298655,510029,35
67452,667298,60
282552,854794,95
534360,991410,36
644262,120634,6
509230,633199,0
187052,789607,84
933293,858954,73
446588,819879,80
716135,94644,6
693680,681464,18
368547,170973,83
552065,571954,97
839112,965840,82
873180,542780,16
507600,246409,39
399616,352466,50
902603,63379,71
222748,735494,14
448992,219589,2
646993,12210,29
216018,628218,7
469413,432828,50
541675,939586,36
633266,306340,77
666378,828446,55
707571,153047,6
267912,801923,95
932127,269160,56
785977,918159,47
503424,61040,91
902341,654848,8
38989,302344,40
498881,696893,49
689007,156253,6
151924,397182,76
438673,780594,33
454620,807844,80
439983,795013,80
785074,749591,58
380864,184302,83
570255,292399,19
357436,438052,54
351988,878070,44
738440,973795,20
582230,545129,97
986663,861096,73
440710,25186,91
308152,119321,90
438219,152999,17
463220,349622,50
104110,779896,84
724160,972539,20
470074,548581,89
4486,400673,79
122386,949800,63
303924,61633,90
870615,441775,88
914552,885072,27
408293,195417,2
381698,211104,2
39517,175498,41
597726,986537,68
734726,544436,37
348383,277859,13
990287,760008,78
460086,671700,0
271231,587133,7
949957,931784,24
504758,469649,62
396571,169858,83
811065,579080,16
601400,735886,74
44774,532076,22
610747,831990,87
264089,547925,7
978352,177074,26
97843,463341,48
378099,725730,33
345329,958603,86
248968,406783,85
807434,556127,16
839620,500620,88
935755,236319,56
814865,443082,28
895654,259162,67
738184,662687,18
780858,887030,47
313394,224970,94
86677,780612,9
752053,769944,66
464647,334626,59
71165,74508,57
264458,759002,14
550863,361216,19
970389,337856,56
359002,756559,33
494418,699943,49
943422,106997,71
315055,133490,83
577684,135346,31
776487,427867,28
164726,554262,51
496929,885865,80
743667,827247,66
557002,546839,97
733646,389960,61
60428,614203,60
918520,573909,38
688724,392475,61
336424,282852,13
900423,420224,1
720208,549713,37
27525,620819,60
109094,554558,51
465264,704534,33
114303,103995,98
854656,217504,67
596911,289522,19
4781,358404,79
707352,475225,61
109743,459680,48
851583,559585,16
952423,382795,1
643621,338934,77
473830,674079,0
261513,250141,94
130697,631121,46
266254,939642,21
566372,30669,65
466522,849075,80
414219,780996,33
209325,126657,15
725409,964372,20
204667,854535,84
177780,955489,63
919241,690099,8
495455,126293,72
613258,29503,65
871798,319657,52
481145,618702,0
532360,391031,62
60686,950043,69
379302,944826,86
696410,573070,37
601486,188413,70
669027,346244,77
323331,234650,94
775316,746426,58
196615,514219,51
491173,147911,72
940257,908176,24
721611,117297,6
426649,705571,33
544606,200413,39
357850,392564,54
830532,767373,64
245667,940960,21
715201,391097,61
174073,647322,46
548043,971243,36
696372,925877,92
215634,161900,32
55018,692313,9
712377,927157,20
736419,9442,23
702278,193423,4
873701,299579,67
34149,951728,69
693823,90131,6
832839,531748,16
92617,615242,60
375174,558060,5
315037,842529,44
397334,996283,86
540533,740281,49
919056,576565,38
343349,683385,43
665875,370513,77
214538,748167,14
446293,846754,80
396340,293551,13
723051,330260,53
694860,516403,37
187296,898200,63
62859,473736,22
89044,570969,60
282264,12729,30
946365,557043,38
228743,489589,35
526077,787772,49
90832,613466,60
524275,492640,97
809019,193754,93
435362,129505,17
599866,953626,68
608512,275670,19
195504,844361,84
176793,362577,76
840003,933959,82
49911,856005,69
892507,374373,52
98489,310047,81
966367,742655,78
818864,662743,58
726565,387198,61
638107,672312,74
548576,932851,36
435298,66872,91
925143,885400,73
928200,271243,56
793021,314549,53
640995,213778,70
977363,555885,38
772577,705172,58
829628,567413,16
525039,331274,19
737436,99259,6
247223,87075,15
474772,494537,89
692599,516586,37
266871,307844,99
934273,338196,56
70992,164320,34
727164,453575,61
251208,60588,15
310708,79585,90
587223,463827,42
549220,753440,49
81967,628838,60
883188,745269,12
738993,263774,53
252134,618627,7
279758,899576,21
184474,455079,76
515722,746013,49
252630,954000,21
891029,525111,88
545027,275310,39
150651,2932,75
294089,760183,95
408843,427214,54
199685,114638,15
727531,622335,18
598898,686753,74
261990,281647,99
655805,124417,6
76785,539114,22
891933,733319,12
906484,293005,56
545655,831439,87
3921,905456,69
5526,882332,69
369770,735118,33
141150,313866,81
158647,389433,76
207380,435936,76
778949,800379,66
979574,702166,78
313365,734695,43
33476,640808,60
73189,99124,57
985379,271688,56
269841,230461,94
362685,654859,43
231651,368074,99
235097,287191,99
820091,274543,67
249241,9917,30
678295,115614,6
125262,280675,81
313908,856657,44
850144,379250,52
65252,690552,9
113330,747760,9
609669,721912,74
190006,433261,76
828784,379513,52
481946,68224,91
642831,69959,29
808594,54329,25
113497,553255,51
565972,294944,19
126846,906555,63
471429,321953,59
80407,412935,48
201160,909171,63
437240,709054,33
74241,785185,9
605176,201206,70
672562,764634,55
207786,266759,96
434289,103170,17
980116,815910,73
15355,87549,45
442900,826637,80
293995,178349,32
517254,501914,97
669621,331681,77
572627,152685,31
177783,14391,75
872634,375753,52
296348,732522,14
500094,87285,91
7657,704407,9
979880,855337,73
659977,236226,70
250389,302308,99
902957,15090,25
632960,159258,31
656166,187857,70
320460,984458,21
788390,486668,28
441296,874194,80
590725,325379,19
651586,222481,70
242704,129406,32
939541,869561,73
717435,943433,20
289923,747777,14
896686,607217,8
503987,509549,89
1682,269753,40
749156,73985,23
479922,62532,91
980282,610942,38
105635,416264,48
164514,990134,63
188208,222138,96
473590,627330,0
543549,428615,62
741584,806742,66
915616,768114,12
702680,955289,20
549590,963876,36
868379,853343,27
146423,932871,63
765242,436944,28
734316,657662,18
329395,152620,83
99952,893283,69
418872,996885,86
657946,111299,6
609638,196207,70
665238,668164,74
840772,871409,27
774441,34308,23
620934,51083,29
552081,836282,87
396369,779991,33
322735,223456,94
635159,131277,31
376563,909277,44
220471,462544,35
991298,759093,78
87453,832851,84
741322,411507,61
214559,108407,15
999143,604129,38
603262,36722,65
195439,746900,14
158912,850667,84
166604,115325,98
279049,977652,21
408719,356568,50
852463,347729,52
286178,796032,95
910094,951507,24
987254,793666,73
152247,829269,84
528978,544597,97
44935,228151,40
537233,287012,19
813435,402472,52
352614,388736,54
488699,565002,89
995051,822396,73
13678,886824,69
857035,191593,93
108236,122851,98
756995,824486,66
150788,309716,81
399455,650874,43
241976,906605,21
325059,280044,13
708504,841474,92
656512,6583,29
640576,162587,70
612522,674038,74
560270,464324,62
893828,579301,16
321782,196547,83
368760,752038,33
508559,365599,62
628076,74059,29
714313,465553,61
562909,827049,87
219854,97050,15
135472,891008,63
175929,855071,84
188255,16365,75
59868,211032,34
817586,180635,93
938772,941440,24
785949,446675,28
272453,129615,32
442444,158165,17
280727,193529,32
651742,843516,55
984877,840599,73
951422,551836,38
711018,91314,6
725873,755499,3
678151,685964,3
8159,142032,41
132353,464406,48
284504,660414,43
587088,197138,39
311943,828816,95
913459,516004,88
485725,589431,0
581964,80122,65
626225,979941,68
871247,54104,25
340678,789414,95
686328,119098,6
688543,346397,77
908514,402216,1
58528,682053,60
272175,455770,35
127667,704592,46
91144,861484,84
977341,175070,26
406881,461404,54
831509,179175,93
408950,234339,2
538043,894743,36
960292,642988,78
712940,382726,61
482845,180348,72
114864,521113,51
355929,99462,10
661398,131774,6
740526,28087,23
72247,272030,40
10248,251930,40
198355,767121,14
17276,362470,79
49752,191072,34
354880,472929,54
518018,336337,19
830708,721522,58
630718,481481,42
252647,245298,94
727503,155203,4
502937,871887,80
811566,3548,25
638851,172409,70
678430,374539,77
877053,644820,8
501485,464392,62
40094,866828,69
788481,12168,23
523886,952386,36
757139,249761,53
738267,64984,23
195586,226239,96
409432,327501,50
317846,46767,90
16563,382757,79
998970,702863,78
19046,121363,41
756934,800922,66
112704,223258,34
300602,220496,94
883752,223518,67
681928,178903,70
832802,905771,27
305708,34757,90
161672,236110,96
302437,72991,90
760684,831855,66
998637,93618,71
439369,475287,89
162233,661430,46
655312,829326,55
490510,14172,91
203609,66059,15
254487,174726,32
620893,363857,77
350442,888545,44
786935,21641,23
735543,282751,53
203236,793177,84
928064,975354,24
788256,226468,67
248845,346382,99
643177,876585,92
771289,66630,23
864525,82475,25
174043,154096,98
905097,968233,24
106408,401808,48
188752,363141,76
321696,753521,95
431382,242732,2
597235,742365,49
933300,987721,24
637817,794245,55
886756,714001,12
229172,706534,14
729733,634738,18
54282,331635,79
796682,838679,66
688114,147061,6
664881,667225,74
57874,690168,9
657937,960117,68
694185,168199,4
920640,203439,26
206170,110557,15
144705,65636,75
158263,941452,63
986022,78691,71
566910,61587,65
104101,630804,60
929296,691151,78
185061,332708,76
831986,200734,93
749530,353269,53
404256,347057,50
988728,551931,38
315847,440924,85
619610,799650,55
731251,142957,4
694893,67684,29
577555,981491,68
919501,65172,71
355170,346690,13
834055,972260,82
779262,59879,23
398575,857604,44
750971,571883,37
642750,704931,74
776813,907664,47
109388,488309,22
18447,55251,45
616118,103227,31
944677,190610,26
593289,423058,62
341075,451556,54
307720,860379,44
402792,727874,33
383161,802457,33
896709,992447,24
56994,914718,69
678475,138713,6
358225,704085,43
559016,390220,62
434006,350200,50
818301,192531,93
872938,478734,88
91124,537121,22
393711,112491,10
652164,923250,92
68032,415056,48
860760,794799,64
190971,651142,46
748752,284219,53
871819,665261,8
58332,394125,79
63536,859468,69
79395,393250,48
366335,994811,86
800002,641310,58
509060,787132,49
338856,158585,83
354169,520302,5
719521,998148,20
882981,277365,67
687378,767482,3
85428,791894,84
369500,194908,83
834106,821170,27
420066,57967,91
261084,54311,30
815993,407314,52
740859,627479,18
45850,611005,60
164433,637471,46
986132,931881,24
136689,334619,81
951539,519416,38
837109,291735,67
203639,570053,7
893430,890659,27
313439,975644,21
665164,420696,61
638107,672288,74
153963,666035,46
59348,468570,22
268265,744266,14
891606,233354,67
988942,164043,26
82746,720882,9
873647,395500,52
183476,691724,46
806534,417166,28
324512,78816,90
677118,332329,77
455914,548574,89
893985,218642,26
730842,268588,53
163299,576881,51
647679,550837,42
928598,956074,24
742461,555660,37
981977,87476,71
214692,338468,99
639572,295846,77
289153,798885,95
863909,733934,12
229066,927139,21
429759,964289,86
818938,905304,47
455037,821781,80
684952,995527,20
822753,18389,25
70937,240041,40
377460,976235,86
587928,315384,19
668721,204499,70
21890,916891,69
187595,925093,63
47259,283392,40
986079,33093,71
205561,863813,84
111738,997105,63
345191,640965,43
700689,491511,37
826568,128578,93
17854,84332,45
369419,833065,44
338204,205871,83
86560,829287,84
829949,961778,82
603205,77624,31
634115,581481,42
961196,824024,73
375197,938742,86
444591,241006,2
598401,327478,19
934315,37459,71
577749,233042,39
740501,607937,18
597629,355913,19
836566,175557,93
593397,223945,39
843815,14220,25
996326,265544,56
6362,929288,69
548836,301922,19
405529,737987,33
361289,195685,83
893968,928245,24
21213,533108,22
950154,248537,56
167070,960353,63
653279,662935,74
962557,711074,78
37491,118308,41
416531,644500,0
113898,297950,81
647953,161163,70
682686,916851,92
527574,948806,36
583622,941817,68
126646,548033,51
791941,165645,93
7945,541111,22
464490,700059,33
900155,921713,24
246499,922173,21
976847,873194,73
777344,826649,66
493520,602720,0
919338,328377,56
37572,477177,22
928073,129776,26
160354,75080,75
874598,376743,52
926882,113907,71
451018,264014,59
290055,961966,21
778481,931340,47
47409,819754,9
620922,850305,87
81664,537346,22
185885,169283,98
143769,340872,81
39713,461281,22
765011,546981,37
112862,877555,84
78375,254308,40
158693,166552,98
252053,266403,94
443798,923218,86
531980,997333,36
185426,471313,51
364579,479593,54
521854,803166,87
823094,744740,58
850538,8553,25
754085,911901,47
331625,637908,43
331571,722943,43
511835,415936,62
642212,663744,74
561657,771752,49
845337,587539,16
768258,126663,4
839033,629980,16
82735,537150,22
892533,804957,64
912979,448058,88
520675,997756,36
296419,916393,21
826693,237557,67
637163,806109,55
279119,153298,32
489103,365647,50
440680,511064,89
459311,650101,0
252403,140406,32
815311,941738,82
801994,119700,93
813133,337567,52
489177,604029,0
927973,452405,88
586986,475611,42
602374,104119,31
937191,370627,1
128304,420426,48
104518,646213,60
903370,945466,24
448965,761747,33
686386,100861,6
183301,744829,14
357013,322779,13
955738,99845,71
98853,434807,48
808612,355699,52
239105,647397,7
806602,562955,16
588234,453591,62
515082,988653,36
299751,927433,21
367399,891753,44
705501,356234,77
239586,734517,14
39232,387669,79
566603,897052,87
764621,990346,20
752391,451622,28
426554,107959,17
472837,974783,36
189120,550857,51
253909,455776,35
233284,807043,95
984967,345015,56
671210,29289,29
273977,740758,14
936506,859806,73
769486,758280,66
415389,445375,54
425057,947097,86
873878,269749,67
677052,216343,70
88089,518866,22
595724,339958,19
683586,35628,29
806727,664484,58
983568,839102,73
789856,114476,93
1505,300734,40
442308,883352,80
507226,950580,36
404398,718290,33
307779,852450,44
132817,258515,81
873884,377471,52
163168,367998,76
948505,527122,38
349965,862056,44
577549,871358,87
919746,187078,26
230513,246126,96
640385,960420,68
794966,856,23
400143,216369,2
523783,227532,39
144010,392802,76
835693,493531,88
780511,63272,23
414481,192619,2
350510,23909,11
842323,930127,82
651531,293115,77
393437,508606,5
153675,825653,84
751977,489347,28
462525,658177,0
984679,502519,38
848636,36629,25
632701,807515,55
910598,426925,1
335706,220836,83
598261,986447,68
219588,617878,7
691638,364220,77
449727,575290,89
904654,535703,38
562839,650636,74
248767,38650,30
599542,516483,42
544796,390629,62
317204,256418,94
631908,479756,42
265035,455599,35
266550,909230,21
431088,298157,59
127291,389487,48
118353,171400,34
727242,758435,3
20474,113536,41
212603,230009,96
776523,24510,23
948005,126000,26
689736,396209,61
97237,273565,81
808693,708338,58
46568,670837,60
767552,257364,53
523366,221656,39
382963,465770,54
207650,974987,63
618400,463487,42
837935,184081,93
853701,153717,93
524453,498005,97
977355,415504,1
379271,412508,54
22212,321476,40
54113,491993,22
941010,559627,38
660749,210311,70
703306,469124,61
572652,575238,97
34503,901341,69
851907,11669,25
121777,718396,46
85022,979533,69
11802,365073,79
789225,505339,28
242796,683363,14
293528,328704,99
535729,9490,65
512205,644505,0
201679,625781,7
517247,381043,62
200021,763085,14
179990,95470,98
572110,457338,62
485947,322062,59
899263,926437,24
633644,658480,74
75982,42916,57
290094,624249,7
769189,764915,66
938873,648919,8
385188,859818,44
971735,957801,24
768125,882084,47
196007,290390,96
600850,491762,42
54771,550160,22
548775,276753,39
402198,752438,33
239159,548024,7
649110,601012,18
210815,176204,32
462408,694909,0
335910,640631,43
87093,776822,9
63933,524404,22
659777,885632,92
818681,574191,16
443079,836478,80
701945,606343,18
809039,527776,16
336622,609051,5
328846,926552,44
567626,92846,31
462755,535665,89
934899,847742,73
11346,703965,9
553016,545128,97
967058,358936,1
649378,106605,6
726222,626559,18
591455,596883,97
825724,943918,82
431406,641884,0
155968,369402,76
548679,649596,74
775279,116717,4
666181,509995,42
501558,695988,49
484125,698355,49
266491,928484,21
36242,128416,41
303309,728665,14
685837,869408,92
152977,87930,98
849605,317700,52
588770,469592,42
441636,586638,0
627677,383233,77
6927,430766,79
895927,853647,27
259789,278292,99
258104,959287,21
741646,861008,47
976443,94251,71
86001,431539,48
884702,202992,26
697794,834284,55
822356,347223,52
786475,285823,53
839609,314134,52
653339,672701,74
99521,665349,46
536162,280046,39
749710,387928,61
918533,799527,64
660081,982703,20
302427,896772,44
55847,622421,60
32266,306500,40
354329,218709,83
844268,623556,16
110067,896549,63
311477,998439,21
777968,323884,53
524934,575194,97
288533,377064,85
330622,774344,95
412543,623551,0
27428,989044,69
874880,111696,93
288709,333835,99
780831,442648,28
597783,954776,68
932186,256872,56
249454,576636,7
526023,884703,87
208533,826548,84
802852,546649,16
546427,809578,87
593412,475828,42
255989,415909,85
192172,846313,84
988814,13216,71
130884,777447,84
561692,368849,19
257808,984385,21
562773,537507,97
892235,804885,64
708579,97841,6
417643,328954,50
746253,287209,53
130704,746279,46
713269,916352,92
144414,167801,98
231990,63558,15
229663,948312,21
280595,976225,21
417908,788474,33
898702,489033,88
186425,247527,96
190353,267984,96
12138,14921,45
786947,231826,67
314382,819284,95
711179,790105,3
295972,405567,85
379092,410743,54
361258,678175,43
89265,281920,81
239890,832301,95
492917,470334,89
916532,164813,26
20227,971563,69
74371,958528,69
991254,21153,71
520947,562627,97
79033,321459,81
771840,318588,53
523854,425319,62
344797,9338,11
945133,855381,73
389183,6560,11
265074,111050,15
424769,99358,17
920986,21523,71
740187,329050,53
359526,566092,5
322584,673922,43
622218,630308,74
592288,588483,97
638014,114277,31
663402,803335,55
660286,429084,61
625125,478427,42
934690,339251,56
804762,638473,58
826726,787501,66
534460,680889,49
706589,641537,18
313208,96739,90
906605,310909,56
459723,574082,89
602035,413347,62
128374,583909,51
775179,444621,28
749282,188514,4
359523,508482,5
72925,663146,60
498597,930673,36
833717,293063,67
514833,813434,80
388995,844543,44
236371,693171,14
139819,947332,63
811567,8635,25
138413,315868,81
801015,673243,58
200525,223821,96
763551,7056,23
590476,143178,31
409123,139643,17
995757,702449,78
62265,496860,22
742088,285157,53
643041,592123,18
811695,162319,93
101568,55246,57
520268,159936,72
46296,102444,41
792933,829903,66
185660,395368,76
964638,676483,78
652849,435565,61
550568,397819,62
152064,754179,84
490488,635032,0
987000,521830,38
407496,798676,33
362071,334469,13
428098,53461,91
524284,646999,0
128815,997524,63
391913,897729,44
131898,814592,84
857323,38682,25
143491,655835,46
625899,492098,42
705739,357787,77
326824,935308,21
723834,481253,37
427939,385921,50
184573,128983,98
817850,612324,16
342845,210738,83
881800,427627,88
130671,190591,34
267235,427266,85
67747,628410,60
691842,801718,55
477036,544904,89
215598,561719,7
816658,586970,16
209710,606022,7
413297,298958,59
603735,989949,68
79590,675763,60
550824,712230,49
462383,277724,59
714113,98931,6
741811,619232,18
444505,811136,80
776045,990718,82
13863,995951,69
953366,228704,26
835594,833887,27
140233,909858,63
984806,637788,78
303375,836684,95
148193,692898,46
545404,609567,97
996409,659240,78
861061,858248,27
588379,893258,87
553,302109,40
553475,261748,39
200798,827698,84
130502,349047,81
447881,536121,89
588399,229221,39
523185,171775,72
27688,360948,79
461790,311938,59
756203,505861,37
9825,129801,41
575003,78633,65
600173,119382,31
467887,790558,80
921829,195578,26
92933,926286,69
102048,130149,98
422412,484742,89
71809,896248,69
247182,394950,85
930477,537869,38
968182,245945,56
611228,917209,68
533037,760546,49
504739,158097,72
140300,33192,75
866613,180893,93
274111,983804,21
798125,100753,93
355945,381289,54
337149,479427,54
731777,976307,20
792547,348660,52
928703,715504,12
489538,676932,0
200834,424584,76
991452,344550,56
858842,562249,16
729703,133921,4
819681,391462,52
316090,530390,5
270822,715025,14
432784,810919,80
124769,8727,75
684872,656654,18
390260,104710,10
875568,683202,8
591536,959650,68
843084,720645,58
885627,737099,12
424288,13200,91
867503,136263,93
175784,415960,76
41967,350887,79
370304,703190,43
530290,584858,97
713165,178672,4
940850,873719,73
601849,286603,19
940481,679218,78
626374,474533,42
488915,205711,72
401028,84201,10
175296,214159,96
386127,641387,43
791552,621400,16
871793,238403,67
855829,924247,82
826691,201572,93
826413,532837,16
405812,489540,54
714764,54502,23
20711,106190,41
741376,307548,53
975924,361745,1
852747,125140,93
240505,174832,32
416873,392404,50
148569,3519,75
147042,337802,81
439983,800248,80
783854,249551,67
217802,605584,7
53951,765247,9
517932,887348,36
661536,440960,61
227993,889612,21
710972,310963,53
356093,860033,44
590797,530256,42
25609,417438,79
889163,178373,26
925235,435272,1
619462,304408,19
195946,276109,96
566582,553216,97
914974,981726,24
876146,388581,52
892621,296835,56
909231,445786,88
326123,154086,83
734435,655225,18
376752,77031,10
666373,739124,3
466795,429505,50
693956,329443,77
950934,348955,1
902963,108279,71
853403,151829,93
803287,847353,66
467492,144703,72
30574,868973,69
829608,233431,67
281467,629755,7
301707,790169,95
382906,505122,5
601844,199714,70
607957,948931,68
692609,692664,3
604029,916382,68
644941,535503,42
214766,574095,7
825564,264114,67
971981,90327,71
140247,137941,98
390566,243692,2
744170,272283,53
275760,714148,14
699847,344722,77
751476,60285,23
212392,681330,14
123396,925688,63
53287,608609,60
901716,144058,26
184126,621452,7
747658,895350,47
158646,377811,76
873764,362032,52
683503,641032,18
825182,840911,27
199260,979533,63
14526,140223,41
739877,115585,6
645795,881160,92
665054,573625,18
930878,282618,56
970928,401402,1
377619,656876,43
121896,716710,46
760007,442054,28
608636,356569,19
857229,454242,88
449819,113962,17
365341,297652,13
637426,222279,70
843758,57242,25
81743,869167,69
102831,282566,81
95369,874429,69
543409,90667,65
852745,95658,25
737657,809584,66
681826,458221,61
329314,786449,95
863653,428241,88
451844,147923,17
142381,3093,75
984662,215605,26
673323,545517,37
518864,560591,97
866827,771295,64
155186,214598,96
756696,800286,66
415388,428290,54
278066,460679,35
640640,238870,70
689148,517946,37
126412,614812,60
161132,154923,98
797646,38277,23
335809,957734,21
648046,719996,74
984715,118110,71
84900,928852,69
217477,147341,32
364358,768258,33
118876,958933,63
802684,725854,58
433749,28142,91
995563,442586,1
548134,501244,97
413189,477128,54
105874,427443,48
43231,585471,60
12472,619423,60
654726,981077,68
967103,101831,71
479304,674999,0
714045,958269,20
635340,165944,70
22378,117352,41
350474,426084,54
196838,261986,96
202554,334918,99
977030,958552,24
393412,90396,10
300428,299656,99
323528,539249,5
159444,782065,84
169668,619777,46
599049,219616,39
99443,343280,81
515300,650995,0
276175,682348,14
237983,787733,95
437784,837347,80
304980,808332,95
645195,801329,55
938495,299800,56
749170,309003,53
428162,134752,17
785094,78314,23
231041,119045,15
793097,581905,16
81180,406022,48
27826,685708,9
709456,828054,55
108689,751596,9
84450,356691,79
908231,641616,8
647369,343484,77
945879,398898,1
290685,546575,5
297761,481631,35
786677,681881,58
374329,353567,13
411834,696195,33
964449,500440,38
908429,972949,24
364581,526903,5
667783,437339,61
363141,322690,13
458820,393258,50
491298,258674,59
550181,907967,36
203540,908460,63
500243,591520,97
679881,761771,3
97192,519361,22
