x,y,cluster_id
242578,13469,3
383138,414652,1
67768,993126,0
484308,765337,4
31833,30935,3
932640,887879,8
591329,478778,1
833354,186335,6
735652,115053,6
698658,355604,5
638300,908210,4
294000,264971,3
377493,541620,1
9281,999465,0
12901,842497,0
852470,467010,5
53607,976747,0
196754,856972,0
144213,800662,0
729397,985790,4
183405,499760,2
469862,970991,7
450770,95791,9
974081,390235,5
680670,26669,6
231241,468739,2
97960,415410,2
796294,316402,5
778534,828493,8
487140,369048,1
602845,24264,9
811111,355792,5
806109,274877,6
859817,951019,8
777276,680837,8
835185,961129,8
705424,73751,6
536857,957185,4
418065,418776,1
381617,836927,7
240062,726211,7
431612,116690,9
223913,309587,3
244801,377033,2
807539,314736,5
775229,283334,6
996348,632867,8
600910,509480,1
834128,199442,6
35980,730005,0
197911,293197,3
770346,214750,6
309220,60662,3
557590,416916,1
115944,685545,0
959950,893088,8
136133,997800,0
27973,148064,3
522975,641339,1
989146,578132,5
680530,674978,4
362046,914709,7
530369,917610,4
283108,208988,3
471815,806578,7
161689,514298,2
813117,64168,6
479624,43309,9
902915,294501,6
685730,66033,6
821219,242774,6
310257,492554,2
356179,307990,9
396981,70916,9
886516,684032,8
528226,902819,4
686503,63316,6
152140,23765,3
418942,174793,9
752751,490316,5
747743,329274,5
117577,118127,3
374985,376969,1
728744,14480,6
382012,490499,1
827576,79664,6
923967,118042,6
938251,195973,6
726117,857863,4
103637,838910,0
565110,810400,4
406969,934977,7
160874,816054,0
431739,248100,9
830522,596218,5
645779,608168,1
495466,304382,9
755627,828610,8
455550,438144,1
897430,118944,6
98993,780745,0
997533,539816,5
698849,561277,5
384785,92576,9
929386,192648,6
841254,969376,8
318446,127999,3
288386,909935,7
279052,41813,3
755507,809000,8
866244,973541,8
313587,467795,2
243042,823442,7
599615,743697,4
327666,83176,3
951140,823081,8
527120,310801,9
646964,528517,1
786098,952490,8
515310,819254,4
207082,441170,2
757169,750570,8
841330,249551,6
217528,1761,3
607765,712493,4
871078,223776,6
14974,680695,0
452619,175360,9
288399,131390,3
272306,650010,7
719640,990750,4
535380,148002,9
469616,838895,7
313226,398227,2
5279,739131,0
580105,833601,4
347811,666053,7
354997,440055,1
14917,711650,0
706767,635577,4
146365,957588,0
183773,679719,0
48126,868372,0
730391,687771,4
373259,371670,1
663645,885499,4
586741,364693,1
406085,74556,9
75646,387667,2
531298,530090,1
229012,19601,3
439383,726733,7
208291,749221,0
166750,575130,2
211249,463602,2
769233,500985,5
67848,329471,2
430095,618497,1
83209,503956,2
994746,709053,8
62870,660778,0
710643,782564,4
561766,616936,1
851959,876326,8
416611,994392,7
751597,103922,6
622708,854272,4
763144,172256,6
113940,992884,0
414314,380142,1
62500,450930,2
789565,228458,6
697292,386877,5
247648,231501,3
849283,902588,8
803927,613533,5
663457,738469,4
452902,931007,7
436138,171789,9
273068,465220,2
955457,369525,5
607397,533230,1
999677,575269,5
555215,505000,1
540809,380896,1
724384,729940,4
104473,885740,0
639572,287519,9
332946,834822,7
860169,869593,8
256492,871667,7
117700,192914,3
305697,859094,7
796018,674653,8
900226,112347,6
221747,915444,0
880066,285789,6
257319,771158,7
861762,644236,8
684291,882927,4
369671,66247,9
417820,301777,9
980466,702029,8
7364,783108,0
703318,672688,4
870522,869668,8
524434,177186,9
980344,642136,8
393063,217912,9
447246,868568,7
31640,773725,0
9819,42467,3
744825,278843,6
523351,969780,4
102327,819686,0
470454,926986,7
854907,426604,5
934752,387852,5
632230,906357,4
147351,540271,2
343122,859703,7
37949,811880,0
271485,855588,7
870383,540877,5
534808,524330,1
423039,21274,9
554457,763045,4
498689,467937,1
617602,46054,9
32396,486973,2
571333,395104,1
522923,772502,4
453133,808894,7
94785,52884,3
826935,303685,6
42690,506413,2
285958,109358,3
982686,19644,6
173411,524345,2
675854,86444,6
873180,538256,5
478759,506532,1
299840,413003,2
344194,871591,7
838942,102171,6
196498,555389,2
424329,714240,7
233338,727393,7
302701,508484,2
92123,325340,2
998452,999447,8
711751,399947,5
915277,68584,6
703078,646216,4
966967,821532,8
497813,752719,4
952957,363209,5
467852,199519,9
319607,637251,7
293620,877284,7
523256,367777,1
237859,699470,7
999000,202858,6
442180,722977,7
79262,168652,3
539282,715609,4
251904,750679,7
674102,637241,4
116274,231005,3
506655,355788,1
732259,84308,6
967997,128374,6
585623,581955,1
922186,193661,6
864539,311585,5
811253,744298,8
429059,196341,9
917628,585903,5
274474,86126,3
521532,393337,1
826258,922274,8
661199,778269,4
376760,214791,9
994520,904005,8
626417,198418,9
813554,408777,5
327680,324291,9
367317,511847,1
620384,803852,4
341576,879053,7
250295,716161,7
534048,751257,4
386673,821553,7
854750,796623,8
844887,19776,6
383249,271130,9
883418,620394,5
964801,416189,5
902504,390258,5
74399,429715,2
223790,239575,3
552139,814155,4
516846,642578,1
822119,358702,5
709654,167894,6
807477,278000,6
359047,513118,1
989323,555229,5
734375,650304,4
661679,842450,4
72134,360306,2
669352,806694,4
106581,312340,2
513709,915202,4
801957,495907,5
725267,570966,5
239062,924139,7
4986,808315,0
353592,834880,7
839796,454535,5
374671,108680,9
592807,314266,9
880309,355704,5
327136,184438,3
855266,459639,5
154120,306519,3
672925,858988,4
25724,353126,2
998767,287106,6
403714,223334,9
576057,802292,4
127505,976868,0
225842,738540,0
646862,809815,4
561670,1315,9
111739,2849,3
893928,255271,6
349886,542663,1
542610,659326,1
304556,687893,7
434005,323590,9
589821,134435,9
462490,70127,9
629891,585425,1
253674,504712,2
696317,16186,6
52367,132880,3
315584,25240,3
210313,743236,0
574919,671006,4
608211,212948,9
31110,873539,0
579454,892040,4
521551,712622,4
41863,596998,2
751981,550487,5
35726,446954,2
959509,480178,5
357800,549171,1
923869,471037,5
731501,345154,5
16405,722120,0
675589,628740,4
237498,636867,2
829868,607283,5
621287,975722,4
973083,621237,5
132736,906385,0
616378,468377,1
14476,303459,2
245720,816957,7
608290,539205,1
424689,751438,7
430810,628092,1
345266,893285,7
456783,165931,9
810127,812538,8
334136,834506,7
549359,88853,9
352562,523797,1
458504,87214,9
817071,518386,5
520241,704018,4
443985,70005,9
588148,7255,9
937220,858295,8
379421,943657,7
52889,905543,0
469229,342547,9
188338,400091,2
335425,498812,1
536861,26511,9
579792,570720,1
104485,89116,3
780534,447421,5
815274,324253,5
733585,370990,5
235025,68069,3
47294,877899,0
859542,324578,5
186882,928701,0
689450,600241,5
266814,354545,2
842451,76321,6
733023,918199,4
184514,137053,3
455505,682579,7
107825,225534,3
556607,898878,4
458725,805522,7
420218,606961,1
197918,418513,2
953410,967169,8
215132,729668,0
532081,695311,4
97791,579595,2
262600,528353,2
31083,414922,2
596607,175765,9
82470,85277,3
252503,829532,7
958437,460401,5
966716,608715,5
679522,741861,4
466695,750819,7
22240,788280,0
625487,571436,1
128128,461503,2
481417,186445,9
589343,103250,9
330431,556650,1
624015,829410,4
905440,730891,8
89809,423409,2
243339,806022,7
817059,316019,5
347653,17202,3
127524,307548,2
960467,574613,5
532236,291130,9
25211,730439,0
503756,634589,1
538167,985049,4
730439,490467,5
283424,520330,2
197125,91670,3
697768,401666,5
808041,751828,8
983132,511241,5
432666,828883,7
48384,205276,3
80313,821012,0
757363,8609,6
707157,189128,6
680946,675023,4
127441,915777,0
464064,524562,1
320625,760533,7
294147,739293,7
312291,675442,7
165789,427107,2
397577,92002,9
290437,384309,2
82044,925550,0
721616,213077,6
186101,803504,0
504920,205865,9
980372,124577,6
776937,996788,8
17328,239384,3
332762,745003,7
267561,910812,7
19009,497406,2
906774,166610,6
230936,355255,2
779472,588468,5
394199,317563,9
290800,475775,2
362539,193552,9
44196,805903,0
813759,851464,8
564542,260234,9
763298,762542,8
44144,930766,0
389826,819942,7
765440,760514,8
966042,280601,6
70368,685962,0
964895,1139,6
146132,46477,3
147215,254032,3
524450,432983,1
161411,846487,0
913975,182299,6
909292,474804,5
46046,897454,0
512430,424367,1
349529,550215,1
478212,309860,9
823446,666155,8
77972,484115,2
526598,538193,1
414083,500447,1
18624,25006,3
287518,320761,3
30486,382682,2
751338,737903,4
952214,869233,8
200549,641193,2
542255,683283,4
943362,87182,6
283571,981982,7
172243,900475,0
299713,279151,3
697794,836100,4
339123,647658,7
193305,887822,0
638140,228485,9
149953,269467,3
948273,637831,8
40760,64007,3
770440,791028,8
808978,506184,5
446060,935134,7
809826,753518,8
387116,265002,9
893533,617219,5
601806,554563,1
553467,135407,9
786284,90982,6
141422,887534,0
789736,94881,6
675275,347341,5
775765,297738,6
89194,87366,3
364210,280764,9
805982,141354,6
738005,650951,4
540762,602548,1
28278,269437,3
431553,118445,9
710573,606347,5
879124,448669,5
782282,820982,8
259457,706066,7
852164,326385,5
562070,710548,4
196002,221354,3
306021,297215,3
301958,10359,3
109793,296194,3
136531,678842,0
313124,676199,7
877292,655694,8
250228,591121,2
977002,486192,5
430209,531175,1
471716,133042,9
41837,161437,3
279457,847490,7
779934,351890,5
223913,306152,3
499712,666297,1
460131,429919,1
652146,630747,4
974738,421745,5
270729,152068,3
810341,405655,5
858824,260347,6
659526,658617,4
390842,895279,7
965477,784319,8
64369,856170,0
654323,218280,9
638217,520501,1
65709,374082,2
205302,517220,2
918035,424475,5
152224,438185,2
585705,946647,4
297843,849297,7
146692,467539,2
943533,961072,8
748604,789923,4
252586,226657,3
426687,344493,1
895017,552102,5
178670,911525,0
1627,348707,2
724558,661643,4
239147,350197,2
768439,165283,6
911430,418744,5
831055,548144,5
672461,65380,6
854762,994810,8
776296,213350,6
780540,535883,5
586894,931210,4
856026,239074,6
130708,813366,0
255189,965174,7
693344,48560,6
150135,330008,2
458016,877102,7
468099,356033,1
855049,823421,8
250833,762169,7
776482,340047,5
179205,906942,0
983798,704694,8
802638,939609,8
16014,161869,3
544660,113148,9
689317,352054,5
984868,680902,8
922855,425236,5
955076,975835,8
863676,810105,8
443603,642803,1
599618,782140,4
441281,616519,1
840588,775751,8
54643,393956,2
230453,232462,3
997603,714695,8
888529,521034,5
25289,44722,3
644519,436345,1
654821,587228,1
546599,692868,4
35328,765762,0
175141,595542,2
289130,412239,2
502562,564201,1
536599,627309,1
189077,819114,0
865331,624967,5
821899,668647,8
957923,814533,8
856777,853233,8
292285,447019,2
63966,92841,3
380868,255788,9
36412,991412,0
667741,733999,4
325196,583595,1
488764,667166,1
67141,453105,2
335806,898567,7
222368,343760,2
589718,397795,1
753452,271553,6
218,666513,0
86064,492552,2
331103,860917,7
437529,555893,1
900287,138799,6
797276,820266,8
220819,307277,3
411484,813708,7
5974,405751,2
461672,330896,9
385117,664285,7
653832,955598,4
749923,957199,8
647581,895951,4
263295,210696,3
172066,923309,0
62027,503377,2
270310,113454,3
826725,781561,8
697279,176449,6
591138,271203,9
123186,389876,2
648284,724937,4
27815,496005,2
365009,710649,7
888142,6528,6
732732,42238,6
906359,176035,6
626265,636628,4
812437,629874,5
297298,690003,7
894775,491711,5
190341,69922,3
185334,911032,0
728059,491349,5
114253,261181,3
681789,835962,4
22854,118492,3
508964,170729,9
444857,724577,7
966472,504457,5
421891,732427,7
916412,152779,6
759500,932912,8
463855,26065,9
87796,603038,2
264076,325429,2
490573,73370,9
133243,423548,2
587391,294335,9
900293,241081,6
864629,826222,8
319393,42303,3
989090,639798,8
88958,130479,3
963129,319547,5
637683,550394,1
476744,645707,1
401749,208499,9
255176,755091,7
824497,334896,5
604644,259054,9
936577,58469,6
702505,2611,6
893644,477155,5
557158,159383,9
757319,269378,6
436915,244025,9
341386,678381,7
556456,363597,1
976096,261845,6
837832,455306,5
340140,738492,7
838163,10166,6
863728,683183,8
273097,950126,7
773734,164077,6
652271,725725,4
272943,365600,2
655343,351713,5
243255,402613,2
723965,680854,4
123297,261724,3
804150,361057,5
297167,501711,2
271521,465598,2
320205,686505,7
102040,1116,3
758899,819795,8
307084,162805,3
267077,770362,7
487890,978026,4
686407,447194,5
993502,791547,8
542651,338569,9
337652,918201,7
220304,659358,0
838643,89632,6
452402,525893,1
691637,347229,5
881189,156135,6
175218,898030,0
202446,516774,2
433467,286153,9
381265,933473,7
891852,364863,5
261152,191209,3
652788,414443,5
552273,60222,9
152052,547179,2
447529,629865,1
149661,361168,2
155977,515622,2
69174,623831,2
735693,807013,4
480659,444560,1
731063,990739,4
351500,667669,7
522571,854045,4
946983,952144,8
692021,812608,4
511050,224011,9
966500,978391,8
824190,168318,6
933801,405607,5
51988,766692,0
795650,499217,5
350803,954842,7
41902,262928,3
39298,496141,2
658151,545651,1
758756,412482,5
598829,521751,1
72999,895807,0
831767,524524,5
688145,665722,4
805639,387532,5
260766,707758,7
302174,653878,7
737836,820310,4
953547,269616,6
448563,15009,9
273042,21652,3
919776,682284,8
152520,417282,2
268832,274600,3
218522,701903,0
886238,17152,6
282081,937983,7
695537,894112,4
351414,225027,9
30544,369400,2
509515,434505,1
726246,31457,6
698925,838227,4
90299,656945,0
284910,495104,2
222096,768958,0
885650,129575,6
781288,108898,6
254319,347684,2
541060,609374,1
749789,707047,4
349649,565372,1
222516,835035,0
435364,172746,9
346145,673032,7
650491,814657,4
945008,765865,8
904353,475219,5
18253,782937,0
825366,939543,8
903418,749907,8
692057,410394,5
498846,114126,9
122227,272752,3
145801,483149,2
299740,744382,7
830073,38872,6
337565,463319,1
3177,407989,2
72370,324033,2
34459,166962,3
135095,541866,2
145298,37440,3
268732,595015,2
419959,266128,9
816027,971400,8
326940,881076,7
254108,809641,7
647788,378185,5
160600,220332,3
127164,246854,3
886556,346737,5
621975,539081,1
345074,661911,7
740201,573687,5
967708,277254,6
808407,912229,8
848464,150921,6
545608,35536,9
268556,622215,2
580360,118124,9
315317,532872,1
993768,265875,6
564594,145663,9
159422,415063,2
968169,19403,6
118412,165552,3
446318,280092,9
512132,404636,1
722206,119429,6
246048,329758,2
247805,860895,7
73814,600265,2
654149,291218,9
505451,130000,9
916369,427290,5
469615,830755,7
513926,568692,1
9142,661204,0
862551,907201,8
328505,197791,3
274385,597895,2
821890,507690,5
751772,35476,6
258163,962228,7
177659,927442,0
532199,682958,4
486770,152062,9
719304,358104,5
657716,242012,9
511020,725362,4
167867,340893,2
389685,436554,1
168204,4930,3
865417,75490,6
772478,47852,6
256073,828780,7
314452,8313,3
721180,884284,4
175914,600878,2
972434,711106,8
562233,463928,1
242174,218545,3
91632,73475,3
895381,682700,8
148105,206138,3
574866,777720,4
148148,932684,0
622352,886595,4
15845,313634,2
260497,179452,3
64106,436877,2
606106,827812,4
44174,442853,2
38842,831778,0
702222,253625,6
684563,456885,5
867658,729092,8
855769,925571,8
78773,940038,0
234979,302275,3
337800,408333,1
861433,115931,6
468418,707094,7
134634,805523,0
436332,443267,1
989277,779134,8
921152,804133,8
79997,512120,2
203381,227984,3
728568,57905,6
220248,712328,0
108589,67620,3
493188,26330,9
535295,713444,4
856125,894547,8
661345,229144,9
224344,555068,2
35232,161004,3
9371,502253,2
372830,154043,9
16201,300869,2
720729,295774,6
84228,635636,0
135320,335573,2
983496,627689,8
581780,989074,4
382185,391124,1
625693,35387,9
753161,377106,5
29806,965724,0
925212,50386,6
854117,145873,6
699758,848907,4
591717,993080,4
705928,543080,5
548909,523414,1
34276,83044,3
721979,309497,5
730015,369676,5
153033,40352,3
209195,951779,0
557925,45782,9
460857,634163,1
390532,680045,7
524206,332584,9
751909,350477,5
478207,238507,9
593432,812433,4
564719,245211,9
275696,632427,7
204459,355115,2
423492,636566,1
768454,409700,5
836554,972956,8
474675,868969,7
767850,268745,6
799870,421564,5
235436,983230,7
153839,583642,2
273905,538073,2
393064,234339,9
545063,884139,4
738266,52157,6
605151,789116,4
681866,121999,6
443740,940641,7
357292,15947,9
37314,142958,3
695613,169161,6
93245,177303,3
934087,209417,6
683274,802244,4
329324,964006,7
61453,846185,0
847387,38238,6
669441,304301,9
388493,413164,1
51053,57149,3
518097,671399,1
204299,655409,0
463472,580675,1
405447,351155,1
865230,932593,8
90591,573776,2
453396,227115,9
122325,925423,0
585910,392221,1
72148,603604,2
784572,309345,5
163232,447450,2
297934,391186,2
669410,783276,4
523323,500049,1
335821,143853,3
748186,770163,4
143503,855783,0
153310,696870,0
299309,495168,2
296116,831163,7
359620,145829,9
962045,96997,6
234047,631645,2
66130,450176,2
123385,735202,0
555062,930672,4
816155,122266,6
936490,602538,5
859314,500129,5
668252,320747,5
798684,496473,5
232905,438296,2
452176,736052,7
833106,26009,6
141307,949091,0
378831,13075,9
751950,25212,6
745536,240149,6
197255,274272,3
693050,102709,6
239531,813463,7
883097,219721,6
867177,651950,8
333819,497642,1
879322,774805,8
158403,282467,3
437674,987061,7
535721,864875,4
956956,569361,5
264541,152769,3
589402,90625,9
137783,724098,0
924659,744082,8
796387,879672,8
662489,457969,5
99091,428118,2
386559,904085,7
965117,737080,8
103915,513843,2
163639,293112,3
348921,321667,9
270602,23702,3
371931,49495,9
872748,275667,6
146722,969327,0
488819,596305,1
101812,161350,3
820818,492225,5
838009,433553,5
730040,787800,4
559365,254691,9
592493,41438,9
452454,404403,1
808356,44645,6
358498,278535,9
343883,656200,7
766914,538329,5
711036,394351,5
869030,793574,8
611259,433397,1
107854,709571,0
774190,821240,8
593434,860854,4
389015,175340,9
944062,863325,8
904945,420155,5
559495,443429,1
713401,137053,6
465648,155552,9
372323,636105,1
22946,669984,0
428548,614195,1
788360,968954,8
216611,582131,2
884498,772624,8
501411,221118,9
341683,672160,7
4474,207135,3
324423,585788,1
344812,260619,9
228897,75460,3
268969,564252,2
387670,572543,1
734233,269060,6
105796,122725,3
641645,133418,9
366279,58809,9
406691,267197,9
787883,956607,8
696008,810665,4
849490,387349,5
187938,683689,0
762548,145832,6
1247,969778,0
61106,10156,3
697222,216741,6
769867,168569,6
150759,807388,0
778061,878874,8
241909,774239,7
648644,768397,4
455517,880961,7
327679,309241,9
420151,482812,1
636180,292454,9
283061,412256,2
793444,429173,5
119609,276762,3
548990,875193,4
372582,989898,7
231415,399510,2
579637,962833,4
345796,794865,7
300875,814105,7
673124,211328,6
790360,581230,5
737625,272812,6
162626,267198,3
810016,945471,8
547859,873238,4
515237,603928,1
230113,513108,2
812783,457341,5
545122,879278,4
31104,780084,0
886726,208887,6
780325,939040,8
450219,837236,7
428397,72104,9
867855,48646,6
608610,922980,4
532228,163787,9
773860,276242,6
807459,978869,8
853246,522099,5
922630,658647,8
895314,558027,5
773335,454523,5
174958,527402,2
56195,480200,2
725944,955187,4
842620,914593,8
569582,966320,4
948107,839537,8
99223,647872,0
791721,463593,5
608784,844791,4
403138,543117,1
168961,736218,0
621532,98395,9
739130,569993,5
886779,105735,6
90082,19726,3
544786,233272,9
618436,55810,9
12355,661680,0
871635,576546,5
12552,975694,0
495722,605387,1
741714,238,6
11499,271766,3
575154,628918,1
240742,158462,3
282576,257007,3
524368,60129,9
591842,94499,9
259734,350116,2
402581,190496,9
670601,797720,4
292782,790946,7
446040,594992,1
46015,390610,2
993732,668097,8
708336,11153,6
462346,653469,1
865517,751617,8
431338,506075,1
602926,391413,1
489633,271500,9
104404,719744,0
745281,939802,4
260342,573491,2
663712,21535,6
954379,255236,6
765984,902903,8
96337,148934,3
139275,799879,0
576323,263659,9
322871,501548,1
522994,972856,4
798314,263975,6
641468,162387,9
254220,677608,7
560911,234065,9
939487,973489,8
429920,667674,1
601719,95697,9
383606,280928,9
567093,146859,9
273254,582893,2
691052,527648,5
180700,26089,3
486346,33361,9
709503,624747,5
129371,350974,2
833279,930390,8
77562,595368,2
360088,413,9
943914,376378,5
799696,494948,5
600324,662232,4
147557,4582,3
18892,533151,2
684244,98451,6
679476,966777,4
621846,377735,1
606424,184923,9
2469,507869,2
760893,341951,5
170468,58201,3
188936,450198,2
481465,983623,4
765368,550158,5
515568,161918,9
368816,699929,7
707770,504196,5
38803,178018,3
956165,274246,6
263093,811242,7
549946,951166,4
249375,258902,3
377096,861000,7
827171,274018,6
425691,597573,1
415183,994431,7
415829,847539,7
602008,949619,4
251351,457359,2
837562,920270,8
979574,700914,8
267319,837844,7
649455,398050,5
39719,571985,2
367024,584263,1
718978,870128,4
256065,700404,7
700113,814213,4
483066,903289,4
588381,928039,4
554483,212161,9
794661,879351,8
255422,893973,7
5303,142275,3
223110,819353,0
874756,39219,6
161644,755281,0
15347,948811,0
672529,211090,6
803106,813531,8
27758,542002,2
434785,444295,1
271661,811357,7
483756,491700,1
12831,661349,0
301021,267390,3
34347,278044,3
95313,930538,0
560008,66389,9
812235,235757,6
383949,40690,9
881513,594492,5
627292,901896,4
171516,683638,0
917026,460890,5
180264,702775,0
552612,754461,4
232109,67054,3
982663,621556,5
503817,659632,1
436894,880913,7
514167,613852,1
24935,94850,3
145688,579831,2
230428,819261,7
328540,776104,7
996164,541967,5
856088,277164,6
302927,303302,3
608687,211545,9
439819,46454,9
766181,205278,6
123733,592661,2
855691,599541,5
499790,974694,4
684477,16473,6
863901,591963,5
133589,246594,3
516366,566603,1
899298,515966,5
849073,384979,5
355820,267841,9
609764,307010,9
932852,445981,5
615953,326408,9
942830,155479,6
150533,8922,3
964888,880589,8
69581,457699,2
559233,40274,9
896103,804760,8
608177,643948,4
839299,99800,6
338913,115578,3
531827,427889,1
540352,710404,4
774367,798947,8
907227,773395,8
463358,658925,1
564644,975500,4
242637,2980,3
100307,862353,0
579898,353254,1
151113,757299,0
934581,513414,5
959552,206042,6
961499,920383,8
889004,501238,5
320196,545130,1
3435,746576,0
702916,912419,4
28342,348857,2
254831,960087,7
195418,396498,2
949062,889182,8
482897,60572,9
38358,696095,0
277616,897886,7
782126,192715,6
976367,815555,8
47561,367183,2
250198,93442,3
489054,543753,1
868320,862548,8
857057,565897,5
34491,702990,0
158204,950383,0
92834,265531,3
783404,680779,8
864418,276963,6
932470,28687,6
154262,697631,0
97959,397025,2
814029,399500,5
409374,358252,1
152011,861245,0
949625,357007,5
217499,509412,2
697051,337279,5
649929,369638,5
511522,150934,9
752145,317765,5
693008,399197,5
307755,451051,2
822738,772750,8
625918,811399,4
184419,543721,2
334906,773060,7
820718,807505,8
750658,320686,5
785342,246740,6
966998,336515,5
815811,338525,5
590288,980198,4
201272,782310,0
296841,20052,3
20866,697485,0
639954,718517,4
117304,528517,2
801422,503480,5
990531,856212,8
365333,163257,9
870528,967686,8
903693,378242,5
114596,19018,3
637913,404685,1
548960,376755,1
125468,753744,0
180463,52461,3
725937,832360,4
488572,444666,1
514411,717296,4
602637,521330,1
996356,770079,8
721412,781988,4
888241,674649,8
828435,516216,5
54127,717784,0
806198,773172,8
717055,545110,5
675831,706302,4
819734,276546,6
924551,936277,8
14241,361904,2
527166,86567,9
935600,639263,8
104474,906597,0
187777,975702,0
635548,659510,4
386401,243495,9
430963,196589,9
74268,225950,3
550329,381741,1
930692,149910,6
551242,725455,4
737414,718154,4
14629,885911,0
506598,393911,1
475021,678999,1
949483,969361,8
63705,704533,0
90754,306791,2
238242,139257,3
500294,441330,1
447531,654471,1
704467,984301,4
151992,535817,2
476856,532104,1
86363,514913,2
155124,175092,3
776137,545787,5
46215,751050,0
899979,947709,8
150080,410950,2
844016,388512,5
724458,966576,4
258840,327095,2
488267,305935,9
855019,307585,5
595217,815383,4
146287,651429,0
579234,196287,9
10309,278585,3
193866,317682,2
282931,235907,3
896855,456782,5
149574,896150,0
597415,755360,4
350980,924660,7
765605,525304,5
794308,950352,8
567872,236853,9
800813,264530,6
969201,370581,5
367793,498939,1
668545,236943,9
312609,24453,3
982474,440615,5
416742,188084,9
135925,497706,2
961435,847083,8
928276,542958,5
499754,378958,1
159582,94952,3
874509,882619,8
179285,257453,3
12982,203487,3
10752,721330,0
394248,133799,9
761338,821643,8
360747,87044,9
954615,230061,6
651675,711518,4
490738,842402,4
254990,631384,2
673267,605070,5
412090,2655,9
632375,328978,9
143520,145335,3
656858,826975,4
978240,284650,6
129133,340829,2
317550,74956,3
795116,523358,5
81564,856555,0
130503,370288,2
441438,248965,9
364857,159503,9
778416,850863,8
466530,971393,7
218310,136577,3
452236,745810,7
838533,224679,6
181327,578062,2
493051,709459,4
877720,847493,8
822971,678187,8
297579,423227,2
186750,722863,0
158476,506997,2
103082,506982,2
852662,692375,8
749167,264103,6
795872,227019,6
509287,592673,1
62189,224082,3
146216,458424,2
748036,254604,6
136100,437518,2
369257,118654,9
218680,367580,2
919956,701102,8
434314,524580,1
632318,384484,1
31709,939447,0
300288,943997,7
764675,893321,8
56236,171276,3
644175,660743,4
107918,794424,0
884694,52976,6
381471,391468,1
416627,264816,9
776791,534620,5
360716,560627,1
459909,704880,7
926502,721595,8
857947,527426,5
456404,796534,7
359700,488333,1
428072,611545,1
243076,392482,2
449116,295463,9
861457,523474,5
35660,343037,2
422954,593877,1
298042,197567,3
511678,780876,4
184322,907815,0
648739,370588,5
476892,135705,9
806736,819782,8
87898,315510,2
784424,814768,8
808639,807053,8
154885,161933,3
618360,782304,4
183469,563653,2
322168,691674,7
973753,875743,8
628993,494229,1
513687,542189,1
579436,590646,1
1329,351664,2
425282,730685,7
633715,862316,4
955479,742365,8
936087,815174,8
633311,73692,9
551892,663472,1
977056,382373,5
559254,385409,1
581022,243863,9
620345,146350,9
720456,720330,4
594062,407779,1
553845,486004,1
282944,451203,2
369869,403591,1
156053,790084,0
945671,905708,8
240476,689488,7
232479,283954,3
419288,976058,7
612061,912972,4
323431,912937,7
738606,751718,4
130905,120610,3
99089,395412,2
690142,229444,6
266216,302794,3
73476,914392,0
187987,513432,2
267309,666485,7
629584,419521,1
895081,633322,5
255640,542391,2
976002,675323,8
155109,922417,0
78647,827960,0
526706,360790,1
802648,112274,6
2696,326488,2
283871,23940,3
366885,250377,9
98251,318207,2
117525,248070,3
319077,733301,7
593578,280697,9
689268,540515,5
437002,698227,7
114725,192087,3
420168,778446,7
344590,527895,1
333144,161882,3
757749,492506,5
555424,19196,9
638441,282668,9
806620,874882,8
158318,859313,0
474740,959667,7
137082,937656,0
199555,929304,0
825561,215035,6
98511,689352,0
945270,154596,6
297508,226904,3
583530,404522,1
816610,772620,8
439778,361037,1
949771,802371,8
462480,903543,7
848070,526143,5
885616,554063,5
150036,671530,0
416868,308881,9
377294,183520,9
432834,645844,1
707546,740104,4
939596,798308,8
175216,871413,0
842428,703073,8
564368,344779,9
701073,934733,4
72950,77787,3
370613,900643,7
117706,301301,3
972525,237201,6
641695,968124,4
265998,633237,7
819211,491369,5
441982,406060,1
654656,810236,4
650921,34420,6
502268,630748,1
981852,989594,8
115967,65038,3
95760,439556,2
622380,348375,1
139959,294460,3
994231,44761,6
312977,210368,3
660995,353646,5
729113,215931,6
163043,280095,3
560459,650478,1
585070,283993,9
83739,402733,2
748310,850522,4
729120,328897,5
779478,687315,8
716464,612782,5
41966,325984,2
817062,367055,5
105570,319508,2
985034,482703,5
793321,352556,5
409054,982992,7
157585,547487,2
617918,359611,1
982900,608371,5
905399,55600,6
483297,773789,4
75356,517709,2
142626,118354,3
184423,606121,2
85691,214293,3
638219,560689,1
512251,407412,1
373729,276984,9
273457,998579,7
122545,625229,2
233725,229815,3
500913,856350,4
674480,993035,4
954025,313159,5
278790,629290,7
487476,17135,9
4565,739554,0
686417,619084,5
957943,151239,6
875498,505404,5
338261,159107,3
126081,46319,3
498717,945760,4
394182,17790,9
998900,525119,5
686535,610058,5
250482,855968,7
258509,761231,7
22548,980160,0
557999,296889,9
828594,189759,6
283321,785083,7
901814,790843,8
707819,315321,5
615167,113610,9
455838,270732,9
193164,515266,2
89202,230667,3
821111,414213,5
689897,109471,6
880706,37874,6
553728,519739,1
255202,192476,3
945325,93932,6
725917,488884,5
689664,193891,6
736071,161548,6
140826,874258,0
660527,488716,5
854288,26314,6
261920,98504,3
562220,245439,9
101742,984765,0
955899,810508,8
211777,338149,2
281804,288377,3
753290,550223,5
601289,873116,4
472743,398130,1
375548,836279,7
350232,364730,1
29361,480928,2
972295,366873,5
48551,1771,3
768158,447923,5
246552,799580,7
546738,30260,9
584984,828868,4
788940,727599,8
763882,569139,5
523443,511583,1
178129,823764,0
5093,605523,2
33573,263042,3
962840,459098,5
67424,199124,3
692065,544420,5
83468,855268,0
505736,911692,4
821867,122202,6
858017,695332,8
445916,511949,1
342937,744871,7
50570,938489,0
188180,757236,0
865898,159981,6
808412,989178,8
127998,262449,3
993705,203015,6
75276,164882,3
178256,960386,0
215869,125298,3
895538,317158,5
477585,780458,7
171723,155807,3
656736,762081,4
311292,887653,7
795626,98444,6
563748,917503,4
485947,318235,9
577285,435434,1
353729,135301,9
4940,38098,3
325248,448307,1
704363,232399,6
944267,306864,5
479426,717079,7
948340,765752,8
3712,391831,2
510152,139749,9
768994,482184,5
71325,774551,0
880603,305922,5
635826,328753,9
356958,401138,1
934269,261498,6
668,232162,3
955871,334649,5
451182,23349,9
436483,974807,7
596843,143468,9
268774,293049,3
275284,704814,7
821293,481305,5
296768,790396,7
198206,256078,3
907177,928476,8
906825,19552,6
613702,490084,1
846799,160303,6
223203,380972,2
4238,235973,3
998417,400464,5
598673,902218,4
586080,260836,9
880712,133559,6
734726,550408,5
711715,804720,4
940338,261410,6
525945,566742,1
245010,890290,7
120636,543869,2
819450,496208,5
775091,961085,8
972313,666060,8
475116,282028,9
45402,73875,3
618326,221168,9
187134,173262,3
25010,346286,2
38012,870850,0
386523,300523,9
902434,210237,6
464392,37261,9
250149,259355,3
980821,662146,8
689160,726988,4
500733,832968,4
706156,367834,5
197512,599976,2
812397,964734,8
295297,60486,3
596013,202505,9
505973,889124,4
509641,547389,1
982911,800290,8
475040,9311,9
501832,291985,9
392523,145788,9
263213,824818,7
723617,844065,4
213967,146511,3
415514,546904,1
820392,332608,5
148652,395572,2
378805,589644,1
162998,510465,2
397449,934304,7
848397,19401,6
75273,129264,3
549782,200565,9
899119,501601,5
412281,217109,9
964259,302515,6
384354,837852,7
792826,38791,6
973617,583752,5
130046,697597,0
529302,992877,4
286924,339565,2
74671,2733,3
937242,229782,6
952073,505880,5
340050,235234,9
585967,362300,1
180989,883290,0
468424,808422,7
154377,627630,2
579590,180689,9
853862,865781,8
182641,654700,0
548920,713517,4
87150,736320,0
333683,225694,9
248651,83404,3
777006,150050,6
899638,217241,6
181602,194039,3
217422,217279,3
808228,898584,8
513149,498741,1
349859,84797,9
187391,481162,2
895888,206203,6
664727,72408,6
967290,256805,6
123998,48087,3
213876,619782,2
681492,838677,4
645907,763770,4
685379,167063,6
844162,843276,8
946322,842699,8
248668,369411,2
693936,990944,4
810059,663165,8
826107,392494,5
649635,425133,5
225417,598504,2
65050,296349,3
753066,786788,8
551256,964254,4
218405,747744,0
347455,679858,7
389291,819241,7
995262,370934,5
299124,384750,2
496050,119173,9
954990,528199,5
450541,249264,9
387351,219666,9
937882,986524,8
513466,839628,4
630319,779980,4
127718,564851,2
461741,487289,1
882542,884272,8
962724,511529,5
283458,81512,3
982686,15692,6
746828,943657,4
57537,38989,3
298791,780725,7
652077,461848,1
279927,744454,7
38926,234091,3
380026,104045,9
697901,624950,5
536745,89336,9
478008,896976,7
482482,75279,9
221694,11060,3
899420,557177,5
482675,320272,9
814027,356565,5
793068,107455,6
997388,100180,6
739529,270242,6
965662,889330,8
971823,444881,5
131712,693749,0
848923,860404,8
816885,392244,5
460759,980937,7
611240,122995,9
187638,646888,0
251308,739837,7
453145,24331,9
935479,600588,5
89116,787429,0
332212,503563,1
395020,101521,9
274033,681332,7
147885,507427,2
342340,724872,7
930402,267352,6
386731,789151,7
266112,549422,2
136647,631639,2
964332,538166,5
964959,72936,6
851605,928536,8
906832,128894,6
328140,52040,3
647792,451377,1
301995,641305,7
423197,686058,7
592866,307988,9
364807,319069,9
593037,173339,9
322113,761604,7
286086,250464,3
564616,501269,1
841902,854087,8
654213,364370,5
966962,731779,8
22459,470884,2
153244,588531,2
443903,691860,7
99034,466069,2
235489,875460,7
856301,857188,8
764895,601439,5
397183,461721,1
159380,712294,0
532482,439497,1
629816,331469,9
6182,908779,0
854880,983874,8
973615,550380,5
252918,796504,7
845140,273376,6
644953,741321,4
395518,482858,1
406733,976923,7
160663,269645,3
924571,274822,6
944343,581326,5
355923,998955,7
453123,648227,1
755532,231224,6
198377,125068,3
29554,727486,0
872186,833442,8
672226,105496,6
74709,636755,0
944997,572538,5
657911,512550,1
442694,366638,1
95546,843433,0
587182,770090,4
908141,142076,6
875623,608146,5
121952,663443,0
491625,751064,4
139145,610977,2
693121,300331,6
678024,562287,5
360884,393459,1
877706,607302,5
928253,150849,6
325031,796711,7
329322,923591,7
800315,900302,8
378106,828224,7
964203,365902,5
731095,526524,5
296938,652421,7
251952,566351,2
673920,579525,5
91674,765255,0
652013,392734,5
691916,35020,6
596305,98392,9
679337,621292,4
62118,18727,3
748388,171543,6
123919,706836,0
793895,2085,6
56483,320598,2
296391,445621,2
565661,66217,9
914427,791244,8
446143,325544,9
418654,328243,9
793603,94099,6
525698,422601,1
670810,316135,5
289282,963987,7
740697,901476,4
118862,721231,0
736983,481008,5
311942,821608,7
767156,603502,5
68954,910806,0
920554,752031,8
391821,347951,1
19090,848691,0
958200,470330,5
845414,880932,8
834665,217815,6
818484,276402,6
496827,177470,9
754507,8282,6
195655,384886,2
789740,161820,6
717977,39662,6
610344,55919,9
847114,459968,5
694133,302923,6
234321,234622,3
306235,897556,7
236024,859912,7
554031,610119,1
274140,472506,2
412230,363886,1
846133,965895,8
805621,86397,6
81292,281776,3
821048,368884,5
845224,684612,8
275836,981809,7
270006,5574,3
689294,968030,4
688679,638952,4
878181,602431,5
65722,590606,2
329749,94063,3
932585,962865,8
877073,974537,8
56962,361010,2
511502,817773,4
320042,954805,7
415542,30667,9
434152,808783,7
230606,804050,7
684031,511462,5
148877,179903,3
634733,964717,4
13187,649375,0
46569,699849,0
378133,286293,9
739405,189805,6
64667,860162,0
759155,126764,6
524966,105688,9
314426,572619,1
12514,335998,2
123070,448772,2
514531,737321,4
163445,33015,3
888656,657891,8
182199,232656,3
265988,473477,2
738342,319927,5
16839,28442,3
40785,488486,2
985455,556887,5
616183,202840,9
135449,493984,2
395475,752681,7
325713,267179,3
479305,684696,1
689364,153263,6
902853,264551,6
312810,405632,2
463858,74331,9
281336,421060,2
759439,900982,8
811875,197518,6
691952,644483,4
838481,351647,5
141060,804371,0
70835,524125,2
980485,20554,6
463804,164116,9
305037,766483,7
290446,538504,2
639546,861608,4
46515,793188,0
119990,676533,0
497572,703653,4
299808,882508,7
318300,676037,7
157050,540517,2
485971,730168,4
937226,965963,8
944773,806075,8
702753,184428,6
690755,535332,5
330248,480746,1
905595,336892,5
147891,616778,2
188316,42434,3
190045,91193,3
684482,96529,6
363936,678804,7
665789,922666,4
249883,785982,7
6487,38901,3
822706,227730,6
465889,212366,9
247882,166075,3
236129,633031,2
360700,285099,9
672078,619512,4
148607,651002,0
399793,321712,9
24047,166567,3
496299,297695,9
374693,476535,1
131925,275620,3
353809,481397,1
846812,375489,5
854688,749306,8
589615,671165,4
281245,892186,7
984063,156896,6
967254,650457,8
233862,525750,2
294905,478063,2
818531,57035,6
601967,274727,9
353266,343610,1
60736,803086,0
472059,902524,7
726189,70879,6
276959,863402,7
207707,937294,0
110217,427088,2
82206,645291,0
418374,618593,1
693445,746177,4
11761,680446,0
258131,418569,2
905206,803736,8
400785,6811,9
486892,197797,9
381747,33272,9
215700,270200,3
252735,717594,7
616209,628414,1
765755,44589,6
413698,36750,9
669388,412275,5
106014,785356,0
484967,845731,4
206917,667176,0
240464,488961,2
971271,164388,6
885608,413901,5
439789,535815,1
451655,980427,7
37226,661488,0
644619,126512,9
292473,601398,2
711789,39925,6
23289,426991,2
441666,88754,9
697551,753889,4
623441,178417,9
660444,95090,6
183429,897801,0
350229,302072,9
937829,104719,6
19339,32371,3
61305,362573,2
777235,898,6
95227,481947,2
99263,321699,2
800667,815018,8
9192,505630,2
132203,943439,0
384489,118871,9
875794,476761,5
930516,193398,6
441779,992127,7
687628,968247,4
335525,170555,3
534559,345753,1
82571,783700,0
662522,7318,6
999516,876893,8
956619,902013,8
148324,892781,0
976122,687161,8
127391,70936,3
222909,441242,2
956185,602789,5
87901,367062,2
223834,987025,7
937058,144846,6
439045,44820,9
300250,307729,3
5574,691837,0
717811,260409,6
700245,27534,6
764167,355222,5
221639,101081,3
869255,570760,5
773186,940810,8
210473,431993,2
513573,635052,1
319684,930129,7
678532,98484,6
231799,851561,7
200644,234845,3
55903,572620,2
35125,348668,2
66846,489003,2
679080,310410,5
75342,273182,3
375973,985667,7
119701,826555,0
924873,352304,5
189005,623785,2
967410,268502,6
728600,595710,5
102436,643253,0
169705,233873,3
711595,791222,4
82044,924564,0
147855,6806,3
396184,674832,7
916063,278243,6
443418,533230,1
5633,675526,0
570865,537750,1
976676,8837,6
525337,345989,1
49038,187034,3
484653,563378,1
697575,144198,6
544473,971440,4
1173,729987,0
897010,59856,6
12524,493128,2
7243,736825,0
833230,105147,6
207029,547775,2
455577,891831,7
11471,803866,0
588490,764731,4
842605,669174,8
807621,694627,8
597270,324506,9
977058,422797,5
951929,86898,6
508953,986645,4
544542,131793,9
56719,286266,3
282869,196009,3
339407,422017,1
847895,580548,5
271368,890159,7
917185,131920,6
185828,220766,3
421535,753848,7
936974,735943,8
6424,974719,0
103501,549650,2
972851,720026,8
491481,321430,9
285118,983544,7
428867,973615,7
550302,937540,4
240450,258639,3
945704,455362,5
270875,606871,2
689894,59804,6
141903,966499,0
959991,578850,5
740206,647341,5
869832,278941,6
164799,784701,0
473367,887805,7
341458,894012,7
663399,760267,4
807837,332996,5
673449,660320,4
2287,452728,2
12225,470352,2
211719,375568,2
186165,878589,0
456264,442159,1
373044,761679,7
543486,374583,1
626890,148764,9
291799,274881,3
936343,127511,6
86116,361827,2
233232,944053,7
707682,12952,6
697113,384322,5
301378,272062,3
560771,883024,4
987929,134701,6
930290,389555,5
262146,892986,7
422659,640615,1
821153,122781,6
595084,592921,1
229050,652480,7
242622,751112,7
951209,971874,8
301352,838020,7
606578,767460,4
710263,396481,5
672775,342185,5
103813,793615,0
289343,998899,7
508574,615651,1
260407,664103,7
586028,378789,1
308913,902537,7
947558,617217,5
573498,782384,4
529017,197879,9
767187,115605,6
981045,433853,5
774636,310676,5
548260,618324,1
174109,250414,3
718460,161766,6
816887,436424,5
991573,372980,5
691235,594050,5
212245,213746,3
442635,368048,1
794543,893558,8
40899,399967,2
248680,578359,2
489804,141836,9
851281,482870,5
598464,389657,1
979846,280576,6
656353,336969,5
443351,409160,1
759273,105520,6
487017,310510,9
744581,178788,6
901512,720405,8
847165,317652,5
788798,334577,5
243628,663403,7
824505,470003,5
341481,273732,9
613804,219289,9
594938,133821,9
135251,171009,3
160620,555747,2
442150,224147,9
255259,152231,3
555823,730198,4
450245,267976,9
873643,322222,5
595166,959092,4
465348,117523,9
209650,600075,2
466774,80081,9
926329,818623,8
598494,890107,4
32171,707299,0
580389,605198,1
569562,630099,1
84728,34895,3
489555,967353,4
305076,426880,2
580548,271196,9
996328,293868,6
41617,464949,2
403664,386554,1
818825,992453,8
172700,569378,2
547558,822263,4
789063,796695,8
66622,726194,0
152070,849973,0
513015,244175,9
864615,592816,5
467937,624779,1
666205,922476,4
69144,118889,3
180678,662836,0
291448,367937,2
922280,766190,8
357697,822157,7
6310,67010,3
241490,729943,7
168594,574838,2
313976,8049,3
294922,767435,7
296710,808218,7
731945,810564,4
150221,771250,0
404778,108395,9
807193,508337,5
627130,183586,9
546174,553896,1
342655,14621,3
742954,837359,4
507096,771711,4
152641,440986,2
652402,920787,4
676384,990317,4
257843,578790,2
726245,6123,6
911105,943799,8
439822,89398,9
514024,211681,9
737007,886492,4
284746,733351,7
430491,274072,9
344397,292372,9
901535,98817,6
830760,590586,5
981327,163273,6
139246,317642,2
612431,130521,9
677692,982680,4
914810,224739,6
191054,57337,3
669299,914879,4
375622,85876,9
331176,88498,3
402675,761890,7
90780,745521,0
983570,862409,8
509389,307125,9
861598,881567,8
502765,982219,4
166353,895276,0
919842,787477,8
129735,467251,2
88562,467264,2
321060,60337,3
88366,179806,3
4688,800354,0
559102,834498,4
417430,756358,7
113646,58523,3
601183,92210,9
785975,895854,8
620728,585871,1
749465,268221,6
5308,225187,3
734438,702136,4
814254,175332,6
815264,145945,6
908158,414934,5
809069,32099,6
500152,60408,9
284697,914564,7
78633,600870,2
826246,716761,8
610420,338114,9
682946,279903,6
345246,559428,1
317817,554097,1
712799,27724,6
973166,5267,6
538267,662772,1
223007,92175,3
194904,767480,0
39980,951958,0
569394,813592,4
54758,325175,2
231980,890556,7
586856,292664,9
819429,156442,6
325094,867233,7
594135,641982,1
799960,934104,8
491448,779008,4
795635,245478,6
764174,474691,5
145975,416324,2
163518,262639,3
185165,76877,3
80376,891628,0
600630,794264,4
210603,616137,2
421799,190343,9
105250,946909,0
713457,74754,6
402659,496020,1
620579,77121,9
179938,226586,3
246870,154468,3
148301,503364,2
50397,33145,3
72777,171504,3
470675,642273,1
684467,851524,4
573478,454193,1
623409,644298,4
732555,54271,6
146526,664917,0
261599,695194,7
136362,842206,0
967962,549590,5
971577,301562,6
368980,458152,1
175832,221082,3
728847,737197,4
85325,67205,3
518665,205662,9
563184,437829,1
603134,882937,4
522293,184653,9
477208,438000,1
474363,625121,1
424425,323952,9
662528,118851,6
544535,8340,9
179649,367914,2
535689,325607,9
477202,340241,9
435851,359042,1
425627,528389,1
643332,484550,1
845357,916935,8
930686,43464,6
505785,737468,4
636969,550957,1
950736,32085,6
267583,283495,3
716943,667243,4
367407,9689,9
848430,572835,5
638424,4018,9
535211,302991,9
379021,214592,9
651870,983152,4
837702,268423,6
393688,721337,7
525050,524852,1
193088,241298,3
499586,551925,1
211286,96074,3
732506,233888,6
960959,848228,8
178820,435067,2
177573,484401,2
331746,662441,7
658146,463294,5
586611,177677,9
223490,212111,3
965481,845310,8
138352,288446,3
914801,73361,6
987156,139195,6
458447,130973,9
267040,148909,3
729823,137417,6
572681,64707,9
539311,213797,9
289808,807464,7
48249,935738,0
963280,856050,8
640207,968501,4
608550,909050,4
417161,227481,9
273319,682334,7
987993,207704,6
892582,634833,5
653883,814002,4
946064,504542,5
852700,339318,5
925811,111247,6
733077,832398,4
113547,394738,2
377415,223581,9
730380,507154,5
744184,512044,5
935900,683194,8
446639,669040,1
566149,272102,9
232993,926723,7
440263,511832,1
373846,231987,9
18322,941247,0
549549,282833,9
581593,833811,4
870593,60638,6
155807,661486,0
605519,963722,4
288283,185339,3
6671,119830,3
988386,818865,8
676822,363046,5
721172,749694,4
120572,456153,2
566116,712924,4
121106,437663,2
805638,358254,5
177901,988248,0
492031,571643,1
611520,826400,4
320641,21762,3
762440,333738,5
136394,380293,2
585510,682307,4
544097,647436,1
469918,916651,7
161711,886872,0
669521,655531,4
519154,427646,1
454980,853456,7
40576,971433,0
876531,859173,8
126649,597855,2
161501,349126,2
774685,137345,6
358671,186086,9
552943,322633,9
501475,296399,9
581471,798587,4
863399,163417,6
564951,139699,9
925992,152410,6
555256,192891,9
923160,555085,5
319079,773505,7
303196,825237,7
774996,365813,5
230342,366421,2
442776,737724,7
937575,828618,8
586493,196878,9
930076,794301,8
827642,186892,6
101007,625394,2
7015,908119,0
758044,447897,5
810591,618629,5
307870,383311,2
318791,926353,7
215639,247411,3
236891,436063,2
923718,941993,8
84489,18919,3
978174,185953,6
328282,443278,1
177430,79099,3
428703,211955,9
337151,509918,1
202999,814642,0
693461,9816,6
993693,1329,6
346475,215729,9
764357,548678,5
637638,785538,4
551784,848779,4
441657,931921,7
811815,178838,6
733447,55746,6
937309,368026,5
413368,477124,1
39287,303941,2
353149,390148,1
228816,714666,7
399131,200066,9
513282,734672,4
643629,480505,1
860880,818753,8
783749,476699,5
883418,621184,5
250117,732327,7
226167,199749,3
189277,181221,3
789126,848512,8
956122,547865,5
977900,570078,5
313902,758327,7
209374,953982,0
584994,2981,9
110113,679202,0
353367,41869,9
708461,113160,6
881485,130904,6
117949,376241,2
489602,749097,4
88583,820093,0
307625,259472,3
953614,392403,5
122726,665742,0
138268,875066,0
242565,797015,7
442532,638256,1
181070,249641,3
730091,652387,4
670359,730239,4
131217,370922,2
92727,470201,2
672493,597894,5
817405,136537,6
789922,228951,6
982536,498614,5
221094,937960,0
295359,103929,3
740080,526481,5
576161,548284,1
24199,723802,0
942423,314301,5
470699,40290,9
170221,915790,0
684587,864818,4
11789,145301,3
76596,352287,2
888442,46569,6
700616,268836,6
335615,687118,7
400994,522667,1
470535,287897,9
697811,124869,6
688892,217231,6
7223,400581,2
575238,33689,9
221411,268954,3
312055,713985,7
946640,192382,6
377602,364976,1
157012,905008,0
486036,822400,4
87864,733518,0
239884,736193,7
208879,636978,2
692912,783138,4
201419,263676,3
615648,198664,9
962492,615641,5
87898,308177,2
533516,812581,4
53466,604152,2
990127,81128,6
522120,281571,9
376225,222206,9
629028,77145,9
579685,782191,4
299912,627256,7
300486,281724,3
948260,406288,5
495298,480550,1
606287,872309,4
901451,691213,8
233411,950968,7
920500,844556,8
453748,155237,9
77643,954746,0
421586,600035,1
802628,783379,8
258687,768428,7
970727,13555,6
826039,247425,6
487390,566048,1
583266,956765,4
365457,245596,9
735206,608946,5
568344,158798,9
928424,38920,6
136536,761497,0
483704,624006,1
681335,210488,6
678195,429313,5
467277,535534,1
721883,696616,4
28021,958062,0
157896,769765,0
443199,856136,7
80478,604578,2
144783,375528,2
506327,848622,4
799952,798449,8
546966,871958,4
12898,790952,0
544597,50359,9
383838,171721,9
131553,21130,3
141188,954533,0
841984,241108,6
307179,761990,7
777942,872662,8
845296,905948,8
273827,214759,3
457694,464041,1
146157,468569,2
243205,560269,2
443365,635632,1
68248,56729,3
445885,996059,7
766556,508848,5
209824,520500,2
55495,717269,0
140356,978797,0
656790,682736,4
759000,519730,5
103895,172417,3
827631,10932,6
736916,350935,5
176099,702320,0
898657,743790,8
895162,997537,8
607491,106103,9
280498,332476,2
930878,269470,6
987444,984461,8
845398,607917,5
270463,681755,7
267282,224092,3
324571,73078,3
237724,432460,2
368673,298415,9
469016,766686,7
704473,83985,6
548799,680805,4
303587,388407,2
969519,722190,8
855023,373413,5
959553,211748,6
852546,756663,8
244950,888554,7
941443,840655,8
895814,953655,8
94037,485433,2
682877,122595,6
457900,933619,7
346859,664399,7
561039,399191,1
210888,407847,2
695666,60068,6
565821,753549,4
913204,235121,6
683291,79087,6
215504,991068,0
892569,421674,5
90685,147447,3
151071,56064,3
280301,32151,3
366382,794337,7
437363,769815,7
289237,222572,3
771413,142489,6
815914,82529,6
76385,803380,0
420719,35193,9
505045,301195,9
197778,70672,3
800807,170958,6
303406,353349,2
746815,733848,4
792513,771512,8
806054,356624,5
794210,289776,6
274597,166406,3
791771,310398,5
865924,585047,5
888762,425437,5
333963,916648,7
105033,290210,3
575778,111276,9
218821,725219,0
757869,515176,5
576005,925480,4
554485,245806,9
275612,226631,3
992340,260326,6
310845,387080,2
662528,114602,6
119516,714650,0
132627,75304,3
640850,780380,4
853661,482292,5
897609,117414,6
382537,314206,9
870676,454882,5
218152,482819,2
750571,848766,8
210450,42584,3
719386,736640,4
723720,563464,5
145257,346560,2
638946,779593,4
620914,705478,4
974895,60859,6
865193,311554,5
304026,780249,7
648127,81291,9
272972,841037,7
312897,863825,7
321470,946751,7
56616,547200,2
797117,159786,6
528193,345261,1
802938,984557,8
458092,153004,9
547549,669289,4
751456,735068,4
291144,257772,3
375814,315905,9
423259,716627,7
357271,661209,7
955529,576124,5
919733,961358,8
549166,833028,4
711930,420526,5
793073,187080,6
262844,628728,2
45971,644115,0
656424,521255,1
741453,606514,5
697235,443885,5
391093,101835,9
553537,310919,9
630526,254770,9
932587,993826,8
240563,149192,3
476883,988202,7
714043,926275,4
908862,251386,6
60639,164886,3
245320,107693,3
997875,298279,6
177995,578425,2
602901,972217,4
62625,539232,2
886038,640974,8
853343,136068,6
908377,99401,6
642820,883261,4
974658,89368,6
14600,390807,2
294582,45624,3
809025,290793,6
372397,879895,7
402852,734603,7
483464,581867,1
439128,440497,1
434009,404836,1
83600,73285,3
709509,726818,4
645204,955586,4
548300,280701,9
743270,151253,6
113725,384138,2
208663,10473,3
28020,944992,0
489790,908877,4
497479,134849,9
418637,40069,9
440706,950530,7
569191,400153,1
374610,86321,9
811542,591028,5
413575,971481,7
688626,746222,4
757301,970144,8
221123,430136,2
312242,855826,7
870926,659740,8
262512,43064,3
789649,636875,5
974570,609448,5
8089,958011,0
306536,957633,7
940645,436135,5
127625,5330,3
584387,792762,4
964004,20709,6
60460,166079,3
305651,83203,3
402777,474221,1
243448,633964,2
45933,6282,3
589766,198707,9
673001,142200,6
961468,401753,5
274397,803352,7
951904,658608,8
235035,240993,3
374723,977493,7
734206,816688,4
90104,379496,2
205370,654328,0
306350,832947,7
347191,255643,9
603805,153026,9
910286,182694,6
546929,251382,9
987063,578140,5
799686,337802,5
453076,862968,7
911558,571222,5
537390,924302,4
759594,505919,5
980819,628563,8
260511,424551,2
433017,728753,7
152287,499386,2
189012,739099,0
45181,357320,2
479644,388186,1
247087,798629,7
562443,987117,4
476724,310832,9
162870,367973,2
533331,710537,4
998833,389857,5
341139,524442,1
296946,771578,7
914777,657382,8
622178,960715,4
745285,19537,6
367327,680513,7
391256,854150,7
710569,545786,5
39720,574685,2
747561,268099,6
953273,674825,8
796985,930797,8
908441,171473,6
952115,211506,6
787029,611083,5
481862,656425,1
541228,425888,1
911297,172372,6
65875,174936,3
159696,16295,3
875347,966796,8
952072,483168,5
617389,468589,1
583285,271777,9
761430,359814,5
403016,490252,1
675593,704601,4
233278,719255,7
525597,720116,4
992680,979187,8
208784,41298,3
110977,192022,3
319272,15477,3
121943,507088,2
629694,267937,9
226809,987108,7
326497,442989,1
318711,578691,1
66209,788955,0
977424,581617,5
246629,94304,3
974568,574316,5
534958,45720,9
426094,365504,1
32858,252853,3
703911,643764,4
747977,251936,6
303910,817270,7
866256,176800,6
481483,293618,9
845619,321365,5
188643,539425,2
123227,90132,3
860341,755535,8
289719,311805,3
519246,980640,4
629819,373144,1
444904,507120,1
166833,969413,0
931282,62962,6
207535,49865,3
84811,421939,2
537135,631789,1
492007,166065,9
60263,847394,0
153504,957985,0
859486,387636,5
9036,881949,0
930257,837647,8
348864,361270,1
874006,427800,5
38292,583491,2
734116,289678,6
620721,469478,1
519480,905870,4
960546,910833,8
373419,54604,9
738185,679185,4
62515,703049,0
147872,298307,3
652641,950663,4
798877,726768,8
797272,757006,8
877,749458,0
142467,456128,2
158870,144118,3
198166,578048,2
262439,816993,7
211296,262706,3
303553,826803,7
80918,995480,0
38856,61991,3
886260,384177,5
878193,805173,8
552123,546478,1
661416,429349,5
70307,653648,0
867563,147931,6
276431,982328,7
992620,975064,8
910565,878461,8
299051,155462,3
855666,191216,6
778769,778219,8
531144,951395,4
106273,133201,3
724716,315212,5
783906,112714,6
388918,560963,1
118351,131094,3
307633,391025,2
972295,362264,5
572794,950236,4
623231,648020,4
279591,90301,3
695420,924677,4
50868,946144,0
852697,289010,6
400909,80236,9
530029,204595,9
643897,991945,4
635015,706284,4
524445,355800,1
935745,66799,6
706374,31804,6
533796,520799,1
82208,676299,0
571091,326879,9
865268,569972,5
528058,71215,9
920139,790929,8
158460,238967,3
328451,291513,9
461594,12795,9
53913,127132,3
715913,363008,5
81680,797025,0
609695,153873,9
155147,557809,2
105515,401647,2
496317,601726,1
223149,476486,2
313600,684492,7
261321,23603,3
704468,2967,6
869617,654510,8
357421,181966,9
304023,716323,7
247474,297020,3
18694,198242,3
854263,603400,5
354462,453708,1
485042,102231,9
204190,834839,0
143194,670626,0
211759,36388,3
579307,413969,1
580153,643850,1
191942,973849,0
485855,766610,4
421559,146677,9
213175,833880,0
32496,160666,3
321940,860071,7
229585,644525,2
532006,441206,1
351081,627161,1
706811,373462,5
792106,938575,8
635511,40397,9
958132,328878,5
453627,111506,9
88874,714540,0
278036,960261,7
114466,834568,0
599713,380786,1
876038,582052,5
551135,942734,4
533879,915443,4
852979,33504,6
107299,383051,2
954353,826492,8
862874,332142,5
324810,94134,3
117129,601714,2
9403,47954,3
976646,490739,5
855300,29265,6
868955,528684,5
605477,256829,9
532183,401428,1
809455,517412,5
156759,655040,0
257865,953078,7
389425,75051,9
395014,4161,9
943949,951123,8
540244,882994,4
490063,489846,1
853324,820063,8
807105,23307,6
726443,340516,5
59592,568899,2
493927,439828,1
199522,382241,2
334170,403013,1
454290,259457,9
698145,735922,4
653799,408136,5
550104,609306,1
612202,294927,9
849252,392747,5
906256,460424,5
359263,149555,9
575668,256528,9
473022,86728,9
639055,605884,1
95315,963017,0
441829,828476,7
210282,219793,3
64572,275847,3
170088,674576,0
602810,435517,1
749460,189825,6
391284,326675,9
436066,972719,7
500085,929411,4
627395,633848,4
89419,874624,0
815270,252227,6
191321,535210,2
277861,11183,3
965902,926296,8
267552,759755,7
208160,559082,2
500578,226161,9
99681,347117,2
11571,488539,2
886615,343965,5
35402,13630,3
86233,330534,2
300764,951641,7
231067,545989,2
442515,363441,1
363177,924358,7
689359,63612,6
137490,805585,0
475549,556927,1
286379,178252,3
886004,80731,6
852316,884684,8
897333,489478,5
668426,241454,9
122766,335452,2
958337,778092,8
393004,222288,9
999065,293110,6
313757,322385,3
335890,308660,9
648733,265871,9
501287,136494,9
67971,394146,2
413985,858545,7
574512,828858,4
617691,549257,1
363827,845602,7
43521,465627,2
794882,584894,5
320437,590267,1
624615,913405,4
610102,986747,4
273387,829194,7
272392,100408,3
565614,280269,9
495129,637973,1
423944,241261,9
880285,966749,8
162141,111135,3
861009,993474,8
320478,283182,3
454226,186211,9
658182,66879,6
43908,971335,0
238965,286995,3
535849,20202,9
543046,985857,4
300322,520581,2
416603,848618,7
728755,199191,6
805350,531708,5
429340,919234,7
579723,418029,1
824434,270447,6
413154,890393,7
849434,452043,5
501490,558449,1
861232,731590,8
845767,808828,8
975387,334584,5
353307,33966,9
877491,992951,8
541546,767769,4
897056,829431,8
254770,920065,7
533365,272047,9
308981,49304,3
653504,442657,5
742728,34613,6
742753,457315,5
98691,700767,0
792316,459259,5
777969,338981,5
261327,137860,3
24637,85065,3
702893,523409,5
942582,986318,8
50024,764552,0
829061,43849,6
978310,461329,5
572504,89810,9
447585,563567,1
870862,587316,5
34016,712580,0
338022,140635,3
654145,226822,9
212531,9409,3
143084,818460,0
873430,747653,8
815036,317864,5
355994,206110,9
104642,724333,0
869180,315457,5
901194,380762,5
481214,763715,7
773841,960878,8
492286,862411,4
546181,666267,1
962217,995837,8
41548,309354,2
323093,238310,3
292246,778781,7
973001,243616,6
456654,990756,7
644206,180946,9
161621,368979,2
441662,25713,9
160668,353019,2
196628,738319,0
944198,150706,6
928135,165252,6
398952,192838,9
38952,678856,0
540988,398900,1
326248,254285,3
768345,587831,5
681003,632423,4
145065,114841,3
134702,940715,0
597889,728435,4
814962,68619,6
294251,484582,2
370584,417897,1
603858,53817,9
515088,88463,9
801163,162107,6
532532,272332,9
92004,316225,2
801320,801581,8
177734,189664,3
683596,198111,6
662746,786578,4
18957,619718,2
601523,807753,4
911892,173415,6
601521,769983,4
110526,622131,2
155984,635295,2
413493,584813,1
954861,350841,5
585577,803787,4
251449,112080,3
740572,797936,4
918316,145153,6
589125,434005,1
337678,357840,1
224015,32727,3
51154,756426,0
265735,210164,3
238242,143530,3
319926,1836,3
870503,545383,5
256183,670661,7
812127,431654,5
819177,924239,8
687702,221992,6
31496,365145,2
992443,993350,8
249425,95995,3
395840,895051,7
127981,992197,0
862342,395634,5
427570,179407,9
298593,462743,2
338331,341108,1
15148,606920,2
510841,716092,4
362174,72087,9
579359,302700,9
485224,161817,9
666322,890260,4
615217,965049,4
583347,329338,9
199666,795792,0
878042,261509,6
192523,749501,0
864739,683983,8
707240,588843,5
688205,664477,4
868935,205119,6
438702,265993,9
559778,205532,9
379815,551844,1
852769,503733,5
249469,826688,7
158355,474747,2
80248,739783,0
548855,622138,1
274131,329745,2
31437,367204,2
609077,758717,4
771104,945553,8
909992,236037,6
87934,907489,0
171181,45733,3
645968,788124,4
8780,569659,2
266679,83145,3
419425,277292,9
457135,79489,9
973621,660357,8
621917,562491,1
796794,718596,8
459440,812268,7
802520,955953,8
711307,948116,4
999523,994688,8
731868,517718,5
291460,572471,2
530835,755680,4
720245,161140,6
285686,531010,2
692001,462214,5
432737,18131,9
741444,456405,5
802459,933806,8
481562,626222,1
916344,995180,8
5256,349706,2
522843,423980,1
834547,233853,6
383804,594042,1
64335,281088,3
257650,339205,2
26523,783896,0
944697,535683,5
225906,817319,7
684041,691821,4
437205,104553,9
227023,585704,2
927636,792555,8
483970,85522,9
375920,91669,9
689699,786206,4
778954,883542,8
700110,764320,4
929667,919360,8
693790,536900,5
689671,302732,6
32091,364763,2
588211,68229,9
725931,738193,4
825905,1430,6
36024,461895,2
85707,480507,2
896083,475724,5
496488,484992,1
270452,499604,2
856801,265823,6
701401,448395,5
181621,516063,2
471253,353866,1
426556,139335,9
807829,196520,6
917499,414711,5
61287,57642,3
801934,106334,6
168787,804843,0
11445,369362,2
873568,68453,6
504581,497687,1
631514,871624,4
385919,146647,9
696861,154459,6
993785,552813,5
134521,903590,0
649209,260288,9
668817,816167,4
335527,209680,9
91962,616759,2
874581,87120,6
239494,183354,3
644236,679626,4
486406,28899,9
710768,888546,4
802102,941875,8
98658,146707,3
706142,136080,6
100530,615176,2
264690,661300,7
475871,975311,7
54017,877335,0
379938,625605,1
552031,1560,9
233574,694353,7
992915,933750,8
543142,587734,1
60186,551112,2
549654,48470,9
638135,150104,9
799005,882166,8
567202,973949,4
164509,912175,0
940300,637523,8
859625,732878,8
491094,817193,4
570139,335243,9
439680,703920,7
796198,709476,8
176797,432529,2
524753,534328,1
464790,729573,7
949714,859153,8
791328,861322,8
251471,484224,2
362398,831006,7
732089,227292,6
98435,405506,2
354965,901937,7
871217,556512,5
299646,158634,3
169590,310911,2
482435,296743,9
368680,416030,1
218897,3468,3
298655,510029,2
67452,667298,0
282552,854794,7
534360,991410,4
644262,120634,9
509230,633199,1
187052,789607,0
933293,858954,8
446588,819879,7
716135,94644,6
693680,681464,4
368547,170973,9
552065,571954,1
839112,965840,8
873180,542780,5
507600,246409,9
399616,352466,1
902603,63379,6
222748,735494,0
448992,219589,9
646993,12210,6
216018,628218,2
469413,432828,1
541675,939586,4
633266,306340,9
666378,828446,4
707571,153047,6
267912,801923,7
932127,269160,6
785977,918159,8
503424,61040,9
902341,654848,8
38989,302344,2
498881,696893,4
689007,156253,6
151924,397182,2
438673,780594,7
454620,807844,7
439983,795013,7
785074,749591,8
380864,184302,9
570255,292399,9
357436,438052,1
351988,878070,7
738440,973795,4
582230,545129,1
986663,861096,8
440710,25186,9
308152,119321,3
438219,152999,9
463220,349622,1
104110,779896,0
724160,972539,4
470074,548581,1
4486,400673,2
122386,949800,0
303924,61633,3
870615,441775,5
914552,885072,8
408293,195417,9
381698,211104,9
39517,175498,3
597726,986537,4
734726,544436,5
348383,277859,9
990287,760008,8
460086,671700,1
271231,587133,2
949957,931784,8
504758,469649,1
396571,169858,9
811065,579080,5
601400,735886,4
44774,532076,2
610747,831990,4
264089,547925,2
978352,177074,6
97843,463341,2
378099,725730,7
345329,958603,7
248968,406783,2
807434,556127,5
839620,500620,5
935755,236319,6
814865,443082,5
895654,259162,6
738184,662687,4
780858,887030,8
313394,224970,3
86677,780612,0
752053,769944,8
464647,334626,9
71165,74508,3
264458,759002,7
550863,361216,1
970389,337856,5
359002,756559,7
494418,699943,4
943422,106997,6
315055,133490,3
577684,135346,9
776487,427867,5
164726,554262,2
496929,885865,4
743667,827247,4
557002,546839,1
733646,389960,5
60428,614203,2
918520,573909,5
688724,392475,5
336424,282852,9
900423,420224,5
720208,549713,5
27525,620819,2
109094,554558,2
465264,704534,7
114303,103995,3
854656,217504,6
596911,289522,9
4781,358404,2
707352,475225,5
109743,459680,2
851583,559585,5
952423,382795,5
643621,338934,9
473830,674079,1
261513,250141,3
130697,631121,2
266254,939642,7
566372,30669,9
466522,849075,7
414219,780996,7
209325,126657,3
725409,964372,4
204667,854535,0
177780,955489,0
919241,690099,8
495455,126293,9
613258,29503,9
871798,319657,5
481145,618702,1
532360,391031,1
60686,950043,0
379302,944826,7
696410,573070,5
601486,188413,9
669027,346244,5
323331,234650,3
775316,746426,8
196615,514219,2
491173,147911,9
940257,908176,8
721611,117297,6
426649,705571,7
544606,200413,9
357850,392564,1
830532,767373,8
245667,940960,7
715201,391097,5
174073,647322,0
548043,971243,4
696372,925877,4
215634,161900,3
55018,692313,0
712377,927157,4
736419,9442,6
702278,193423,6
873701,299579,6
34149,951728,0
693823,90131,6
832839,531748,5
92617,615242,2
375174,558060,1
315037,842529,7
397334,996283,7
540533,740281,4
919056,576565,5
343349,683385,7
665875,370513,5
214538,748167,0
446293,846754,7
396340,293551,9
723051,330260,5
694860,516403,5
187296,898200,0
62859,473736,2
89044,570969,2
282264,12729,3
946365,557043,5
228743,489589,2
526077,787772,4
90832,613466,2
524275,492640,1
809019,193754,6
435362,129505,9
599866,953626,4
608512,275670,9
195504,844361,0
176793,362577,2
840003,933959,8
49911,856005,0
892507,374373,5
98489,310047,2
966367,742655,8
818864,662743,8
726565,387198,5
638107,672312,4
548576,932851,4
435298,66872,9
925143,885400,8
928200,271243,6
793021,314549,5
640995,213778,9
977363,555885,5
772577,705172,8
829628,567413,5
525039,331274,9
737436,99259,6
247223,87075,3
474772,494537,1
692599,516586,5
266871,307844,3
934273,338196,5
70992,164320,3
727164,453575,5
251208,60588,3
310708,79585,3
587223,463827,1
549220,753440,4
81967,628838,2
883188,745269,8
738993,263774,6
252134,618627,2
279758,899576,7
184474,455079,2
515722,746013,4
252630,954000,7
891029,525111,5
545027,275310,9
150651,2932,3
294089,760183,7
408843,427214,1
199685,114638,3
727531,622335,5
598898,686753,4
261990,281647,3
655805,124417,9
76785,539114,2
891933,733319,8
906484,293005,6
545655,831439,4
3921,905456,0
5526,882332,0
369770,735118,7
141150,313866,2
158647,389433,2
207380,435936,2
778949,800379,8
979574,702166,8
313365,734695,7
33476,640808,0
73189,99124,3
985379,271688,6
269841,230461,3
362685,654859,7
231651,368074,2
235097,287191,3
820091,274543,6
249241,9917,3
678295,115614,6
125262,280675,3
313908,856657,7
850144,379250,5
65252,690552,0
113330,747760,0
609669,721912,4
190006,433261,2
828784,379513,5
481946,68224,9
642831,69959,9
808594,54329,6
113497,553255,2
565972,294944,9
126846,906555,0
471429,321953,9
80407,412935,2
201160,909171,0
437240,709054,7
74241,785185,0
605176,201206,9
672562,764634,4
207786,266759,3
434289,103170,9
980116,815910,8
15355,87549,3
442900,826637,7
293995,178349,3
517254,501914,1
669621,331681,5
572627,152685,9
177783,14391,3
872634,375753,5
296348,732522,7
500094,87285,9
7657,704407,0
979880,855337,8
659977,236226,9
250389,302308,3
902957,15090,6
632960,159258,9
656166,187857,9
320460,984458,7
788390,486668,5
441296,874194,7
590725,325379,9
651586,222481,9
242704,129406,3
939541,869561,8
717435,943433,4
289923,747777,7
896686,607217,5
503987,509549,1
1682,269753,3
749156,73985,6
479922,62532,9
980282,610942,5
105635,416264,2
164514,990134,0
188208,222138,3
473590,627330,1
543549,428615,1
741584,806742,4
915616,768114,8
702680,955289,4
549590,963876,4
868379,853343,8
146423,932871,0
765242,436944,5
734316,657662,4
329395,152620,3
99952,893283,0
418872,996885,7
657946,111299,6
609638,196207,9
665238,668164,4
840772,871409,8
774441,34308,6
620934,51083,9
552081,836282,4
396369,779991,7
322735,223456,3
635159,131277,9
376563,909277,7
220471,462544,2
991298,759093,8
87453,832851,0
741322,411507,5
214559,108407,3
999143,604129,5
603262,36722,9
195439,746900,0
158912,850667,0
166604,115325,3
279049,977652,7
408719,356568,1
852463,347729,5
286178,796032,7
910094,951507,8
987254,793666,8
152247,829269,0
528978,544597,1
44935,228151,3
537233,287012,9
813435,402472,5
352614,388736,1
488699,565002,1
995051,822396,8
13678,886824,0
857035,191593,6
108236,122851,3
756995,824486,8
150788,309716,2
399455,650874,1
241976,906605,7
325059,280044,3
708504,841474,4
656512,6583,6
640576,162587,9
612522,674038,4
560270,464324,1
893828,579301,5
321782,196547,3
368760,752038,7
508559,365599,1
628076,74059,9
714313,465553,5
562909,827049,4
219854,97050,3
135472,891008,0
175929,855071,0
188255,16365,3
59868,211032,3
817586,180635,6
938772,941440,8
785949,446675,5
272453,129615,3
442444,158165,9
280727,193529,3
651742,843516,4
984877,840599,8
951422,551836,5
711018,91314,6
725873,755499,4
678151,685964,4
8159,142032,3
132353,464406,2
284504,660414,7
587088,197138,9
311943,828816,7
913459,516004,5
485725,589431,1
581964,80122,9
626225,979941,4
871247,54104,6
340678,789414,7
686328,119098,6
688543,346397,5
908514,402216,5
58528,682053,0
272175,455770,2
127667,704592,0
91144,861484,0
977341,175070,6
406881,461404,1
831509,179175,6
408950,234339,9
538043,894743,4
960292,642988,8
712940,382726,5
482845,180348,9
114864,521113,2
355929,99462,9
661398,131774,6
740526,28087,6
72247,272030,3
10248,251930,3
198355,767121,0
17276,362470,2
49752,191072,3
354880,472929,1
518018,336337,9
830708,721522,8
630718,481481,1
252647,245298,3
727503,155203,6
502937,871887,4
811566,3548,6
638851,172409,9
678430,374539,5
877053,644820,8
501485,464392,1
40094,866828,0
788481,12168,6
523886,952386,4
757139,249761,6
738267,64984,6
195586,226239,3
409432,327501,9
317846,46767,3
16563,382757,2
998970,702863,8
19046,121363,3
756934,800922,8
112704,223258,3
300602,220496,3
883752,223518,6
681928,178903,6
832802,905771,8
305708,34757,3
161672,236110,3
302437,72991,3
760684,831855,8
998637,93618,6
439369,475287,1
162233,661430,0
655312,829326,4
490510,14172,9
203609,66059,3
254487,174726,3
620893,363857,1
350442,888545,7
786935,21641,6
735543,282751,6
203236,793177,0
928064,975354,8
788256,226468,6
248845,346382,2
643177,876585,4
771289,66630,6
864525,82475,6
174043,154096,3
905097,968233,8
106408,401808,2
188752,363141,2
321696,753521,7
431382,242732,9
597235,742365,4
933300,987721,8
637817,794245,4
886756,714001,8
229172,706534,7
729733,634738,5
54282,331635,2
796682,838679,8
688114,147061,6
664881,667225,4
57874,690168,0
657937,960117,4
694185,168199,6
920640,203439,6
206170,110557,3
144705,65636,3
158263,941452,0
986022,78691,6
566910,61587,9
104101,630804,2
929296,691151,8
185061,332708,2
831986,200734,6
749530,353269,5
404256,347057,1
988728,551931,5
315847,440924,2
619610,799650,4
731251,142957,6
694893,67684,6
577555,981491,4
919501,65172,6
355170,346690,1
834055,972260,8
779262,59879,6
398575,857604,7
750971,571883,5
642750,704931,4
776813,907664,8
109388,488309,2
18447,55251,3
616118,103227,9
944677,190610,6
593289,423058,1
341075,451556,1
307720,860379,7
402792,727874,7
383161,802457,7
896709,992447,8
56994,914718,0
678475,138713,6
358225,704085,7
559016,390220,1
434006,350200,1
818301,192531,6
872938,478734,5
91124,537121,2
393711,112491,9
652164,923250,4
68032,415056,2
860760,794799,8
190971,651142,0
748752,284219,6
871819,665261,8
58332,394125,2
63536,859468,0
79395,393250,2
366335,994811,7
800002,641310,5
509060,787132,4
338856,158585,9
354169,520302,1
719521,998148,4
882981,277365,6
687378,767482,4
85428,791894,0
369500,194908,9
834106,821170,8
420066,57967,9
261084,54311,3
815993,407314,5
740859,627479,5
45850,611005,2
164433,637471,2
986132,931881,8
136689,334619,2
951539,519416,5
837109,291735,6
203639,570053,2
893430,890659,8
313439,975644,7
665164,420696,5
638107,672288,4
153963,666035,0
59348,468570,2
268265,744266,7
891606,233354,6
988942,164043,6
82746,720882,0
873647,395500,5
183476,691724,0
806534,417166,5
324512,78816,3
677118,332329,5
455914,548574,1
893985,218642,6
730842,268588,6
163299,576881,2
647679,550837,1
928598,956074,8
742461,555660,5
981977,87476,6
214692,338468,2
639572,295846,9
289153,798885,7
863909,733934,8
229066,927139,7
429759,964289,7
818938,905304,8
455037,821781,7
684952,995527,4
822753,18389,6
70937,240041,3
377460,976235,7
587928,315384,9
668721,204499,6
21890,916891,0
187595,925093,0
47259,283392,3
986079,33093,6
205561,863813,0
111738,997105,0
345191,640965,7
700689,491511,5
826568,128578,6
17854,84332,3
369419,833065,7
338204,205871,9
86560,829287,0
829949,961778,8
603205,77624,9
634115,581481,1
961196,824024,8
375197,938742,7
444591,241006,9
598401,327478,9
934315,37459,6
577749,233042,9
740501,607937,5
597629,355913,1
836566,175557,6
593397,223945,9
843815,14220,6
996326,265544,6
6362,929288,0
548836,301922,9
405529,737987,7
361289,195685,9
893968,928245,8
21213,533108,2
950154,248537,6
167070,960353,0
653279,662935,4
962557,711074,8
37491,118308,3
416531,644500,1
113898,297950,3
647953,161163,9
682686,916851,4
527574,948806,4
583622,941817,4
126646,548033,2
791941,165645,6
7945,541111,2
464490,700059,7
900155,921713,8
246499,922173,7
976847,873194,8
777344,826649,8
493520,602720,1
919338,328377,5
37572,477177,2
928073,129776,6
160354,75080,3
874598,376743,5
926882,113907,6
451018,264014,9
290055,961966,7
778481,931340,8
47409,819754,0
620922,850305,4
81664,537346,2
185885,169283,3
143769,340872,2
39713,461281,2
765011,546981,5
112862,877555,0
78375,254308,3
158693,166552,3
252053,266403,3
443798,923218,7
531980,997333,4
185426,471313,2
364579,479593,1
521854,803166,4
823094,744740,8
850538,8553,6
754085,911901,8
331625,637908,7
331571,722943,7
511835,415936,1
642212,663744,4
561657,771752,4
845337,587539,5
768258,126663,6
839033,629980,5
82735,537150,2
892533,804957,8
912979,448058,5
520675,997756,4
296419,916393,7
826693,237557,6
637163,806109,4
279119,153298,3
489103,365647,1
440680,511064,1
459311,650101,1
252403,140406,3
815311,941738,8
801994,119700,6
813133,337567,5
489177,604029,1
927973,452405,5
586986,475611,1
602374,104119,9
937191,370627,5
128304,420426,2
104518,646213,0
903370,945466,8
448965,761747,7
686386,100861,6
183301,744829,0
357013,322779,9
955738,99845,6
98853,434807,2
808612,355699,5
239105,647397,7
806602,562955,5
588234,453591,1
515082,988653,4
299751,927433,7
367399,891753,7
705501,356234,5
239586,734517,7
39232,387669,2
566603,897052,4
764621,990346,8
752391,451622,5
426554,107959,9
472837,974783,7
189120,550857,2
253909,455776,2
233284,807043,7
984967,345015,5
671210,29289,6
273977,740758,7
936506,859806,8
769486,758280,8
415389,445375,1
425057,947097,7
873878,269749,6
677052,216343,6
88089,518866,2
595724,339958,9
683586,35628,6
806727,664484,8
983568,839102,8
789856,114476,6
1505,300734,2
442308,883352,7
507226,950580,4
404398,718290,7
307779,852450,7
132817,258515,3
873884,377471,5
163168,367998,2
948505,527122,5
349965,862056,7
577549,871358,4
919746,187078,6
230513,246126,3
640385,960420,4
794966,856,6
400143,216369,9
523783,227532,9
144010,392802,2
835693,493531,5
780511,63272,6
414481,192619,9
350510,23909,3
842323,930127,8
651531,293115,9
393437,508606,1
153675,825653,0
751977,489347,5
462525,658177,1
984679,502519,5
848636,36629,6
632701,807515,4
910598,426925,5
335706,220836,9
598261,986447,4
219588,617878,2
691638,364220,5
449727,575290,1
904654,535703,5
562839,650636,1
248767,38650,3
599542,516483,1
544796,390629,1
317204,256418,3
631908,479756,1
265035,455599,2
266550,909230,7
431088,298157,9
127291,389487,2
118353,171400,3
727242,758435,4
20474,113536,3
212603,230009,3
776523,24510,6
948005,126000,6
689736,396209,5
97237,273565,3
808693,708338,8
46568,670837,0
767552,257364,6
523366,221656,9
382963,465770,1
207650,974987,0
618400,463487,1
837935,184081,6
853701,153717,6
524453,498005,1
977355,415504,5
379271,412508,1
22212,321476,2
54113,491993,2
941010,559627,5
660749,210311,9
703306,469124,5
572652,575238,1
34503,901341,0
851907,11669,6
121777,718396,0
85022,979533,0
11802,365073,2
789225,505339,5
242796,683363,7
293528,328704,2
535729,9490,9
512205,644505,1
201679,625781,2
517247,381043,1
200021,763085,0
179990,95470,3
572110,457338,1
485947,322062,9
899263,926437,8
633644,658480,4
75982,42916,3
290094,624249,7
769189,764915,8
938873,648919,8
385188,859818,7
971735,957801,8
768125,882084,8
196007,290390,3
600850,491762,1
54771,550160,2
548775,276753,9
402198,752438,7
239159,548024,2
649110,601012,1
210815,176204,3
462408,694909,7
335910,640631,7
87093,776822,0
63933,524404,2
659777,885632,4
818681,574191,5
443079,836478,7
701945,606343,5
809039,527776,5
336622,609051,1
328846,926552,7
567626,92846,9
462755,535665,1
934899,847742,8
11346,703965,0
553016,545128,1
967058,358936,5
649378,106605,9
726222,626559,5
591455,596883,1
825724,943918,8
431406,641884,1
155968,369402,2
548679,649596,1
775279,116717,6
666181,509995,5
501558,695988,4
484125,698355,4
266491,928484,7
36242,128416,3
303309,728665,7
685837,869408,4
152977,87930,3
849605,317700,5
588770,469592,1
441636,586638,1
627677,383233,1
6927,430766,2
895927,853647,8
259789,278292,3
258104,959287,7
741646,861008,4
976443,94251,6
86001,431539,2
884702,202992,6
697794,834284,4
822356,347223,5
786475,285823,6
839609,314134,5
653339,672701,4
99521,665349,0
536162,280046,9
749710,387928,5
918533,799527,8
660081,982703,4
302427,896772,7
55847,622421,2
32266,306500,2
354329,218709,9
844268,623556,5
110067,896549,0
311477,998439,7
777968,323884,5
524934,575194,1
288533,377064,2
330622,774344,7
412543,623551,1
27428,989044,0
874880,111696,6
288709,333835,2
780831,442648,5
597783,954776,4
932186,256872,6
249454,576636,2
526023,884703,4
208533,826548,0
802852,546649,5
546427,809578,4
593412,475828,1
255989,415909,2
192172,846313,0
988814,13216,6
130884,777447,0
561692,368849,1
257808,984385,7
562773,537507,1
892235,804885,8
708579,97841,6
417643,328954,9
746253,287209,6
130704,746279,0
713269,916352,4
144414,167801,3
231990,63558,3
229663,948312,7
280595,976225,7
417908,788474,7
898702,489033,5
186425,247527,3
190353,267984,3
12138,14921,3
786947,231826,6
314382,819284,7
711179,790105,4
295972,405567,2
379092,410743,1
361258,678175,7
89265,281920,3
239890,832301,7
492917,470334,1
916532,164813,6
20227,971563,0
74371,958528,0
991254,21153,6
520947,562627,1
79033,321459,2
771840,318588,5
523854,425319,1
344797,9338,3
945133,855381,8
389183,6560,9
265074,111050,3
424769,99358,9
920986,21523,6
740187,329050,5
359526,566092,1
322584,673922,7
622218,630308,1
592288,588483,1
638014,114277,9
663402,803335,4
660286,429084,5
625125,478427,1
934690,339251,5
804762,638473,5
826726,787501,8
534460,680889,4
706589,641537,4
313208,96739,3
906605,310909,5
459723,574082,1
602035,413347,1
128374,583909,2
775179,444621,5
749282,188514,6
359523,508482,1
72925,663146,0
498597,930673,4
833717,293063,6
514833,813434,4
388995,844543,7
236371,693171,7
139819,947332,0
811567,8635,6
138413,315868,2
801015,673243,8
200525,223821,3
763551,7056,6
590476,143178,9
409123,139643,9
995757,702449,8
62265,496860,2
742088,285157,6
643041,592123,1
811695,162319,6
101568,55246,3
520268,159936,9
46296,102444,3
792933,829903,8
185660,395368,2
964638,676483,8
652849,435565,5
550568,397819,1
152064,754179,0
490488,635032,1
987000,521830,5
407496,798676,7
362071,334469,9
428098,53461,9
524284,646999,1
128815,997524,0
391913,897729,7
131898,814592,0
857323,38682,6
143491,655835,0
625899,492098,1
705739,357787,5
326824,935308,7
723834,481253,5
427939,385921,1
184573,128983,3
817850,612324,5
342845,210738,9
881800,427627,5
130671,190591,3
267235,427266,2
67747,628410,2
691842,801718,4
477036,544904,1
215598,561719,2
816658,586970,5
209710,606022,2
413297,298958,9
603735,989949,4
79590,675763,0
550824,712230,4
462383,277724,9
714113,98931,6
741811,619232,5
444505,811136,7
776045,990718,8
13863,995951,0
953366,228704,6
835594,833887,8
140233,909858,0
984806,637788,8
303375,836684,7
148193,692898,0
545404,609567,1
996409,659240,8
861061,858248,8
588379,893258,4
553,302109,2
553475,261748,9
200798,827698,0
130502,349047,2
447881,536121,1
588399,229221,9
523185,171775,9
27688,360948,2
461790,311938,9
756203,505861,5
9825,129801,3
575003,78633,9
600173,119382,9
467887,790558,7
921829,195578,6
92933,926286,0
102048,130149,3
422412,484742,1
71809,896248,0
247182,394950,2
930477,537869,5
968182,245945,6
611228,917209,4
533037,760546,4
504739,158097,9
140300,33192,3
866613,180893,6
274111,983804,7
798125,100753,6
355945,381289,1
337149,479427,1
731777,976307,4
792547,348660,5
928703,715504,8
489538,676932,1
200834,424584,2
991452,344550,5
858842,562249,5
729703,133921,6
819681,391462,5
316090,530390,1
270822,715025,7
432784,810919,7
124769,8727,3
684872,656654,4
390260,104710,9
875568,683202,8
591536,959650,4
843084,720645,8
885627,737099,8
424288,13200,9
867503,136263,6
175784,415960,2
41967,350887,2
370304,703190,7
530290,584858,1
713165,178672,6
940850,873719,8
601849,286603,9
940481,679218,8
626374,474533,1
488915,205711,9
401028,84201,9
175296,214159,3
386127,641387,1
791552,621400,5
871793,238403,6
855829,924247,8
826691,201572,6
826413,532837,5
405812,489540,1
714764,54502,6
20711,106190,3
741376,307548,5
975924,361745,5
852747,125140,6
240505,174832,3
416873,392404,1
148569,3519,3
147042,337802,2
439983,800248,7
783854,249551,6
217802,605584,2
53951,765247,0
517932,887348,4
661536,440960,5
227993,889612,7
710972,310963,5
356093,860033,7
590797,530256,1
25609,417438,2
889163,178373,6
925235,435272,5
619462,304408,9
195946,276109,3
566582,553216,1
914974,981726,8
876146,388581,5
892621,296835,6
909231,445786,5
326123,154086,3
734435,655225,4
376752,77031,9
666373,739124,4
466795,429505,1
693956,329443,5
950934,348955,5
902963,108279,6
853403,151829,6
803287,847353,8
467492,144703,9
30574,868973,0
829608,233431,6
281467,629755,7
301707,790169,7
382906,505122,1
601844,199714,9
607957,948931,4
692609,692664,4
604029,916382,4
644941,535503,1
214766,574095,2
825564,264114,6
971981,90327,6
140247,137941,3
390566,243692,9
744170,272283,6
275760,714148,7
699847,344722,5
751476,60285,6
212392,681330,0
123396,925688,0
53287,608609,2
901716,144058,6
184126,621452,2
747658,895350,4
158646,377811,2
873764,362032,5
683503,641032,4
825182,840911,8
199260,979533,0
14526,140223,3
739877,115585,6
645795,881160,4
665054,573625,1
930878,282618,6
970928,401402,5
377619,656876,7
121896,716710,0
760007,442054,5
608636,356569,1
857229,454242,5
449819,113962,9
365341,297652,9
637426,222279,9
843758,57242,6
81743,869167,0
102831,282566,3
95369,874429,0
543409,90667,9
852745,95658,6
737657,809584,4
681826,458221,5
329314,786449,7
863653,428241,5
451844,147923,9
142381,3093,3
984662,215605,6
673323,545517,5
518864,560591,1
866827,771295,8
155186,214598,3
756696,800286,8
415388,428290,1
278066,460679,2
640640,238870,9
689148,517946,5
126412,614812,2
161132,154923,3
797646,38277,6
335809,957734,7
648046,719996,4
984715,118110,6
84900,928852,0
217477,147341,3
364358,768258,7
118876,958933,0
802684,725854,8
433749,28142,9
995563,442586,5
548134,501244,1
413189,477128,1
105874,427443,2
43231,585471,2
12472,619423,2
654726,981077,4
967103,101831,6
479304,674999,1
714045,958269,4
635340,165944,9
22378,117352,3
350474,426084,1
196838,261986,3
202554,334918,2
977030,958552,8
393412,90396,9
300428,299656,3
323528,539249,1
159444,782065,0
169668,619777,2
599049,219616,9
99443,343280,2
515300,650995,1
276175,682348,7
237983,787733,7
437784,837347,7
304980,808332,7
645195,801329,4
938495,299800,6
749170,309003,5
428162,134752,9
785094,78314,6
231041,119045,3
793097,581905,5
81180,406022,2
27826,685708,0
709456,828054,4
108689,751596,0
84450,356691,2
908231,641616,8
647369,343484,5
945879,398898,5
290685,546575,2
297761,481631,2
786677,681881,8
374329,353567,1
411834,696195,7
964449,500440,5
908429,972949,8
364581,526903,1
667783,437339,5
363141,322690,9
458820,393258,1
491298,258674,9
550181,907967,4
203540,908460,0
500243,591520,1
679881,761771,4
97192,519361,2
