x,y,cluster_id
242578,13469,2
383138,414652,1
67768,993126,3
484308,765337,7
31833,30935,2
932640,887879,5
591329,478778,1
833354,186335,8
735652,115053,8
698658,355604,9
638300,908210,7
294000,264971,2
377493,541620,1
9281,999465,3
12901,842497,3
852470,467010,9
53607,976747,3
196754,856972,3
144213,800662,3
729397,985790,7
183405,499760,4
469862,970991,6
450770,95791,0
974081,390235,9
680670,26669,8
231241,468739,4
97960,415410,4
796294,316402,9
778534,828493,5
487140,369048,1
602845,24264,0
811111,355792,9
806109,274877,8
859817,951019,5
777276,680837,5
835185,961129,5
705424,73751,8
536857,957185,7
418065,418776,1
381617,836927,6
240062,726211,6
431612,116690,0
223913,309587,2
244801,377033,4
807539,314736,9
775229,283334,8
996348,632867,5
600910,509480,1
834128,199442,8
35980,730005,3
197911,293197,2
770346,214750,8
309220,60662,2
557590,416916,1
115944,685545,3
959950,893088,5
136133,997800,3
27973,148064,2
522975,641339,1
989146,578132,9
680530,674978,7
362046,914709,6
530369,917610,7
283108,208988,2
471815,806578,6
161689,514298,4
813117,64168,8
479624,43309,0
902915,294501,8
685730,66033,8
821219,242774,8
310257,492554,4
356179,307990,0
396981,70916,0
886516,684032,5
528226,902819,7
686503,63316,8
152140,23765,2
418942,174793,0
752751,490316,9
747743,329274,9
117577,118127,2
374985,376969,1
728744,14480,8
382012,490499,1
827576,79664,8
923967,118042,8
938251,195973,8
726117,857863,7
103637,838910,3
565110,810400,7
406969,934977,6
160874,816054,3
431739,248100,0
830522,596218,9
645779,608168,1
495466,304382,0
755627,828610,5
455550,438144,1
897430,118944,8
98993,780745,3
997533,539816,9
698849,561277,9
384785,92576,0
929386,192648,8
841254,969376,5
318446,127999,2
288386,909935,6
279052,41813,2
755507,809000,5
866244,973541,5
313587,467795,4
243042,823442,6
599615,743697,7
327666,83176,2
951140,823081,5
527120,310801,0
646964,528517,1
786098,952490,5
515310,819254,7
207082,441170,4
757169,750570,5
841330,249551,8
217528,1761,2
607765,712493,7
871078,223776,8
14974,680695,3
452619,175360,0
288399,131390,2
272306,650010,6
719640,990750,7
535380,148002,0
469616,838895,6
313226,398227,4
5279,739131,3
580105,833601,7
347811,666053,6
354997,440055,1
14917,711650,3
706767,635577,7
146365,957588,3
183773,679719,3
48126,868372,3
730391,687771,7
373259,371670,1
663645,885499,7
586741,364693,1
406085,74556,0
75646,387667,4
531298,530090,1
229012,19601,2
439383,726733,6
208291,749221,3
166750,575130,4
211249,463602,4
769233,500985,9
67848,329471,4
430095,618497,1
83209,503956,4
994746,709053,5
62870,660778,3
710643,782564,7
561766,616936,1
851959,876326,5
416611,994392,6
751597,103922,8
622708,854272,7
763144,172256,8
113940,992884,3
414314,380142,1
62500,450930,4
789565,228458,8
697292,386877,9
247648,231501,2
849283,902588,5
803927,613533,9
663457,738469,7
452902,931007,6
436138,171789,0
273068,465220,4
955457,369525,9
607397,533230,1
999677,575269,9
555215,505000,1
540809,380896,1
724384,729940,7
104473,885740,3
639572,287519,0
332946,834822,6
860169,869593,5
256492,871667,6
117700,192914,2
305697,859094,6
796018,674653,5
900226,112347,8
221747,915444,3
880066,285789,8
257319,771158,6
861762,644236,5
684291,882927,7
369671,66247,0
417820,301777,0
980466,702029,5
7364,783108,3
703318,672688,7
870522,869668,5
524434,177186,0
980344,642136,5
393063,217912,0
447246,868568,6
31640,773725,3
9819,42467,2
744825,278843,8
523351,969780,7
102327,819686,3
470454,926986,6
854907,426604,9
934752,387852,9
632230,906357,7
147351,540271,4
343122,859703,6
37949,811880,3
271485,855588,6
870383,540877,9
534808,524330,1
423039,21274,0
554457,763045,7
498689,467937,1
617602,46054,0
32396,486973,4
571333,395104,1
522923,772502,7
453133,808894,6
94785,52884,2
826935,303685,8
42690,506413,4
285958,109358,2
982686,19644,8
173411,524345,4
675854,86444,8
873180,538256,9
478759,506532,1
299840,413003,4
344194,871591,6
838942,102171,8
196498,555389,4
424329,714240,6
233338,727393,6
302701,508484,4
92123,325340,4
998452,999447,5
711751,399947,9
915277,68584,8
703078,646216,7
966967,821532,5
497813,752719,7
952957,363209,9
467852,199519,0
319607,637251,6
293620,877284,6
523256,367777,1
237859,699470,6
999000,202858,8
442180,722977,6
79262,168652,2
539282,715609,7
251904,750679,6
674102,637241,7
116274,231005,2
506655,355788,1
732259,84308,8
967997,128374,8
585623,581955,1
922186,193661,8
864539,311585,9
811253,744298,5
429059,196341,0
917628,585903,9
274474,86126,2
521532,393337,1
826258,922274,5
661199,778269,7
376760,214791,0
994520,904005,5
626417,198418,0
813554,408777,9
327680,324291,0
367317,511847,1
620384,803852,7
341576,879053,6
250295,716161,6
534048,751257,7
386673,821553,6
854750,796623,5
844887,19776,8
383249,271130,0
883418,620394,9
964801,416189,9
902504,390258,9
74399,429715,4
223790,239575,2
552139,814155,7
516846,642578,1
822119,358702,9
709654,167894,8
807477,278000,8
359047,513118,1
989323,555229,9
734375,650304,7
661679,842450,7
72134,360306,4
669352,806694,7
106581,312340,4
513709,915202,7
801957,495907,9
725267,570966,9
239062,924139,6
4986,808315,3
353592,834880,6
839796,454535,9
374671,108680,0
592807,314266,0
880309,355704,9
327136,184438,2
855266,459639,9
154120,306519,2
672925,858988,7
25724,353126,4
998767,287106,8
403714,223334,0
576057,802292,7
127505,976868,3
225842,738540,3
646862,809815,7
561670,1315,0
111739,2849,2
893928,255271,8
349886,542663,1
542610,659326,1
304556,687893,6
434005,323590,0
589821,134435,0
462490,70127,0
629891,585425,1
253674,504712,4
696317,16186,8
52367,132880,2
315584,25240,2
210313,743236,3
574919,671006,7
608211,212948,0
31110,873539,3
579454,892040,7
521551,712622,7
41863,596998,4
751981,550487,9
35726,446954,4
959509,480178,9
357800,549171,1
923869,471037,9
731501,345154,9
16405,722120,3
675589,628740,7
237498,636867,4
829868,607283,9
621287,975722,7
973083,621237,9
132736,906385,3
616378,468377,1
14476,303459,4
245720,816957,6
608290,539205,1
424689,751438,6
430810,628092,1
345266,893285,6
456783,165931,0
810127,812538,5
334136,834506,6
549359,88853,0
352562,523797,1
458504,87214,0
817071,518386,9
520241,704018,7
443985,70005,0
588148,7255,0
937220,858295,5
379421,943657,6
52889,905543,3
469229,342547,1
188338,400091,4
335425,498812,1
536861,26511,0
579792,570720,1
104485,89116,2
780534,447421,9
815274,324253,9
733585,370990,9
235025,68069,2
47294,877899,3
859542,324578,9
186882,928701,3
689450,600241,9
266814,354545,4
842451,76321,8
733023,918199,7
184514,137053,2
455505,682579,6
107825,225534,2
556607,898878,7
458725,805522,6
420218,606961,1
197918,418513,4
953410,967169,5
215132,729668,3
532081,695311,7
97791,579595,4
262600,528353,4
31083,414922,4
596607,175765,0
82470,85277,2
252503,829532,6
958437,460401,9
966716,608715,9
679522,741861,7
466695,750819,6
22240,788280,3
625487,571436,1
128128,461503,4
481417,186445,0
589343,103250,0
330431,556650,1
624015,829410,7
905440,730891,5
89809,423409,4
243339,806022,6
817059,316019,9
347653,17202,2
127524,307548,4
960467,574613,9
532236,291130,0
25211,730439,3
503756,634589,1
538167,985049,7
730439,490467,9
283424,520330,4
197125,91670,2
697768,401666,9
808041,751828,5
983132,511241,9
432666,828883,6
48384,205276,2
80313,821012,3
757363,8609,8
707157,189128,8
680946,675023,7
127441,915777,3
464064,524562,1
320625,760533,6
294147,739293,6
312291,675442,6
165789,427107,4
397577,92002,0
290437,384309,4
82044,925550,3
721616,213077,8
186101,803504,3
504920,205865,0
980372,124577,8
776937,996788,5
17328,239384,2
332762,745003,6
267561,910812,6
19009,497406,4
906774,166610,8
230936,355255,4
779472,588468,9
394199,317563,0
290800,475775,4
362539,193552,0
44196,805903,3
813759,851464,5
564542,260234,0
763298,762542,5
44144,930766,3
389826,819942,6
765440,760514,5
966042,280601,8
70368,685962,3
964895,1139,8
146132,46477,2
147215,254032,2
524450,432983,1
161411,846487,3
913975,182299,8
909292,474804,9
46046,897454,3
512430,424367,1
349529,550215,1
478212,309860,0
823446,666155,5
77972,484115,4
526598,538193,1
414083,500447,1
18624,25006,2
287518,320761,2
30486,382682,4
751338,737903,5
952214,869233,5
200549,641193,4
542255,683283,7
943362,87182,8
283571,981982,6
172243,900475,3
299713,279151,2
697794,836100,7
339123,647658,6
193305,887822,3
638140,228485,0
149953,269467,2
948273,637831,5
40760,64007,2
770440,791028,5
808978,506184,9
446060,935134,6
809826,753518,5
387116,265002,0
893533,617219,9
601806,554563,1
553467,135407,0
786284,90982,8
141422,887534,3
789736,94881,8
675275,347341,9
775765,297738,8
89194,87366,2
364210,280764,0
805982,141354,8
738005,650951,9
540762,602548,1
28278,269437,2
431553,118445,0
710573,606347,9
879124,448669,9
782282,820982,5
259457,706066,6
852164,326385,9
562070,710548,7
196002,221354,2
306021,297215,2
301958,10359,2
109793,296194,2
136531,678842,3
313124,676199,6
877292,655694,5
250228,591121,4
977002,486192,9
430209,531175,1
471716,133042,0
41837,161437,2
279457,847490,6
779934,351890,9
223913,306152,2
499712,666297,1
460131,429919,1
652146,630747,7
974738,421745,9
270729,152068,2
810341,405655,9
858824,260347,8
659526,658617,7
390842,895279,6
965477,784319,5
64369,856170,3
654323,218280,0
638217,520501,1
65709,374082,4
205302,517220,4
918035,424475,9
152224,438185,4
585705,946647,7
297843,849297,6
146692,467539,4
943533,961072,5
748604,789923,7
252586,226657,2
426687,344493,1
895017,552102,9
178670,911525,3
1627,348707,4
724558,661643,7
239147,350197,4
768439,165283,8
911430,418744,9
831055,548144,9
672461,65380,8
854762,994810,5
776296,213350,8
780540,535883,9
586894,931210,7
856026,239074,8
130708,813366,3
255189,965174,6
693344,48560,8
150135,330008,4
458016,877102,6
468099,356033,1
855049,823421,5
250833,762169,6
776482,340047,9
179205,906942,3
983798,704694,5
802638,939609,5
16014,161869,2
544660,113148,0
689317,352054,9
984868,680902,5
922855,425236,9
955076,975835,5
863676,810105,5
443603,642803,1
599618,782140,7
441281,616519,1
840588,775751,5
54643,393956,4
230453,232462,2
997603,714695,5
888529,521034,9
25289,44722,2
644519,436345,1
654821,587228,1
546599,692868,7
35328,765762,3
175141,595542,4
289130,412239,4
502562,564201,1
536599,627309,1
189077,819114,3
865331,624967,9
821899,668647,5
957923,814533,5
856777,853233,5
292285,447019,4
63966,92841,2
380868,255788,0
36412,991412,3
667741,733999,7
325196,583595,1
488764,667166,1
67141,453105,4
335806,898567,6
222368,343760,4
589718,397795,1
753452,271553,8
218,666513,3
86064,492552,4
331103,860917,6
437529,555893,1
900287,138799,8
797276,820266,5
220819,307277,2
411484,813708,6
5974,405751,4
461672,330896,0
385117,664285,6
653832,955598,7
749923,957199,5
647581,895951,7
263295,210696,2
172066,923309,3
62027,503377,4
270310,113454,2
826725,781561,5
697279,176449,8
591138,271203,0
123186,389876,4
648284,724937,7
27815,496005,4
365009,710649,6
888142,6528,8
732732,42238,8
906359,176035,8
626265,636628,7
812437,629874,9
297298,690003,6
894775,491711,9
190341,69922,2
185334,911032,3
728059,491349,9
114253,261181,2
681789,835962,7
22854,118492,2
508964,170729,0
444857,724577,6
966472,504457,9
421891,732427,6
916412,152779,8
759500,932912,5
463855,26065,0
87796,603038,4
264076,325429,4
490573,73370,0
133243,423548,4
587391,294335,0
900293,241081,8
864629,826222,5
319393,42303,2
989090,639798,5
88958,130479,2
963129,319547,9
637683,550394,1
476744,645707,1
401749,208499,0
255176,755091,6
824497,334896,9
604644,259054,0
936577,58469,8
702505,2611,8
893644,477155,9
557158,159383,0
757319,269378,8
436915,244025,0
341386,678381,6
556456,363597,1
976096,261845,8
837832,455306,9
340140,738492,6
838163,10166,8
863728,683183,5
273097,950126,6
773734,164077,8
652271,725725,7
272943,365600,4
655343,351713,9
243255,402613,4
723965,680854,7
123297,261724,2
804150,361057,9
297167,501711,4
271521,465598,4
320205,686505,6
102040,1116,2
758899,819795,5
307084,162805,2
267077,770362,6
487890,978026,7
686407,447194,9
993502,791547,5
542651,338569,0
337652,918201,6
220304,659358,3
838643,89632,8
452402,525893,1
691637,347229,9
881189,156135,8
175218,898030,3
202446,516774,4
433467,286153,0
381265,933473,6
891852,364863,9
261152,191209,2
652788,414443,9
552273,60222,0
152052,547179,4
447529,629865,1
149661,361168,4
155977,515622,4
69174,623831,4
735693,807013,7
480659,444560,1
731063,990739,7
351500,667669,6
522571,854045,7
946983,952144,5
692021,812608,7
511050,224011,0
966500,978391,5
824190,168318,8
933801,405607,9
51988,766692,3
795650,499217,9
350803,954842,6
41902,262928,2
39298,496141,4
658151,545651,1
758756,412482,9
598829,521751,1
72999,895807,3
831767,524524,9
688145,665722,7
805639,387532,9
260766,707758,6
302174,653878,6
737836,820310,7
953547,269616,8
448563,15009,0
273042,21652,2
919776,682284,5
152520,417282,4
268832,274600,2
218522,701903,3
886238,17152,8
282081,937983,6
695537,894112,7
351414,225027,0
30544,369400,4
509515,434505,1
726246,31457,8
698925,838227,7
90299,656945,3
284910,495104,4
222096,768958,3
885650,129575,8
781288,108898,8
254319,347684,4
541060,609374,1
749789,707047,7
349649,565372,1
222516,835035,3
435364,172746,0
346145,673032,6
650491,814657,7
945008,765865,5
904353,475219,9
18253,782937,3
825366,939543,5
903418,749907,5
692057,410394,9
498846,114126,0
122227,272752,2
145801,483149,4
299740,744382,6
830073,38872,8
337565,463319,1
3177,407989,4
72370,324033,4
34459,166962,2
135095,541866,4
145298,37440,2
268732,595015,4
419959,266128,0
816027,971400,5
326940,881076,6
254108,809641,6
647788,378185,9
160600,220332,2
127164,246854,2
886556,346737,9
621975,539081,1
345074,661911,6
740201,573687,9
967708,277254,8
808407,912229,5
848464,150921,8
545608,35536,0
268556,622215,4
580360,118124,0
315317,532872,1
993768,265875,8
564594,145663,0
159422,415063,4
968169,19403,8
118412,165552,2
446318,280092,0
512132,404636,1
722206,119429,8
246048,329758,4
247805,860895,6
73814,600265,4
654149,291218,0
505451,130000,0
916369,427290,9
469615,830755,6
513926,568692,1
9142,661204,3
862551,907201,5
328505,197791,2
274385,597895,4
821890,507690,9
751772,35476,8
258163,962228,6
177659,927442,3
532199,682958,7
486770,152062,0
719304,358104,9
657716,242012,0
511020,725362,7
167867,340893,4
389685,436554,1
168204,4930,2
865417,75490,8
772478,47852,8
256073,828780,6
314452,8313,2
721180,884284,7
175914,600878,4
972434,711106,5
562233,463928,1
242174,218545,2
91632,73475,2
895381,682700,5
148105,206138,2
574866,777720,7
148148,932684,3
622352,886595,7
15845,313634,4
260497,179452,2
64106,436877,4
606106,827812,7
44174,442853,4
38842,831778,3
702222,253625,8
684563,456885,9
867658,729092,5
855769,925571,5
78773,940038,3
234979,302275,2
337800,408333,1
861433,115931,8
468418,707094,6
134634,805523,3
436332,443267,1
989277,779134,5
921152,804133,5
79997,512120,4
203381,227984,2
728568,57905,8
220248,712328,3
108589,67620,2
493188,26330,0
535295,713444,7
856125,894547,5
661345,229144,0
224344,555068,4
35232,161004,2
9371,502253,4
372830,154043,0
16201,300869,4
720729,295774,8
84228,635636,3
135320,335573,4
983496,627689,5
581780,989074,7
382185,391124,1
625693,35387,0
753161,377106,9
29806,965724,3
925212,50386,8
854117,145873,8
699758,848907,7
591717,993080,7
705928,543080,9
548909,523414,1
34276,83044,2
721979,309497,9
730015,369676,9
153033,40352,2
209195,951779,3
557925,45782,0
460857,634163,1
390532,680045,6
524206,332584,0
751909,350477,9
478207,238507,0
593432,812433,7
564719,245211,0
275696,632427,6
204459,355115,4
423492,636566,1
768454,409700,9
836554,972956,5
474675,868969,6
767850,268745,8
799870,421564,9
235436,983230,6
153839,583642,4
273905,538073,4
393064,234339,0
545063,884139,7
738266,52157,8
605151,789116,7
681866,121999,8
443740,940641,6
357292,15947,0
37314,142958,2
695613,169161,8
93245,177303,2
934087,209417,8
683274,802244,7
329324,964006,6
61453,846185,3
847387,38238,8
669441,304301,0
388493,413164,1
51053,57149,2
518097,671399,1
204299,655409,3
463472,580675,1
405447,351155,1
865230,932593,5
90591,573776,4
453396,227115,0
122325,925423,3
585910,392221,1
72148,603604,4
784572,309345,9
163232,447450,4
297934,391186,4
669410,783276,7
523323,500049,1
335821,143853,2
748186,770163,7
143503,855783,3
153310,696870,3
299309,495168,4
296116,831163,6
359620,145829,0
962045,96997,8
234047,631645,4
66130,450176,4
123385,735202,3
555062,930672,7
816155,122266,8
936490,602538,9
859314,500129,9
668252,320747,9
798684,496473,9
232905,438296,4
452176,736052,6
833106,26009,8
141307,949091,3
378831,13075,0
751950,25212,8
745536,240149,8
197255,274272,2
693050,102709,8
239531,813463,6
883097,219721,8
867177,651950,5
333819,497642,1
879322,774805,5
158403,282467,2
437674,987061,6
535721,864875,7
956956,569361,9
264541,152769,2
589402,90625,0
137783,724098,3
924659,744082,5
796387,879672,5
662489,457969,9
99091,428118,4
386559,904085,6
965117,737080,5
103915,513843,4
163639,293112,2
348921,321667,0
270602,23702,2
371931,49495,0
872748,275667,8
146722,969327,3
488819,596305,1
101812,161350,2
820818,492225,9
838009,433553,9
730040,787800,7
559365,254691,0
592493,41438,0
452454,404403,1
808356,44645,8
358498,278535,0
343883,656200,6
766914,538329,9
711036,394351,9
869030,793574,5
611259,433397,1
107854,709571,3
774190,821240,5
593434,860854,7
389015,175340,0
944062,863325,5
904945,420155,9
559495,443429,1
713401,137053,8
465648,155552,0
372323,636105,1
22946,669984,3
428548,614195,1
788360,968954,5
216611,582131,4
884498,772624,5
501411,221118,0
341683,672160,6
4474,207135,2
324423,585788,1
344812,260619,0
228897,75460,2
268969,564252,4
387670,572543,1
734233,269060,8
105796,122725,2
641645,133418,0
366279,58809,0
406691,267197,0
787883,956607,5
696008,810665,7
849490,387349,9
187938,683689,3
762548,145832,8
1247,969778,3
61106,10156,2
697222,216741,8
769867,168569,8
150759,807388,3
778061,878874,5
241909,774239,6
648644,768397,7
455517,880961,6
327679,309241,0
420151,482812,1
636180,292454,0
283061,412256,4
793444,429173,9
119609,276762,2
548990,875193,7
372582,989898,6
231415,399510,4
579637,962833,7
345796,794865,6
300875,814105,6
673124,211328,8
790360,581230,9
737625,272812,8
162626,267198,2
810016,945471,5
547859,873238,7
515237,603928,1
230113,513108,4
812783,457341,9
545122,879278,7
31104,780084,3
886726,208887,8
780325,939040,5
450219,837236,6
428397,72104,0
867855,48646,8
608610,922980,7
532228,163787,0
773860,276242,8
807459,978869,5
853246,522099,9
922630,658647,5
895314,558027,9
773335,454523,9
174958,527402,4
56195,480200,4
725944,955187,7
842620,914593,5
569582,966320,7
948107,839537,5
99223,647872,3
791721,463593,9
608784,844791,7
403138,543117,1
168961,736218,3
621532,98395,0
739130,569993,9
886779,105735,8
90082,19726,2
544786,233272,0
618436,55810,0
12355,661680,3
871635,576546,9
12552,975694,3
495722,605387,1
741714,238,8
11499,271766,2
575154,628918,1
240742,158462,2
282576,257007,2
524368,60129,0
591842,94499,0
259734,350116,4
402581,190496,0
670601,797720,7
292782,790946,6
446040,594992,1
46015,390610,4
993732,668097,5
708336,11153,8
462346,653469,1
865517,751617,5
431338,506075,1
602926,391413,1
489633,271500,0
104404,719744,3
745281,939802,7
260342,573491,4
663712,21535,8
954379,255236,8
765984,902903,5
96337,148934,2
139275,799879,3
576323,263659,0
322871,501548,1
522994,972856,7
798314,263975,8
641468,162387,0
254220,677608,6
560911,234065,0
939487,973489,5
429920,667674,1
601719,95697,0
383606,280928,0
567093,146859,0
273254,582893,4
691052,527648,9
180700,26089,2
486346,33361,0
709503,624747,9
129371,350974,4
833279,930390,5
77562,595368,4
360088,413,0
943914,376378,9
799696,494948,9
600324,662232,7
147557,4582,2
18892,533151,4
684244,98451,8
679476,966777,7
621846,377735,1
606424,184923,0
2469,507869,4
760893,341951,9
170468,58201,2
188936,450198,4
481465,983623,7
765368,550158,9
515568,161918,0
368816,699929,6
707770,504196,9
38803,178018,2
956165,274246,8
263093,811242,6
549946,951166,7
249375,258902,2
377096,861000,6
827171,274018,8
425691,597573,1
415183,994431,6
415829,847539,6
602008,949619,7
251351,457359,4
837562,920270,5
979574,700914,5
267319,837844,6
649455,398050,9
39719,571985,4
367024,584263,1
718978,870128,7
256065,700404,6
700113,814213,7
483066,903289,7
588381,928039,7
554483,212161,0
794661,879351,5
255422,893973,6
5303,142275,2
223110,819353,3
874756,39219,8
161644,755281,3
15347,948811,3
672529,211090,8
803106,813531,5
27758,542002,4
434785,444295,1
271661,811357,6
483756,491700,1
12831,661349,3
301021,267390,2
34347,278044,2
95313,930538,3
560008,66389,0
812235,235757,8
383949,40690,0
881513,594492,9
627292,901896,7
171516,683638,3
917026,460890,9
180264,702775,3
552612,754461,7
232109,67054,2
982663,621556,9
503817,659632,1
436894,880913,6
514167,613852,1
24935,94850,2
145688,579831,4
230428,819261,6
328540,776104,6
996164,541967,9
856088,277164,8
302927,303302,2
608687,211545,0
439819,46454,0
766181,205278,8
123733,592661,4
855691,599541,9
499790,974694,7
684477,16473,8
863901,591963,9
133589,246594,2
516366,566603,1
899298,515966,9
849073,384979,9
355820,267841,0
609764,307010,0
932852,445981,9
615953,326408,0
942830,155479,8
150533,8922,2
964888,880589,5
69581,457699,4
559233,40274,0
896103,804760,5
608177,643948,7
839299,99800,8
338913,115578,2
531827,427889,1
540352,710404,7
774367,798947,5
907227,773395,5
463358,658925,1
564644,975500,7
242637,2980,2
100307,862353,3
579898,353254,1
151113,757299,3
934581,513414,9
959552,206042,8
961499,920383,5
889004,501238,9
320196,545130,1
3435,746576,3
702916,912419,7
28342,348857,4
254831,960087,6
195418,396498,4
949062,889182,5
482897,60572,0
38358,696095,3
277616,897886,6
782126,192715,8
976367,815555,5
47561,367183,4
250198,93442,2
489054,543753,1
868320,862548,5
857057,565897,9
34491,702990,3
158204,950383,3
92834,265531,2
783404,680779,5
864418,276963,8
932470,28687,8
154262,697631,3
97959,397025,4
814029,399500,9
409374,358252,1
152011,861245,3
949625,357007,9
217499,509412,4
697051,337279,9
649929,369638,9
511522,150934,0
752145,317765,9
693008,399197,9
307755,451051,4
822738,772750,5
625918,811399,7
184419,543721,4
334906,773060,6
820718,807505,5
750658,320686,9
785342,246740,8
966998,336515,9
815811,338525,9
590288,980198,7
201272,782310,3
296841,20052,2
20866,697485,3
639954,718517,7
117304,528517,4
801422,503480,9
990531,856212,5
365333,163257,0
870528,967686,5
903693,378242,9
114596,19018,2
637913,404685,1
548960,376755,1
125468,753744,3
180463,52461,2
725937,832360,7
488572,444666,1
514411,717296,7
602637,521330,1
996356,770079,5
721412,781988,7
888241,674649,5
828435,516216,9
54127,717784,3
806198,773172,5
717055,545110,9
675831,706302,7
819734,276546,8
924551,936277,5
14241,361904,4
527166,86567,0
935600,639263,5
104474,906597,3
187777,975702,3
635548,659510,7
386401,243495,0
430963,196589,0
74268,225950,2
550329,381741,1
930692,149910,8
551242,725455,7
737414,718154,7
14629,885911,3
506598,393911,1
475021,678999,1
949483,969361,5
63705,704533,3
90754,306791,4
238242,139257,2
500294,441330,1
447531,654471,1
704467,984301,7
151992,535817,4
476856,532104,1
86363,514913,4
155124,175092,2
776137,545787,9
46215,751050,3
899979,947709,5
150080,410950,4
844016,388512,9
724458,966576,7
258840,327095,4
488267,305935,0
855019,307585,9
595217,815383,7
146287,651429,3
579234,196287,0
10309,278585,2
193866,317682,4
282931,235907,2
896855,456782,9
149574,896150,3
597415,755360,7
350980,924660,6
765605,525304,9
794308,950352,5
567872,236853,0
800813,264530,8
969201,370581,9
367793,498939,1
668545,236943,0
312609,24453,2
982474,440615,9
416742,188084,0
135925,497706,4
961435,847083,5
928276,542958,9
499754,378958,1
159582,94952,2
874509,882619,5
179285,257453,2
12982,203487,2
10752,721330,3
394248,133799,0
761338,821643,5
360747,87044,0
954615,230061,8
651675,711518,7
490738,842402,7
254990,631384,4
673267,605070,9
412090,2655,0
632375,328978,0
143520,145335,2
656858,826975,7
978240,284650,8
129133,340829,4
317550,74956,2
795116,523358,9
81564,856555,3
130503,370288,4
441438,248965,0
364857,159503,0
778416,850863,5
466530,971393,6
218310,136577,2
452236,745810,6
838533,224679,8
181327,578062,4
493051,709459,7
877720,847493,5
822971,678187,5
297579,423227,4
186750,722863,3
158476,506997,4
103082,506982,4
852662,692375,5
749167,264103,8
795872,227019,8
509287,592673,1
62189,224082,2
146216,458424,4
748036,254604,8
136100,437518,4
369257,118654,0
218680,367580,4
919956,701102,5
434314,524580,1
632318,384484,1
31709,939447,3
300288,943997,6
764675,893321,5
56236,171276,2
644175,660743,7
107918,794424,3
884694,52976,8
381471,391468,1
416627,264816,0
776791,534620,9
360716,560627,1
459909,704880,6
926502,721595,5
857947,527426,9
456404,796534,6
359700,488333,1
428072,611545,1
243076,392482,4
449116,295463,0
861457,523474,9
35660,343037,4
422954,593877,1
298042,197567,2
511678,780876,7
184322,907815,3
648739,370588,9
476892,135705,0
806736,819782,5
87898,315510,4
784424,814768,5
808639,807053,5
154885,161933,2
618360,782304,7
183469,563653,4
322168,691674,6
973753,875743,5
628993,494229,1
513687,542189,1
579436,590646,1
1329,351664,4
425282,730685,6
633715,862316,7
955479,742365,5
936087,815174,5
633311,73692,0
551892,663472,1
977056,382373,9
559254,385409,1
581022,243863,0
620345,146350,0
720456,720330,7
594062,407779,1
553845,486004,1
282944,451203,4
369869,403591,1
156053,790084,3
945671,905708,5
240476,689488,6
232479,283954,2
419288,976058,6
612061,912972,7
323431,912937,6
738606,751718,7
130905,120610,2
99089,395412,4
690142,229444,8
266216,302794,2
73476,914392,3
187987,513432,4
267309,666485,6
629584,419521,1
895081,633322,9
255640,542391,4
976002,675323,5
155109,922417,3
78647,827960,3
526706,360790,1
802648,112274,8
2696,326488,4
283871,23940,2
366885,250377,0
98251,318207,4
117525,248070,2
319077,733301,6
593578,280697,0
689268,540515,9
437002,698227,6
114725,192087,2
420168,778446,6
344590,527895,1
333144,161882,2
757749,492506,9
555424,19196,0
638441,282668,0
806620,874882,5
158318,859313,3
474740,959667,6
137082,937656,3
199555,929304,3
825561,215035,8
98511,689352,3
945270,154596,8
297508,226904,2
583530,404522,1
816610,772620,5
439778,361037,1
949771,802371,5
462480,903543,6
848070,526143,9
885616,554063,9
150036,671530,3
416868,308881,0
377294,183520,0
432834,645844,1
707546,740104,7
939596,798308,5
175216,871413,3
842428,703073,5
564368,344779,0
701073,934733,7
72950,77787,2
370613,900643,6
117706,301301,2
972525,237201,8
641695,968124,7
265998,633237,6
819211,491369,9
441982,406060,1
654656,810236,7
650921,34420,0
502268,630748,1
981852,989594,5
115967,65038,2
95760,439556,4
622380,348375,1
139959,294460,2
994231,44761,8
312977,210368,2
660995,353646,9
729113,215931,8
163043,280095,2
560459,650478,1
585070,283993,0
83739,402733,4
748310,850522,7
729120,328897,9
779478,687315,5
716464,612782,9
41966,325984,4
817062,367055,9
105570,319508,4
985034,482703,9
793321,352556,9
409054,982992,6
157585,547487,4
617918,359611,1
982900,608371,9
905399,55600,8
483297,773789,7
75356,517709,4
142626,118354,2
184423,606121,4
85691,214293,2
638219,560689,1
512251,407412,1
373729,276984,0
273457,998579,6
122545,625229,4
233725,229815,2
500913,856350,7
674480,993035,7
954025,313159,9
278790,629290,6
487476,17135,0
4565,739554,3
686417,619084,9
957943,151239,8
875498,505404,9
338261,159107,2
126081,46319,2
498717,945760,7
394182,17790,0
998900,525119,9
686535,610058,9
250482,855968,6
258509,761231,6
22548,980160,3
557999,296889,0
828594,189759,8
283321,785083,6
901814,790843,5
707819,315321,9
615167,113610,0
455838,270732,0
193164,515266,4
89202,230667,2
821111,414213,9
689897,109471,8
880706,37874,8
553728,519739,1
255202,192476,2
945325,93932,8
725917,488884,9
689664,193891,8
736071,161548,8
140826,874258,3
660527,488716,9
854288,26314,8
261920,98504,2
562220,245439,0
101742,984765,3
955899,810508,5
211777,338149,4
281804,288377,2
753290,550223,9
601289,873116,7
472743,398130,1
375548,836279,6
350232,364730,1
29361,480928,4
972295,366873,9
48551,1771,2
768158,447923,9
246552,799580,6
546738,30260,0
584984,828868,7
788940,727599,5
763882,569139,9
523443,511583,1
178129,823764,3
5093,605523,4
33573,263042,2
962840,459098,9
67424,199124,2
692065,544420,9
83468,855268,3
505736,911692,7
821867,122202,8
858017,695332,5
445916,511949,1
342937,744871,6
50570,938489,3
188180,757236,3
865898,159981,8
808412,989178,5
127998,262449,2
993705,203015,8
75276,164882,2
178256,960386,3
215869,125298,2
895538,317158,9
477585,780458,6
171723,155807,2
656736,762081,7
311292,887653,6
795626,98444,8
563748,917503,7
485947,318235,0
577285,435434,1
353729,135301,0
4940,38098,2
325248,448307,1
704363,232399,8
944267,306864,8
479426,717079,6
948340,765752,5
3712,391831,4
510152,139749,0
768994,482184,9
71325,774551,3
880603,305922,8
635826,328753,0
356958,401138,1
934269,261498,8
668,232162,2
955871,334649,9
451182,23349,0
436483,974807,6
596843,143468,0
268774,293049,2
275284,704814,6
821293,481305,9
296768,790396,6
198206,256078,2
907177,928476,5
906825,19552,8
613702,490084,1
846799,160303,8
223203,380972,4
4238,235973,2
998417,400464,9
598673,902218,7
586080,260836,0
880712,133559,8
734726,550408,9
711715,804720,7
940338,261410,8
525945,566742,1
245010,890290,6
120636,543869,4
819450,496208,9
775091,961085,5
972313,666060,5
475116,282028,0
45402,73875,2
618326,221168,0
187134,173262,2
25010,346286,4
38012,870850,3
386523,300523,0
902434,210237,8
464392,37261,0
250149,259355,2
980821,662146,5
689160,726988,7
500733,832968,7
706156,367834,9
197512,599976,4
812397,964734,5
295297,60486,2
596013,202505,0
505973,889124,7
509641,547389,1
982911,800290,5
475040,9311,0
501832,291985,0
392523,145788,0
263213,824818,6
723617,844065,7
213967,146511,2
415514,546904,1
820392,332608,9
148652,395572,4
378805,589644,1
162998,510465,4
397449,934304,6
848397,19401,8
75273,129264,2
549782,200565,0
899119,501601,9
412281,217109,0
964259,302515,8
384354,837852,6
792826,38791,8
973617,583752,9
130046,697597,3
529302,992877,7
286924,339565,4
74671,2733,2
937242,229782,8
952073,505880,9
340050,235234,0
585967,362300,1
180989,883290,3
468424,808422,6
154377,627630,4
579590,180689,0
853862,865781,5
182641,654700,3
548920,713517,7
87150,736320,3
333683,225694,2
248651,83404,2
777006,150050,8
899638,217241,8
181602,194039,2
217422,217279,2
808228,898584,5
513149,498741,1
349859,84797,0
187391,481162,4
895888,206203,8
664727,72408,8
967290,256805,8
123998,48087,2
213876,619782,4
681492,838677,7
645907,763770,7
685379,167063,8
844162,843276,5
946322,842699,5
248668,369411,4
693936,990944,7
810059,663165,5
826107,392494,9
649635,425133,9
225417,598504,4
65050,296349,2
753066,786788,5
551256,964254,7
218405,747744,3
347455,679858,6
389291,819241,6
995262,370934,9
299124,384750,4
496050,119173,0
954990,528199,9
450541,249264,0
387351,219666,0
937882,986524,5
513466,839628,7
630319,779980,7
127718,564851,4
461741,487289,1
882542,884272,5
962724,511529,9
283458,81512,2
982686,15692,8
746828,943657,7
57537,38989,2
298791,780725,6
652077,461848,1
279927,744454,6
38926,234091,2
380026,104045,0
697901,624950,9
536745,89336,0
478008,896976,6
482482,75279,0
221694,11060,2
899420,557177,9
482675,320272,0
814027,356565,9
793068,107455,8
997388,100180,8
739529,270242,8
965662,889330,5
971823,444881,9
131712,693749,3
848923,860404,5
816885,392244,9
460759,980937,6
611240,122995,0
187638,646888,3
251308,739837,6
453145,24331,0
935479,600588,9
89116,787429,3
332212,503563,1
395020,101521,0
274033,681332,6
147885,507427,4
342340,724872,6
930402,267352,8
386731,789151,6
266112,549422,4
136647,631639,4
964332,538166,9
964959,72936,8
851605,928536,5
906832,128894,8
328140,52040,2
647792,451377,1
301995,641305,6
423197,686058,6
592866,307988,0
364807,319069,0
593037,173339,0
322113,761604,6
286086,250464,2
564616,501269,1
841902,854087,5
654213,364370,9
966962,731779,5
22459,470884,4
153244,588531,4
443903,691860,6
99034,466069,4
235489,875460,6
856301,857188,5
764895,601439,9
397183,461721,1
159380,712294,3
532482,439497,1
629816,331469,0
6182,908779,3
854880,983874,5
973615,550380,9
252918,796504,6
845140,273376,8
644953,741321,7
395518,482858,1
406733,976923,6
160663,269645,2
924571,274822,8
944343,581326,9
355923,998955,6
453123,648227,1
755532,231224,8
198377,125068,2
29554,727486,3
872186,833442,5
672226,105496,8
74709,636755,3
944997,572538,9
657911,512550,1
442694,366638,1
95546,843433,3
587182,770090,7
908141,142076,8
875623,608146,9
121952,663443,3
491625,751064,7
139145,610977,4
693121,300331,8
678024,562287,9
360884,393459,1
877706,607302,9
928253,150849,8
325031,796711,6
329322,923591,6
800315,900302,5
378106,828224,6
964203,365902,9
731095,526524,9
296938,652421,6
251952,566351,4
673920,579525,9
91674,765255,3
652013,392734,9
691916,35020,8
596305,98392,0
679337,621292,7
62118,18727,2
748388,171543,8
123919,706836,3
793895,2085,8
56483,320598,4
296391,445621,4
565661,66217,0
914427,791244,5
446143,325544,0
418654,328243,0
793603,94099,8
525698,422601,1
670810,316135,9
289282,963987,6
740697,901476,7
118862,721231,3
736983,481008,9
311942,821608,6
767156,603502,9
68954,910806,3
920554,752031,5
391821,347951,1
19090,848691,3
958200,470330,9
845414,880932,5
834665,217815,8
818484,276402,8
496827,177470,0
754507,8282,8
195655,384886,4
789740,161820,8
717977,39662,8
610344,55919,0
847114,459968,9
694133,302923,8
234321,234622,2
306235,897556,6
236024,859912,6
554031,610119,1
274140,472506,4
412230,363886,1
846133,965895,5
805621,86397,8
81292,281776,2
821048,368884,9
845224,684612,5
275836,981809,6
270006,5574,2
689294,968030,7
688679,638952,7
878181,602431,9
65722,590606,4
329749,94063,2
932585,962865,5
877073,974537,5
56962,361010,4
511502,817773,7
320042,954805,6
415542,30667,0
434152,808783,6
230606,804050,6
684031,511462,9
148877,179903,2
634733,964717,7
13187,649375,3
46569,699849,3
378133,286293,0
739405,189805,8
64667,860162,3
759155,126764,8
524966,105688,0
314426,572619,1
12514,335998,4
123070,448772,4
514531,737321,7
163445,33015,2
888656,657891,5
182199,232656,2
265988,473477,4
738342,319927,9
16839,28442,2
40785,488486,4
985455,556887,9
616183,202840,0
135449,493984,4
395475,752681,6
325713,267179,2
479305,684696,1
689364,153263,8
902853,264551,8
312810,405632,4
463858,74331,0
281336,421060,4
759439,900982,5
811875,197518,8
691952,644483,7
838481,351647,9
141060,804371,3
70835,524125,4
980485,20554,8
463804,164116,0
305037,766483,6
290446,538504,4
639546,861608,7
46515,793188,3
119990,676533,3
497572,703653,7
299808,882508,6
318300,676037,6
157050,540517,4
485971,730168,7
937226,965963,5
944773,806075,5
702753,184428,8
690755,535332,9
330248,480746,1
905595,336892,9
147891,616778,4
188316,42434,2
190045,91193,2
684482,96529,8
363936,678804,6
665789,922666,7
249883,785982,6
6487,38901,2
822706,227730,8
465889,212366,0
247882,166075,2
236129,633031,4
360700,285099,0
672078,619512,7
148607,651002,3
399793,321712,0
24047,166567,2
496299,297695,0
374693,476535,1
131925,275620,2
353809,481397,1
846812,375489,9
854688,749306,5
589615,671165,7
281245,892186,6
984063,156896,8
967254,650457,5
233862,525750,4
294905,478063,4
818531,57035,8
601967,274727,0
353266,343610,1
60736,803086,3
472059,902524,6
726189,70879,8
276959,863402,6
207707,937294,3
110217,427088,4
82206,645291,3
418374,618593,1
693445,746177,7
11761,680446,3
258131,418569,4
905206,803736,5
400785,6811,0
486892,197797,0
381747,33272,0
215700,270200,2
252735,717594,6
616209,628414,1
765755,44589,8
413698,36750,0
669388,412275,9
106014,785356,3
484967,845731,7
206917,667176,3
240464,488961,4
971271,164388,8
885608,413901,9
439789,535815,1
451655,980427,6
37226,661488,3
644619,126512,0
292473,601398,4
711789,39925,8
23289,426991,4
441666,88754,0
697551,753889,7
623441,178417,0
660444,95090,8
183429,897801,3
350229,302072,0
937829,104719,8
19339,32371,2
61305,362573,4
777235,898,8
95227,481947,4
99263,321699,4
800667,815018,5
9192,505630,4
132203,943439,3
384489,118871,0
875794,476761,9
930516,193398,8
441779,992127,6
687628,968247,7
335525,170555,2
534559,345753,1
82571,783700,3
662522,7318,8
999516,876893,5
956619,902013,5
148324,892781,3
976122,687161,5
127391,70936,2
222909,441242,4
956185,602789,9
87901,367062,4
223834,987025,6
937058,144846,8
439045,44820,0
300250,307729,2
5574,691837,3
717811,260409,8
700245,27534,8
764167,355222,9
221639,101081,2
869255,570760,9
773186,940810,5
210473,431993,4
513573,635052,1
319684,930129,6
678532,98484,8
231799,851561,6
200644,234845,2
55903,572620,4
35125,348668,4
66846,489003,4
679080,310410,9
75342,273182,2
375973,985667,6
119701,826555,3
924873,352304,9
189005,623785,4
967410,268502,8
728600,595710,9
102436,643253,3
169705,233873,2
711595,791222,7
82044,924564,3
147855,6806,2
396184,674832,6
916063,278243,8
443418,533230,1
5633,675526,3
570865,537750,1
976676,8837,8
525337,345989,1
49038,187034,2
484653,563378,1
697575,144198,8
544473,971440,7
1173,729987,3
897010,59856,8
12524,493128,4
7243,736825,3
833230,105147,8
207029,547775,4
455577,891831,6
11471,803866,3
588490,764731,7
842605,669174,5
807621,694627,5
597270,324506,0
977058,422797,9
951929,86898,8
508953,986645,7
544542,131793,0
56719,286266,2
282869,196009,2
339407,422017,1
847895,580548,9
271368,890159,6
917185,131920,8
185828,220766,2
421535,753848,6
936974,735943,5
6424,974719,3
103501,549650,4
972851,720026,5
491481,321430,0
285118,983544,6
428867,973615,6
550302,937540,7
240450,258639,2
945704,455362,9
270875,606871,4
689894,59804,8
141903,966499,3
959991,578850,9
740206,647341,9
869832,278941,8
164799,784701,3
473367,887805,6
341458,894012,6
663399,760267,7
807837,332996,9
673449,660320,7
2287,452728,4
12225,470352,4
211719,375568,4
186165,878589,3
456264,442159,1
373044,761679,6
543486,374583,1
626890,148764,0
291799,274881,2
936343,127511,8
86116,361827,4
233232,944053,6
707682,12952,8
697113,384322,9
301378,272062,2
560771,883024,7
987929,134701,8
930290,389555,9
262146,892986,6
422659,640615,1
821153,122781,8
595084,592921,1
229050,652480,6
242622,751112,6
951209,971874,5
301352,838020,6
606578,767460,7
710263,396481,9
672775,342185,9
103813,793615,3
289343,998899,6
508574,615651,1
260407,664103,6
586028,378789,1
308913,902537,6
947558,617217,9
573498,782384,7
529017,197879,0
767187,115605,8
981045,433853,9
774636,310676,9
548260,618324,1
174109,250414,2
718460,161766,8
816887,436424,9
991573,372980,9
691235,594050,9
212245,213746,2
442635,368048,1
794543,893558,5
40899,399967,4
248680,578359,4
489804,141836,0
851281,482870,9
598464,389657,1
979846,280576,8
656353,336969,9
443351,409160,1
759273,105520,8
487017,310510,0
744581,178788,8
901512,720405,5
847165,317652,9
788798,334577,9
243628,663403,6
824505,470003,9
341481,273732,0
613804,219289,0
594938,133821,0
135251,171009,2
160620,555747,4
442150,224147,0
255259,152231,2
555823,730198,7
450245,267976,0
873643,322222,9
595166,959092,7
465348,117523,0
209650,600075,4
466774,80081,0
926329,818623,5
598494,890107,7
32171,707299,3
580389,605198,1
569562,630099,1
84728,34895,2
489555,967353,7
305076,426880,4
580548,271196,0
996328,293868,8
41617,464949,4
403664,386554,1
818825,992453,5
172700,569378,4
547558,822263,7
789063,796695,5
66622,726194,3
152070,849973,3
513015,244175,0
864615,592816,9
467937,624779,1
666205,922476,7
69144,118889,2
180678,662836,3
291448,367937,4
922280,766190,5
357697,822157,6
6310,67010,2
241490,729943,6
168594,574838,4
313976,8049,2
294922,767435,6
296710,808218,6
731945,810564,7
150221,771250,3
404778,108395,0
807193,508337,9
627130,183586,0
546174,553896,1
342655,14621,2
742954,837359,7
507096,771711,7
152641,440986,4
652402,920787,7
676384,990317,7
257843,578790,4
726245,6123,8
911105,943799,5
439822,89398,0
514024,211681,0
737007,886492,7
284746,733351,6
430491,274072,0
344397,292372,0
901535,98817,8
830760,590586,9
981327,163273,8
139246,317642,4
612431,130521,0
677692,982680,7
914810,224739,8
191054,57337,2
669299,914879,7
375622,85876,0
331176,88498,2
402675,761890,6
90780,745521,3
983570,862409,5
509389,307125,0
861598,881567,5
502765,982219,7
166353,895276,3
919842,787477,5
129735,467251,4
88562,467264,4
321060,60337,2
88366,179806,2
4688,800354,3
559102,834498,7
417430,756358,6
113646,58523,2
601183,92210,0
785975,895854,5
620728,585871,1
749465,268221,8
5308,225187,2
734438,702136,7
814254,175332,8
815264,145945,8
908158,414934,9
809069,32099,8
500152,60408,0
284697,914564,6
78633,600870,4
826246,716761,5
610420,338114,0
682946,279903,8
345246,559428,1
317817,554097,1
712799,27724,8
973166,5267,8
538267,662772,1
223007,92175,2
194904,767480,3
39980,951958,3
569394,813592,7
54758,325175,4
231980,890556,6
586856,292664,0
819429,156442,8
325094,867233,6
594135,641982,1
799960,934104,5
491448,779008,7
795635,245478,8
764174,474691,9
145975,416324,4
163518,262639,2
185165,76877,2
80376,891628,3
600630,794264,7
210603,616137,4
421799,190343,0
105250,946909,3
713457,74754,8
402659,496020,1
620579,77121,0
179938,226586,2
246870,154468,2
148301,503364,4
50397,33145,2
72777,171504,2
470675,642273,1
684467,851524,7
573478,454193,1
623409,644298,7
732555,54271,8
146526,664917,3
261599,695194,6
136362,842206,3
967962,549590,9
971577,301562,8
368980,458152,1
175832,221082,2
728847,737197,7
85325,67205,2
518665,205662,0
563184,437829,1
603134,882937,7
522293,184653,0
477208,438000,1
474363,625121,1
424425,323952,0
662528,118851,8
544535,8340,0
179649,367914,4
535689,325607,0
477202,340241,0
435851,359042,1
425627,528389,1
643332,484550,1
845357,916935,5
930686,43464,8
505785,737468,7
636969,550957,1
950736,32085,8
267583,283495,2
716943,667243,7
367407,9689,0
848430,572835,9
638424,4018,0
535211,302991,0
379021,214592,0
651870,983152,7
837702,268423,8
393688,721337,6
525050,524852,1
193088,241298,2
499586,551925,1
211286,96074,2
732506,233888,8
960959,848228,5
178820,435067,4
177573,484401,4
331746,662441,6
658146,463294,9
586611,177677,0
223490,212111,2
965481,845310,5
138352,288446,2
914801,73361,8
987156,139195,8
458447,130973,0
267040,148909,2
729823,137417,8
572681,64707,0
539311,213797,0
289808,807464,6
48249,935738,3
963280,856050,5
640207,968501,7
608550,909050,7
417161,227481,0
273319,682334,6
987993,207704,8
892582,634833,9
653883,814002,7
946064,504542,9
852700,339318,9
925811,111247,8
733077,832398,7
113547,394738,4
377415,223581,0
730380,507154,9
744184,512044,9
935900,683194,5
446639,669040,1
566149,272102,0
232993,926723,6
440263,511832,1
373846,231987,0
18322,941247,3
549549,282833,0
581593,833811,7
870593,60638,8
155807,661486,3
605519,963722,7
288283,185339,2
6671,119830,2
988386,818865,5
676822,363046,9
721172,749694,7
120572,456153,4
566116,712924,7
121106,437663,4
805638,358254,9
177901,988248,3
492031,571643,1
611520,826400,7
320641,21762,2
762440,333738,9
136394,380293,4
585510,682307,7
544097,647436,1
469918,916651,6
161711,886872,3
669521,655531,7
519154,427646,1
454980,853456,6
40576,971433,3
876531,859173,5
126649,597855,4
161501,349126,4
774685,137345,8
358671,186086,0
552943,322633,0
501475,296399,0
581471,798587,7
863399,163417,8
564951,139699,0
925992,152410,8
555256,192891,0
923160,555085,9
319079,773505,6
303196,825237,6
774996,365813,9
230342,366421,4
442776,737724,6
937575,828618,5
586493,196878,0
930076,794301,5
827642,186892,8
101007,625394,4
7015,908119,3
758044,447897,9
810591,618629,9
307870,383311,4
318791,926353,6
215639,247411,2
236891,436063,4
923718,941993,5
84489,18919,2
978174,185953,8
328282,443278,1
177430,79099,2
428703,211955,0
337151,509918,1
202999,814642,3
693461,9816,8
993693,1329,8
346475,215729,0
764357,548678,9
637638,785538,7
551784,848779,7
441657,931921,6
811815,178838,8
733447,55746,8
937309,368026,9
413368,477124,1
39287,303941,4
353149,390148,1
228816,714666,6
399131,200066,0
513282,734672,7
643629,480505,1
860880,818753,5
783749,476699,9
883418,621184,9
250117,732327,6
226167,199749,2
189277,181221,2
789126,848512,5
956122,547865,9
977900,570078,9
313902,758327,6
209374,953982,3
584994,2981,0
110113,679202,3
353367,41869,0
708461,113160,8
881485,130904,8
117949,376241,4
489602,749097,7
88583,820093,3
307625,259472,2
953614,392403,9
122726,665742,3
138268,875066,3
242565,797015,6
442532,638256,1
181070,249641,2
730091,652387,7
670359,730239,7
131217,370922,4
92727,470201,4
672493,597894,9
817405,136537,8
789922,228951,8
982536,498614,9
221094,937960,3
295359,103929,2
740080,526481,9
576161,548284,1
24199,723802,3
942423,314301,9
470699,40290,0
170221,915790,3
684587,864818,7
11789,145301,2
76596,352287,4
888442,46569,8
700616,268836,8
335615,687118,6
400994,522667,1
470535,287897,0
697811,124869,8
688892,217231,8
7223,400581,4
575238,33689,0
221411,268954,2
312055,713985,6
946640,192382,8
377602,364976,1
157012,905008,3
486036,822400,7
87864,733518,3
239884,736193,6
208879,636978,4
692912,783138,7
201419,263676,2
615648,198664,0
962492,615641,9
87898,308177,4
533516,812581,7
53466,604152,4
990127,81128,8
522120,281571,0
376225,222206,0
629028,77145,0
579685,782191,7
299912,627256,6
300486,281724,2
948260,406288,9
495298,480550,1
606287,872309,7
901451,691213,5
233411,950968,6
920500,844556,5
453748,155237,0
77643,954746,3
421586,600035,1
802628,783379,5
258687,768428,6
970727,13555,8
826039,247425,8
487390,566048,1
583266,956765,7
365457,245596,0
735206,608946,9
568344,158798,0
928424,38920,8
136536,761497,3
483704,624006,1
681335,210488,8
678195,429313,9
467277,535534,1
721883,696616,7
28021,958062,3
157896,769765,3
443199,856136,6
80478,604578,4
144783,375528,4
506327,848622,7
799952,798449,5
546966,871958,7
12898,790952,3
544597,50359,0
383838,171721,0
131553,21130,2
141188,954533,3
841984,241108,8
307179,761990,6
777942,872662,5
845296,905948,5
273827,214759,2
457694,464041,1
146157,468569,4
243205,560269,4
443365,635632,1
68248,56729,2
445885,996059,6
766556,508848,9
209824,520500,4
55495,717269,3
140356,978797,3
656790,682736,7
759000,519730,9
103895,172417,2
827631,10932,8
736916,350935,9
176099,702320,3
898657,743790,5
895162,997537,5
607491,106103,0
280498,332476,4
930878,269470,8
987444,984461,5
845398,607917,9
270463,681755,6
267282,224092,2
324571,73078,2
237724,432460,4
368673,298415,0
469016,766686,6
704473,83985,8
548799,680805,7
303587,388407,4
969519,722190,5
855023,373413,9
959553,211748,8
852546,756663,5
244950,888554,6
941443,840655,5
895814,953655,5
94037,485433,4
682877,122595,8
457900,933619,6
346859,664399,6
561039,399191,1
210888,407847,4
695666,60068,8
565821,753549,7
913204,235121,8
683291,79087,8
215504,991068,3
892569,421674,9
90685,147447,2
151071,56064,2
280301,32151,2
366382,794337,6
437363,769815,6
289237,222572,2
771413,142489,8
815914,82529,8
76385,803380,3
420719,35193,0
505045,301195,0
197778,70672,2
800807,170958,8
303406,353349,4
746815,733848,7
792513,771512,5
806054,356624,9
794210,289776,8
274597,166406,2
791771,310398,9
865924,585047,9
888762,425437,9
333963,916648,6
105033,290210,2
575778,111276,0
218821,725219,3
757869,515176,9
576005,925480,7
554485,245806,0
275612,226631,2
992340,260326,8
310845,387080,4
662528,114602,8
119516,714650,3
132627,75304,2
640850,780380,7
853661,482292,9
897609,117414,8
382537,314206,0
870676,454882,9
218152,482819,4
750571,848766,5
210450,42584,2
719386,736640,7
723720,563464,9
145257,346560,4
638946,779593,7
620914,705478,7
974895,60859,8
865193,311554,9
304026,780249,6
648127,81291,0
272972,841037,6
312897,863825,6
321470,946751,6
56616,547200,4
797117,159786,8
528193,345261,1
802938,984557,5
458092,153004,0
547549,669289,7
751456,735068,5
291144,257772,2
375814,315905,0
423259,716627,6
357271,661209,6
955529,576124,9
919733,961358,5
549166,833028,7
711930,420526,9
793073,187080,8
262844,628728,4
45971,644115,3
656424,521255,1
741453,606514,9
697235,443885,9
391093,101835,0
553537,310919,0
630526,254770,0
932587,993826,5
240563,149192,2
476883,988202,6
714043,926275,7
908862,251386,8
60639,164886,2
245320,107693,2
997875,298279,8
177995,578425,4
602901,972217,7
62625,539232,4
886038,640974,5
853343,136068,8
908377,99401,8
642820,883261,7
974658,89368,8
14600,390807,4
294582,45624,2
809025,290793,8
372397,879895,6
402852,734603,6
483464,581867,1
439128,440497,1
434009,404836,1
83600,73285,2
709509,726818,7
645204,955586,7
548300,280701,0
743270,151253,8
113725,384138,4
208663,10473,2
28020,944992,3
489790,908877,7
497479,134849,0
418637,40069,0
440706,950530,6
569191,400153,1
374610,86321,0
811542,591028,9
413575,971481,6
688626,746222,7
757301,970144,5
221123,430136,4
312242,855826,6
870926,659740,5
262512,43064,2
789649,636875,9
974570,609448,9
8089,958011,3
306536,957633,6
940645,436135,9
127625,5330,2
584387,792762,7
964004,20709,8
60460,166079,2
305651,83203,2
402777,474221,1
243448,633964,4
45933,6282,2
589766,198707,0
673001,142200,8
961468,401753,9
274397,803352,6
951904,658608,5
235035,240993,2
374723,977493,6
734206,816688,7
90104,379496,4
205370,654328,3
306350,832947,6
347191,255643,0
603805,153026,0
910286,182694,8
546929,251382,0
987063,578140,9
799686,337802,9
453076,862968,6
911558,571222,9
537390,924302,7
759594,505919,9
980819,628563,5
260511,424551,4
433017,728753,6
152287,499386,4
189012,739099,3
45181,357320,4
479644,388186,1
247087,798629,6
562443,987117,7
476724,310832,0
162870,367973,4
533331,710537,7
998833,389857,9
341139,524442,1
296946,771578,6
914777,657382,5
622178,960715,7
745285,19537,8
367327,680513,6
391256,854150,6
710569,545786,9
39720,574685,4
747561,268099,8
953273,674825,5
796985,930797,5
908441,171473,8
952115,211506,8
787029,611083,9
481862,656425,1
541228,425888,1
911297,172372,8
65875,174936,2
159696,16295,2
875347,966796,5
952072,483168,9
617389,468589,1
583285,271777,0
761430,359814,9
403016,490252,1
675593,704601,7
233278,719255,6
525597,720116,7
992680,979187,5
208784,41298,2
110977,192022,2
319272,15477,2
121943,507088,4
629694,267937,0
226809,987108,6
326497,442989,1
318711,578691,1
66209,788955,3
977424,581617,9
246629,94304,2
974568,574316,9
534958,45720,0
426094,365504,1
32858,252853,2
703911,643764,7
747977,251936,8
303910,817270,6
866256,176800,8
481483,293618,0
845619,321365,9
188643,539425,4
123227,90132,2
860341,755535,5
289719,311805,2
519246,980640,7
629819,373144,1
444904,507120,1
166833,969413,3
931282,62962,8
207535,49865,2
84811,421939,4
537135,631789,1
492007,166065,0
60263,847394,3
153504,957985,3
859486,387636,9
9036,881949,3
930257,837647,5
348864,361270,1
874006,427800,9
38292,583491,4
734116,289678,8
620721,469478,1
519480,905870,7
960546,910833,5
373419,54604,0
738185,679185,7
62515,703049,3
147872,298307,2
652641,950663,7
798877,726768,5
797272,757006,5
877,749458,3
142467,456128,4
158870,144118,2
198166,578048,4
262439,816993,6
211296,262706,2
303553,826803,6
80918,995480,3
38856,61991,2
886260,384177,9
878193,805173,5
552123,546478,1
661416,429349,9
70307,653648,3
867563,147931,8
276431,982328,6
992620,975064,5
910565,878461,5
299051,155462,2
855666,191216,8
778769,778219,5
531144,951395,7
106273,133201,2
724716,315212,9
783906,112714,8
388918,560963,1
118351,131094,2
307633,391025,4
972295,362264,9
572794,950236,7
623231,648020,7
279591,90301,2
695420,924677,7
50868,946144,3
852697,289010,8
400909,80236,0
530029,204595,0
643897,991945,7
635015,706284,7
524445,355800,1
935745,66799,8
706374,31804,8
533796,520799,1
82208,676299,3
571091,326879,0
865268,569972,9
528058,71215,0
920139,790929,5
158460,238967,2
328451,291513,2
461594,12795,0
53913,127132,2
715913,363008,9
81680,797025,3
609695,153873,0
155147,557809,4
105515,401647,4
496317,601726,1
223149,476486,4
313600,684492,6
261321,23603,2
704468,2967,8
869617,654510,5
357421,181966,0
304023,716323,6
247474,297020,2
18694,198242,2
854263,603400,9
354462,453708,1
485042,102231,0
204190,834839,3
143194,670626,3
211759,36388,2
579307,413969,1
580153,643850,1
191942,973849,3
485855,766610,7
421559,146677,0
213175,833880,3
32496,160666,2
321940,860071,6
229585,644525,4
532006,441206,1
351081,627161,1
706811,373462,9
792106,938575,5
635511,40397,0
958132,328878,9
453627,111506,0
88874,714540,3
278036,960261,6
114466,834568,3
599713,380786,1
876038,582052,9
551135,942734,7
533879,915443,7
852979,33504,8
107299,383051,4
954353,826492,5
862874,332142,9
324810,94134,2
117129,601714,4
9403,47954,2
976646,490739,9
855300,29265,8
868955,528684,9
605477,256829,0
532183,401428,1
809455,517412,9
156759,655040,3
257865,953078,6
389425,75051,0
395014,4161,0
943949,951123,5
540244,882994,7
490063,489846,1
853324,820063,5
807105,23307,8
726443,340516,9
59592,568899,4
493927,439828,1
199522,382241,4
334170,403013,1
454290,259457,0
698145,735922,7
653799,408136,9
550104,609306,1
612202,294927,0
849252,392747,9
906256,460424,9
359263,149555,0
575668,256528,0
473022,86728,0
639055,605884,1
95315,963017,3
441829,828476,6
210282,219793,2
64572,275847,2
170088,674576,3
602810,435517,1
749460,189825,8
391284,326675,0
436066,972719,6
500085,929411,7
627395,633848,7
89419,874624,3
815270,252227,8
191321,535210,4
277861,11183,2
965902,926296,5
267552,759755,6
208160,559082,4
500578,226161,0
99681,347117,4
11571,488539,4
886615,343965,9
35402,13630,2
86233,330534,4
300764,951641,6
231067,545989,4
442515,363441,1
363177,924358,6
689359,63612,8
137490,805585,3
475549,556927,1
286379,178252,2
886004,80731,8
852316,884684,5
897333,489478,9
668426,241454,0
122766,335452,4
958337,778092,5
393004,222288,0
999065,293110,8
313757,322385,2
335890,308660,0
648733,265871,0
501287,136494,0
67971,394146,4
413985,858545,6
574512,828858,7
617691,549257,1
363827,845602,6
43521,465627,4
794882,584894,9
320437,590267,1
624615,913405,7
610102,986747,7
273387,829194,6
272392,100408,2
565614,280269,0
495129,637973,1
423944,241261,0
880285,966749,5
162141,111135,2
861009,993474,5
320478,283182,2
454226,186211,0
658182,66879,8
43908,971335,3
238965,286995,2
535849,20202,0
543046,985857,7
300322,520581,4
416603,848618,6
728755,199191,8
805350,531708,9
429340,919234,6
579723,418029,1
824434,270447,8
413154,890393,6
849434,452043,9
501490,558449,1
861232,731590,5
845767,808828,5
975387,334584,9
353307,33966,0
877491,992951,5
541546,767769,7
897056,829431,5
254770,920065,6
533365,272047,0
308981,49304,2
653504,442657,9
742728,34613,8
742753,457315,9
98691,700767,3
792316,459259,9
777969,338981,9
261327,137860,2
24637,85065,2
702893,523409,9
942582,986318,5
50024,764552,3
829061,43849,8
978310,461329,9
572504,89810,0
447585,563567,1
870862,587316,9
34016,712580,3
338022,140635,2
654145,226822,0
212531,9409,2
143084,818460,3
873430,747653,5
815036,317864,9
355994,206110,0
104642,724333,3
869180,315457,9
901194,380762,9
481214,763715,6
773841,960878,5
492286,862411,7
546181,666267,1
962217,995837,5
41548,309354,4
323093,238310,2
292246,778781,6
973001,243616,8
456654,990756,6
644206,180946,0
161621,368979,4
441662,25713,0
160668,353019,4
196628,738319,3
944198,150706,8
928135,165252,8
398952,192838,0
38952,678856,3
540988,398900,1
326248,254285,2
768345,587831,9
681003,632423,7
145065,114841,2
134702,940715,3
597889,728435,7
814962,68619,8
294251,484582,4
370584,417897,1
603858,53817,0
515088,88463,0
801163,162107,8
532532,272332,0
92004,316225,4
801320,801581,5
177734,189664,2
683596,198111,8
662746,786578,7
18957,619718,4
601523,807753,7
911892,173415,8
601521,769983,7
110526,622131,4
155984,635295,4
413493,584813,1
954861,350841,9
585577,803787,7
251449,112080,2
740572,797936,7
918316,145153,8
589125,434005,1
337678,357840,1
224015,32727,2
51154,756426,3
265735,210164,2
238242,143530,2
319926,1836,2
870503,545383,9
256183,670661,6
812127,431654,9
819177,924239,5
687702,221992,8
31496,365145,4
992443,993350,5
249425,95995,2
395840,895051,6
127981,992197,3
862342,395634,9
427570,179407,0
298593,462743,4
338331,341108,1
15148,606920,4
510841,716092,7
362174,72087,0
579359,302700,0
485224,161817,0
666322,890260,7
615217,965049,7
583347,329338,0
199666,795792,3
878042,261509,8
192523,749501,3
864739,683983,5
707240,588843,9
688205,664477,7
868935,205119,8
438702,265993,0
559778,205532,0
379815,551844,1
852769,503733,9
249469,826688,6
158355,474747,4
80248,739783,3
548855,622138,1
274131,329745,4
31437,367204,4
609077,758717,7
771104,945553,5
909992,236037,8
87934,907489,3
171181,45733,2
645968,788124,7
8780,569659,4
266679,83145,2
419425,277292,0
457135,79489,0
973621,660357,5
621917,562491,1
796794,718596,5
459440,812268,6
802520,955953,5
711307,948116,7
999523,994688,5
731868,517718,9
291460,572471,4
530835,755680,7
720245,161140,8
285686,531010,4
692001,462214,9
432737,18131,0
741444,456405,9
802459,933806,5
481562,626222,1
916344,995180,5
5256,349706,4
522843,423980,1
834547,233853,8
383804,594042,1
64335,281088,2
257650,339205,4
26523,783896,3
944697,535683,9
225906,817319,6
684041,691821,7
437205,104553,0
227023,585704,4
927636,792555,5
483970,85522,0
375920,91669,0
689699,786206,7
778954,883542,5
700110,764320,7
929667,919360,5
693790,536900,9
689671,302732,8
32091,364763,4
588211,68229,0
725931,738193,7
825905,1430,8
36024,461895,4
85707,480507,4
896083,475724,9
496488,484992,1
270452,499604,4
856801,265823,8
701401,448395,9
181621,516063,4
471253,353866,1
426556,139335,0
807829,196520,8
917499,414711,9
61287,57642,2
801934,106334,8
168787,804843,3
11445,369362,4
873568,68453,8
504581,497687,1
631514,871624,7
385919,146647,0
696861,154459,8
993785,552813,9
134521,903590,3
649209,260288,0
668817,816167,7
335527,209680,2
91962,616759,4
874581,87120,8
239494,183354,2
644236,679626,7
486406,28899,0
710768,888546,7
802102,941875,5
98658,146707,2
706142,136080,8
100530,615176,4
264690,661300,6
475871,975311,6
54017,877335,3
379938,625605,1
552031,1560,0
233574,694353,6
992915,933750,5
543142,587734,1
60186,551112,4
549654,48470,0
638135,150104,0
799005,882166,5
567202,973949,7
164509,912175,3
940300,637523,5
859625,732878,5
491094,817193,7
570139,335243,0
439680,703920,6
796198,709476,5
176797,432529,4
524753,534328,1
464790,729573,6
949714,859153,5
791328,861322,5
251471,484224,4
362398,831006,6
732089,227292,8
98435,405506,4
354965,901937,6
871217,556512,9
299646,158634,2
169590,310911,4
482435,296743,0
368680,416030,1
218897,3468,2
298655,510029,4
67452,667298,3
282552,854794,6
534360,991410,7
644262,120634,0
509230,633199,1
187052,789607,3
933293,858954,5
446588,819879,6
716135,94644,8
693680,681464,7
368547,170973,0
552065,571954,1
839112,965840,5
873180,542780,9
507600,246409,0
399616,352466,1
902603,63379,8
222748,735494,3
448992,219589,0
646993,12210,0
216018,628218,4
469413,432828,1
541675,939586,7
633266,306340,0
666378,828446,7
707571,153047,8
267912,801923,6
932127,269160,8
785977,918159,5
503424,61040,0
902341,654848,5
38989,302344,4
498881,696893,7
689007,156253,8
151924,397182,4
438673,780594,6
454620,807844,6
439983,795013,6
785074,749591,5
380864,184302,0
570255,292399,0
357436,438052,1
351988,878070,6
738440,973795,7
582230,545129,1
986663,861096,5
440710,25186,0
308152,119321,2
438219,152999,0
463220,349622,1
104110,779896,3
724160,972539,7
470074,548581,1
4486,400673,4
122386,949800,3
303924,61633,2
870615,441775,9
914552,885072,5
408293,195417,0
381698,211104,0
39517,175498,2
597726,986537,7
734726,544436,9
348383,277859,0
990287,760008,5
460086,671700,1
271231,587133,4
949957,931784,5
504758,469649,1
396571,169858,0
811065,579080,9
601400,735886,7
44774,532076,4
610747,831990,7
264089,547925,4
978352,177074,8
97843,463341,4
378099,725730,6
345329,958603,6
248968,406783,4
807434,556127,9
839620,500620,9
935755,236319,8
814865,443082,9
895654,259162,8
738184,662687,7
780858,887030,5
313394,224970,2
86677,780612,3
752053,769944,5
464647,334626,0
71165,74508,2
264458,759002,6
550863,361216,1
970389,337856,9
359002,756559,6
494418,699943,7
943422,106997,8
315055,133490,2
577684,135346,0
776487,427867,9
164726,554262,4
496929,885865,7
743667,827247,7
557002,546839,1
733646,389960,9
60428,614203,4
918520,573909,9
688724,392475,9
336424,282852,0
900423,420224,9
720208,549713,9
27525,620819,4
109094,554558,4
465264,704534,6
114303,103995,2
854656,217504,8
596911,289522,0
4781,358404,4
707352,475225,9
109743,459680,4
851583,559585,9
952423,382795,9
643621,338934,0
473830,674079,1
261513,250141,2
130697,631121,4
266254,939642,6
566372,30669,0
466522,849075,6
414219,780996,6
209325,126657,2
725409,964372,7
204667,854535,3
177780,955489,3
919241,690099,5
495455,126293,0
613258,29503,0
871798,319657,9
481145,618702,1
532360,391031,1
60686,950043,3
379302,944826,6
696410,573070,9
601486,188413,0
669027,346244,9
323331,234650,2
775316,746426,5
196615,514219,4
491173,147911,0
940257,908176,5
721611,117297,8
426649,705571,6
544606,200413,0
357850,392564,1
830532,767373,5
245667,940960,6
715201,391097,9
174073,647322,3
548043,971243,7
696372,925877,7
215634,161900,2
55018,692313,3
712377,927157,7
736419,9442,8
702278,193423,8
873701,299579,8
34149,951728,3
693823,90131,8
832839,531748,9
92617,615242,4
375174,558060,1
315037,842529,6
397334,996283,6
540533,740281,7
919056,576565,9
343349,683385,6
665875,370513,9
214538,748167,3
446293,846754,6
396340,293551,0
723051,330260,9
694860,516403,9
187296,898200,3
62859,473736,4
89044,570969,4
282264,12729,2
946365,557043,9
228743,489589,4
526077,787772,7
90832,613466,4
524275,492640,1
809019,193754,8
435362,129505,0
599866,953626,7
608512,275670,0
195504,844361,3
176793,362577,4
840003,933959,5
49911,856005,3
892507,374373,9
98489,310047,4
966367,742655,5
818864,662743,5
726565,387198,9
638107,672312,7
548576,932851,7
435298,66872,0
925143,885400,5
928200,271243,8
793021,314549,9
640995,213778,0
977363,555885,9
772577,705172,5
829628,567413,9
525039,331274,0
737436,99259,8
247223,87075,2
474772,494537,1
692599,516586,9
266871,307844,2
934273,338196,9
70992,164320,2
727164,453575,9
251208,60588,2
310708,79585,2
587223,463827,1
549220,753440,7
81967,628838,4
883188,745269,5
738993,263774,8
252134,618627,4
279758,899576,6
184474,455079,4
515722,746013,7
252630,954000,6
891029,525111,9
545027,275310,0
150651,2932,2
294089,760183,6
408843,427214,1
199685,114638,2
727531,622335,9
598898,686753,7
261990,281647,2
655805,124417,0
76785,539114,4
891933,733319,5
906484,293005,8
545655,831439,7
3921,905456,3
5526,882332,3
369770,735118,6
141150,313866,4
158647,389433,4
207380,435936,4
778949,800379,5
979574,702166,5
313365,734695,6
33476,640808,3
73189,99124,2
985379,271688,8
269841,230461,2
362685,654859,6
231651,368074,4
235097,287191,2
820091,274543,8
249241,9917,2
678295,115614,8
125262,280675,2
313908,856657,6
850144,379250,9
65252,690552,3
113330,747760,3
609669,721912,7
190006,433261,4
828784,379513,9
481946,68224,0
642831,69959,0
808594,54329,8
113497,553255,4
565972,294944,0
126846,906555,3
471429,321953,0
80407,412935,4
201160,909171,3
437240,709054,6
74241,785185,3
605176,201206,0
672562,764634,7
207786,266759,2
434289,103170,0
980116,815910,5
15355,87549,2
442900,826637,6
293995,178349,2
517254,501914,1
669621,331681,9
572627,152685,0
177783,14391,2
872634,375753,9
296348,732522,6
500094,87285,0
7657,704407,3
979880,855337,5
659977,236226,0
250389,302308,2
902957,15090,8
632960,159258,0
656166,187857,0
320460,984458,6
788390,486668,9
441296,874194,6
590725,325379,0
651586,222481,0
242704,129406,2
939541,869561,5
717435,943433,7
289923,747777,6
896686,607217,9
503987,509549,1
1682,269753,2
749156,73985,8
479922,62532,0
980282,610942,9
105635,416264,4
164514,990134,3
188208,222138,2
473590,627330,1
543549,428615,1
741584,806742,7
915616,768114,5
702680,955289,7
549590,963876,7
868379,853343,5
146423,932871,3
765242,436944,9
734316,657662,7
329395,152620,2
99952,893283,3
418872,996885,6
657946,111299,0
609638,196207,0
665238,668164,7
840772,871409,5
774441,34308,8
620934,51083,0
552081,836282,7
396369,779991,6
322735,223456,2
635159,131277,0
376563,909277,6
220471,462544,4
991298,759093,5
87453,832851,3
741322,411507,9
214559,108407,2
999143,604129,9
603262,36722,0
195439,746900,3
158912,850667,3
166604,115325,2
279049,977652,6
408719,356568,1
852463,347729,9
286178,796032,6
910094,951507,5
987254,793666,5
152247,829269,3
528978,544597,1
44935,228151,2
537233,287012,0
813435,402472,9
352614,388736,1
488699,565002,1
995051,822396,5
13678,886824,3
857035,191593,8
108236,122851,2
756995,824486,5
150788,309716,4
399455,650874,1
241976,906605,6
325059,280044,2
708504,841474,7
656512,6583,8
640576,162587,0
612522,674038,7
560270,464324,1
893828,579301,9
321782,196547,2
368760,752038,6
508559,365599,1
628076,74059,0
714313,465553,9
562909,827049,7
219854,97050,2
135472,891008,3
175929,855071,3
188255,16365,2
59868,211032,2
817586,180635,8
938772,941440,5
785949,446675,9
272453,129615,2
442444,158165,0
280727,193529,2
651742,843516,7
984877,840599,5
951422,551836,9
711018,91314,8
725873,755499,7
678151,685964,7
8159,142032,2
132353,464406,4
284504,660414,6
587088,197138,0
311943,828816,6
913459,516004,9
485725,589431,1
581964,80122,0
626225,979941,7
871247,54104,8
340678,789414,6
686328,119098,8
688543,346397,9
908514,402216,9
58528,682053,3
272175,455770,4
127667,704592,3
91144,861484,3
977341,175070,8
406881,461404,1
831509,179175,8
408950,234339,0
538043,894743,7
960292,642988,5
712940,382726,9
482845,180348,0
114864,521113,4
355929,99462,0
661398,131774,8
740526,28087,8
72247,272030,2
10248,251930,2
198355,767121,3
17276,362470,4
49752,191072,2
354880,472929,1
518018,336337,0
830708,721522,5
630718,481481,1
252647,245298,2
727503,155203,8
502937,871887,7
811566,3548,8
638851,172409,0
678430,374539,9
877053,644820,5
501485,464392,1
40094,866828,3
788481,12168,8
523886,952386,7
757139,249761,8
738267,64984,8
195586,226239,2
409432,327501,0
317846,46767,2
16563,382757,4
998970,702863,5
19046,121363,2
756934,800922,5
112704,223258,2
300602,220496,2
883752,223518,8
681928,178903,8
832802,905771,5
305708,34757,2
161672,236110,2
302437,72991,2
760684,831855,5
998637,93618,8
439369,475287,1
162233,661430,3
655312,829326,7
490510,14172,0
203609,66059,2
254487,174726,2
620893,363857,1
350442,888545,6
786935,21641,8
735543,282751,8
203236,793177,3
928064,975354,5
788256,226468,8
248845,346382,4
643177,876585,7
771289,66630,8
864525,82475,8
174043,154096,2
905097,968233,5
106408,401808,4
188752,363141,4
321696,753521,6
431382,242732,0
597235,742365,7
933300,987721,5
637817,794245,7
886756,714001,5
229172,706534,6
729733,634738,9
54282,331635,4
796682,838679,5
688114,147061,8
664881,667225,7
57874,690168,3
657937,960117,7
694185,168199,8
920640,203439,8
206170,110557,2
144705,65636,2
158263,941452,3
986022,78691,8
566910,61587,0
104101,630804,4
929296,691151,5
185061,332708,4
831986,200734,8
749530,353269,9
404256,347057,1
988728,551931,9
315847,440924,4
619610,799650,7
731251,142957,8
694893,67684,8
577555,981491,7
919501,65172,8
355170,346690,1
834055,972260,5
779262,59879,8
398575,857604,6
750971,571883,9
642750,704931,7
776813,907664,5
109388,488309,4
18447,55251,2
616118,103227,0
944677,190610,8
593289,423058,1
341075,451556,1
307720,860379,6
402792,727874,6
383161,802457,6
896709,992447,5
56994,914718,3
678475,138713,8
358225,704085,6
559016,390220,1
434006,350200,1
818301,192531,8
872938,478734,9
91124,537121,4
393711,112491,0
652164,923250,7
68032,415056,4
860760,794799,5
190971,651142,3
748752,284219,8
871819,665261,5
58332,394125,4
63536,859468,3
79395,393250,4
366335,994811,6
800002,641310,9
509060,787132,7
338856,158585,2
354169,520302,1
719521,998148,7
882981,277365,8
687378,767482,7
85428,791894,3
369500,194908,0
834106,821170,5
420066,57967,0
261084,54311,2
815993,407314,9
740859,627479,9
45850,611005,4
164433,637471,4
986132,931881,5
136689,334619,4
951539,519416,9
837109,291735,8
203639,570053,4
893430,890659,5
313439,975644,6
665164,420696,9
638107,672288,7
153963,666035,3
59348,468570,4
268265,744266,6
891606,233354,8
988942,164043,8
82746,720882,3
873647,395500,9
183476,691724,3
806534,417166,9
324512,78816,2
677118,332329,9
455914,548574,1
893985,218642,8
730842,268588,8
163299,576881,4
647679,550837,1
928598,956074,5
742461,555660,9
981977,87476,8
214692,338468,4
639572,295846,0
289153,798885,6
863909,733934,5
229066,927139,6
429759,964289,6
818938,905304,5
455037,821781,6
684952,995527,7
822753,18389,8
70937,240041,2
377460,976235,6
587928,315384,0
668721,204499,8
21890,916891,3
187595,925093,3
47259,283392,2
986079,33093,8
205561,863813,3
111738,997105,3
345191,640965,6
700689,491511,9
826568,128578,8
17854,84332,2
369419,833065,6
338204,205871,0
86560,829287,3
829949,961778,5
603205,77624,0
634115,581481,1
961196,824024,5
375197,938742,6
444591,241006,0
598401,327478,0
934315,37459,8
577749,233042,0
740501,607937,9
597629,355913,1
836566,175557,8
593397,223945,0
843815,14220,8
996326,265544,8
6362,929288,3
548836,301922,0
405529,737987,6
361289,195685,0
893968,928245,5
21213,533108,4
950154,248537,8
167070,960353,3
653279,662935,7
962557,711074,5
37491,118308,2
416531,644500,1
113898,297950,2
647953,161163,0
682686,916851,7
527574,948806,7
583622,941817,7
126646,548033,4
791941,165645,8
7945,541111,4
464490,700059,6
900155,921713,5
246499,922173,6
976847,873194,5
777344,826649,5
493520,602720,1
919338,328377,9
37572,477177,4
928073,129776,8
160354,75080,2
874598,376743,9
926882,113907,8
451018,264014,0
290055,961966,6
778481,931340,5
47409,819754,3
620922,850305,7
81664,537346,4
185885,169283,2
143769,340872,4
39713,461281,4
765011,546981,9
112862,877555,3
78375,254308,2
158693,166552,2
252053,266403,2
443798,923218,6
531980,997333,7
185426,471313,4
364579,479593,1
521854,803166,7
823094,744740,5
850538,8553,8
754085,911901,5
331625,637908,6
331571,722943,6
511835,415936,1
642212,663744,7
561657,771752,7
845337,587539,9
768258,126663,8
839033,629980,9
82735,537150,4
892533,804957,5
912979,448058,9
520675,997756,7
296419,916393,6
826693,237557,8
637163,806109,7
279119,153298,2
489103,365647,1
440680,511064,1
459311,650101,1
252403,140406,2
815311,941738,5
801994,119700,8
813133,337567,9
489177,604029,1
927973,452405,9
586986,475611,1
602374,104119,0
937191,370627,9
128304,420426,4
104518,646213,3
903370,945466,5
448965,761747,6
686386,100861,8
183301,744829,3
357013,322779,0
955738,99845,8
98853,434807,4
808612,355699,9
239105,647397,6
806602,562955,9
588234,453591,1
515082,988653,7
299751,927433,6
367399,891753,6
705501,356234,9
239586,734517,6
39232,387669,4
566603,897052,7
764621,990346,5
752391,451622,9
426554,107959,0
472837,974783,6
189120,550857,4
253909,455776,4
233284,807043,6
984967,345015,9
671210,29289,8
273977,740758,6
936506,859806,5
769486,758280,5
415389,445375,1
425057,947097,6
873878,269749,8
677052,216343,8
88089,518866,4
595724,339958,0
683586,35628,8
806727,664484,5
983568,839102,5
789856,114476,8
1505,300734,4
442308,883352,6
507226,950580,7
404398,718290,6
307779,852450,6
132817,258515,2
873884,377471,9
163168,367998,4
948505,527122,9
349965,862056,6
577549,871358,7
919746,187078,8
230513,246126,2
640385,960420,7
794966,856,8
400143,216369,0
523783,227532,0
144010,392802,4
835693,493531,9
780511,63272,8
414481,192619,0
350510,23909,2
842323,930127,5
651531,293115,0
393437,508606,1
153675,825653,3
751977,489347,9
462525,658177,1
984679,502519,9
848636,36629,8
632701,807515,7
910598,426925,9
335706,220836,0
598261,986447,7
219588,617878,4
691638,364220,9
449727,575290,1
904654,535703,9
562839,650636,1
248767,38650,2
599542,516483,1
544796,390629,1
317204,256418,2
631908,479756,1
265035,455599,4
266550,909230,6
431088,298157,0
127291,389487,4
118353,171400,2
727242,758435,7
20474,113536,2
212603,230009,2
776523,24510,8
948005,126000,8
689736,396209,9
97237,273565,2
808693,708338,5
46568,670837,3
767552,257364,8
523366,221656,0
382963,465770,1
207650,974987,3
618400,463487,1
837935,184081,8
853701,153717,8
524453,498005,1
977355,415504,9
379271,412508,1
22212,321476,4
54113,491993,4
941010,559627,9
660749,210311,0
703306,469124,9
572652,575238,1
34503,901341,3
851907,11669,8
121777,718396,3
85022,979533,3
11802,365073,4
789225,505339,9
242796,683363,6
293528,328704,4
535729,9490,0
512205,644505,1
201679,625781,4
517247,381043,1
200021,763085,3
179990,95470,2
572110,457338,1
485947,322062,0
899263,926437,5
633644,658480,7
75982,42916,2
290094,624249,6
769189,764915,5
938873,648919,5
385188,859818,6
971735,957801,5
768125,882084,5
196007,290390,2
600850,491762,1
54771,550160,4
548775,276753,0
402198,752438,6
239159,548024,4
649110,601012,1
210815,176204,2
462408,694909,6
335910,640631,6
87093,776822,3
63933,524404,4
659777,885632,7
818681,574191,9
443079,836478,6
701945,606343,9
809039,527776,9
336622,609051,1
328846,926552,6
567626,92846,0
462755,535665,1
934899,847742,5
11346,703965,3
553016,545128,1
967058,358936,9
649378,106605,0
726222,626559,9
591455,596883,1
825724,943918,5
431406,641884,1
155968,369402,4
548679,649596,1
775279,116717,8
666181,509995,9
501558,695988,7
484125,698355,7
266491,928484,6
36242,128416,2
303309,728665,6
685837,869408,7
152977,87930,2
849605,317700,9
588770,469592,1
441636,586638,1
627677,383233,1
6927,430766,4
895927,853647,5
259789,278292,2
258104,959287,6
741646,861008,7
976443,94251,8
86001,431539,4
884702,202992,8
697794,834284,7
822356,347223,9
786475,285823,8
839609,314134,9
653339,672701,7
99521,665349,3
536162,280046,0
749710,387928,9
918533,799527,5
660081,982703,7
302427,896772,6
55847,622421,4
32266,306500,4
354329,218709,0
844268,623556,9
110067,896549,3
311477,998439,6
777968,323884,9
524934,575194,1
288533,377064,4
330622,774344,6
412543,623551,1
27428,989044,3
874880,111696,8
288709,333835,4
780831,442648,9
597783,954776,7
932186,256872,8
249454,576636,4
526023,884703,7
208533,826548,3
802852,546649,9
546427,809578,7
593412,475828,1
255989,415909,4
192172,846313,3
988814,13216,8
130884,777447,3
561692,368849,1
257808,984385,6
562773,537507,1
892235,804885,5
708579,97841,8
417643,328954,0
746253,287209,8
130704,746279,3
713269,916352,7
144414,167801,2
231990,63558,2
229663,948312,6
280595,976225,6
417908,788474,6
898702,489033,9
186425,247527,2
190353,267984,2
12138,14921,2
786947,231826,8
314382,819284,6
711179,790105,7
295972,405567,4
379092,410743,1
361258,678175,6
89265,281920,2
239890,832301,6
492917,470334,1
916532,164813,8
20227,971563,3
74371,958528,3
991254,21153,8
520947,562627,1
79033,321459,4
771840,318588,9
523854,425319,1
344797,9338,2
945133,855381,5
389183,6560,0
265074,111050,2
424769,99358,0
920986,21523,8
740187,329050,9
359526,566092,1
322584,673922,6
622218,630308,1
592288,588483,1
638014,114277,0
663402,803335,7
660286,429084,9
625125,478427,1
934690,339251,9
804762,638473,9
826726,787501,5
534460,680889,7
706589,641537,7
313208,96739,2
906605,310909,9
459723,574082,1
602035,413347,1
128374,583909,4
775179,444621,9
749282,188514,8
359523,508482,1
72925,663146,3
498597,930673,7
833717,293063,8
514833,813434,7
388995,844543,6
236371,693171,6
139819,947332,3
811567,8635,8
138413,315868,4
801015,673243,5
200525,223821,2
763551,7056,8
590476,143178,0
409123,139643,0
995757,702449,5
62265,496860,4
742088,285157,8
643041,592123,1
811695,162319,8
101568,55246,2
520268,159936,0
46296,102444,2
792933,829903,5
185660,395368,4
964638,676483,5
652849,435565,9
550568,397819,1
152064,754179,3
490488,635032,1
987000,521830,9
407496,798676,6
362071,334469,0
428098,53461,0
524284,646999,1
128815,997524,3
391913,897729,6
131898,814592,3
857323,38682,8
143491,655835,3
625899,492098,1
705739,357787,9
326824,935308,6
723834,481253,9
427939,385921,1
184573,128983,2
817850,612324,9
342845,210738,0
881800,427627,9
130671,190591,2
267235,427266,4
67747,628410,4
691842,801718,7
477036,544904,1
215598,561719,4
816658,586970,9
209710,606022,4
413297,298958,0
603735,989949,7
79590,675763,3
550824,712230,7
462383,277724,0
714113,98931,8
741811,619232,9
444505,811136,6
776045,990718,5
13863,995951,3
953366,228704,8
835594,833887,5
140233,909858,3
984806,637788,5
303375,836684,6
148193,692898,3
545404,609567,1
996409,659240,5
861061,858248,5
588379,893258,7
553,302109,4
553475,261748,0
200798,827698,3
130502,349047,4
447881,536121,1
588399,229221,0
523185,171775,0
27688,360948,4
461790,311938,0
756203,505861,9
9825,129801,2
575003,78633,0
600173,119382,0
467887,790558,6
921829,195578,8
92933,926286,3
102048,130149,2
422412,484742,1
71809,896248,3
247182,394950,4
930477,537869,9
968182,245945,8
611228,917209,7
533037,760546,7
504739,158097,0
140300,33192,2
866613,180893,8
274111,983804,6
798125,100753,8
355945,381289,1
337149,479427,1
731777,976307,7
792547,348660,9
928703,715504,5
489538,676932,1
200834,424584,4
991452,344550,9
858842,562249,9
729703,133921,8
819681,391462,9
316090,530390,1
270822,715025,6
432784,810919,6
124769,8727,2
684872,656654,7
390260,104710,0
875568,683202,5
591536,959650,7
843084,720645,5
885627,737099,5
424288,13200,0
867503,136263,8
175784,415960,4
41967,350887,4
370304,703190,6
530290,584858,1
713165,178672,8
940850,873719,5
601849,286603,0
940481,679218,5
626374,474533,1
488915,205711,0
401028,84201,0
175296,214159,2
386127,641387,1
791552,621400,9
871793,238403,8
855829,924247,5
826691,201572,8
826413,532837,9
405812,489540,1
714764,54502,8
20711,106190,2
741376,307548,9
975924,361745,9
852747,125140,8
240505,174832,2
416873,392404,1
148569,3519,2
147042,337802,4
439983,800248,6
783854,249551,8
217802,605584,4
53951,765247,3
517932,887348,7
661536,440960,9
227993,889612,6
710972,310963,9
356093,860033,6
590797,530256,1
25609,417438,4
889163,178373,8
925235,435272,9
619462,304408,0
195946,276109,2
566582,553216,1
914974,981726,5
876146,388581,9
892621,296835,8
909231,445786,9
326123,154086,2
734435,655225,7
376752,77031,0
666373,739124,7
466795,429505,1
693956,329443,9
950934,348955,9
902963,108279,8
853403,151829,8
803287,847353,5
467492,144703,0
30574,868973,3
829608,233431,8
281467,629755,6
301707,790169,6
382906,505122,1
601844,199714,0
607957,948931,7
692609,692664,7
604029,916382,7
644941,535503,1
214766,574095,4
825564,264114,8
971981,90327,8
140247,137941,2
390566,243692,0
744170,272283,8
275760,714148,6
699847,344722,9
751476,60285,8
212392,681330,3
123396,925688,3
53287,608609,4
901716,144058,8
184126,621452,4
747658,895350,7
158646,377811,4
873764,362032,9
683503,641032,7
825182,840911,5
199260,979533,3
14526,140223,2
739877,115585,8
645795,881160,7
665054,573625,1
930878,282618,8
970928,401402,9
377619,656876,6
121896,716710,3
760007,442054,9
608636,356569,1
857229,454242,9
449819,113962,0
365341,297652,0
637426,222279,0
843758,57242,8
81743,869167,3
102831,282566,2
95369,874429,3
543409,90667,0
852745,95658,8
737657,809584,7
681826,458221,9
329314,786449,6
863653,428241,9
451844,147923,0
142381,3093,2
984662,215605,8
673323,545517,9
518864,560591,1
866827,771295,5
155186,214598,2
756696,800286,5
415388,428290,1
278066,460679,4
640640,238870,0
689148,517946,9
126412,614812,4
161132,154923,2
797646,38277,8
335809,957734,6
648046,719996,7
984715,118110,8
84900,928852,3
217477,147341,2
364358,768258,6
118876,958933,3
802684,725854,5
433749,28142,0
995563,442586,9
548134,501244,1
413189,477128,1
105874,427443,4
43231,585471,4
12472,619423,4
654726,981077,7
967103,101831,8
479304,674999,1
714045,958269,7
635340,165944,0
22378,117352,2
350474,426084,1
196838,261986,2
202554,334918,4
977030,958552,5
393412,90396,0
300428,299656,2
323528,539249,1
159444,782065,3
169668,619777,4
599049,219616,0
99443,343280,4
515300,650995,1
276175,682348,6
237983,787733,6
437784,837347,6
304980,808332,6
645195,801329,7
938495,299800,8
749170,309003,9
428162,134752,0
785094,78314,8
231041,119045,2
793097,581905,9
81180,406022,4
27826,685708,3
709456,828054,7
108689,751596,3
84450,356691,4
908231,641616,5
647369,343484,9
945879,398898,9
290685,546575,4
297761,481631,4
786677,681881,5
374329,353567,1
411834,696195,6
964449,500440,9
908429,972949,5
364581,526903,1
667783,437339,9
363141,322690,0
458820,393258,1
491298,258674,0
550181,907967,7
203540,908460,3
500243,591520,1
679881,761771,7
97192,519361,4
