x,y,cluster_id
242578,13469,4
383138,414652,3
67768,993126,8
484308,765337,2
31833,30935,4
932640,887879,6
591329,478778,1
833354,186335,0
735652,115053,0
698658,355604,1
638300,908210,2
294000,264971,4
377493,541620,3
9281,999465,8
12901,842497,8
852470,467010,5
53607,976747,8
196754,856972,8
144213,800662,8
729397,985790,6
183405,499760,9
469862,970991,2
450770,95791,7
974081,390235,5
680670,26669,0
231241,468739,9
97960,415410,9
796294,316402,0
778534,828493,6
487140,369048,7
602845,24264,7
811111,355792,5
806109,274877,0
859817,951019,6
777276,680837,6
835185,961129,6
705424,73751,0
536857,957185,2
418065,418776,3
381617,836927,2
240062,726211,8
431612,116690,7
223913,309587,4
244801,377033,9
807539,314736,0
775229,283334,0
996348,632867,5
600910,509480,1
834128,199442,0
35980,730005,8
197911,293197,4
770346,214750,0
309220,60662,4
557590,416916,1
115944,685545,8
959950,893088,6
136133,997800,8
27973,148064,4
522975,641339,3
989146,578132,5
680530,674978,1
362046,914709,2
530369,917610,2
283108,208988,4
471815,806578,2
161689,514298,9
813117,64168,0
479624,43309,7
902915,294501,0
685730,66033,0
821219,242774,0
310257,492554,3
356179,307990,7
396981,70916,7
886516,684032,6
528226,902819,2
686503,63316,0
152140,23765,4
418942,174793,7
752751,490316,1
747743,329274,0
117577,118127,4
374985,376969,3
728744,14480,0
382012,490499,3
827576,79664,0
923967,118042,0
938251,195973,0
726117,857863,6
103637,838910,8
565110,810400,2
406969,934977,2
160874,816054,8
431739,248100,7
830522,596218,5
645779,608168,1
495466,304382,7
755627,828610,6
455550,438144,3
897430,118944,0
98993,780745,8
997533,539816,5
698849,561277,1
384785,92576,7
929386,192648,0
841254,969376,6
318446,127999,4
288386,909935,8
279052,41813,4
755507,809000,6
866244,973541,6
313587,467795,3
243042,823442,8
599615,743697,2
327666,83176,4
951140,823081,6
527120,310801,7
646964,528517,1
786098,952490,6
515310,819254,2
207082,441170,9
757169,750570,6
841330,249551,0
217528,1761,4
607765,712493,2
871078,223776,0
14974,680695,8
452619,175360,7
288399,131390,4
272306,650010,3
719640,990750,6
535380,148002,7
469616,838895,2
313226,398227,3
5279,739131,8
580105,833601,2
347811,666053,3
354997,440055,3
14917,711650,8
706767,635577,1
146365,957588,8
183773,679719,8
48126,868372,8
730391,687771,6
373259,371670,3
663645,885499,2
586741,364693,1
406085,74556,7
75646,387667,9
531298,530090,1
229012,19601,4
439383,726733,2
208291,749221,8
166750,575130,9
211249,463602,9
769233,500985,5
67848,329471,9
430095,618497,3
83209,503956,9
994746,709053,6
62870,660778,8
710643,782564,6
561766,616936,1
851959,876326,6
416611,994392,2
751597,103922,0
622708,854272,2
763144,172256,0
113940,992884,8
414314,380142,3
62500,450930,9
789565,228458,0
697292,386877,1
247648,231501,4
849283,902588,6
803927,613533,5
663457,738469,2
452902,931007,2
436138,171789,7
273068,465220,3
955457,369525,5
607397,533230,1
999677,575269,5
555215,505000,1
540809,380896,1
724384,729940,6
104473,885740,8
639572,287519,7
332946,834822,8
860169,869593,6
256492,871667,8
117700,192914,4
305697,859094,8
796018,674653,6
900226,112347,0
221747,915444,8
880066,285789,0
257319,771158,8
861762,644236,5
684291,882927,6
369671,66247,7
417820,301777,7
980466,702029,6
7364,783108,8
703318,672688,1
870522,869668,6
524434,177186,7
980344,642136,5
393063,217912,7
447246,868568,2
31640,773725,8
9819,42467,4
744825,278843,0
523351,969780,2
102327,819686,8
470454,926986,2
854907,426604,5
934752,387852,5
632230,906357,2
147351,540271,9
343122,859703,8
37949,811880,8
271485,855588,8
870383,540877,5
534808,524330,1
423039,21274,7
554457,763045,2
498689,467937,1
617602,46054,7
32396,486973,9
571333,395104,1
522923,772502,2
453133,808894,2
94785,52884,4
826935,303685,0
42690,506413,9
285958,109358,4
982686,19644,0
173411,524345,9
675854,86444,0
873180,538256,5
478759,506532,3
299840,413003,3
344194,871591,8
838942,102171,0
196498,555389,9
424329,714240,3
233338,727393,8
302701,508484,3
92123,325340,9
998452,999447,6
711751,399947,1
915277,68584,0
703078,646216,1
966967,821532,6
497813,752719,2
952957,363209,5
467852,199519,7
319607,637251,3
293620,877284,8
523256,367777,1
237859,699470,8
999000,202858,0
442180,722977,2
79262,168652,4
539282,715609,2
251904,750679,8
674102,637241,1
116274,231005,4
506655,355788,7
732259,84308,0
967997,128374,0
585623,581955,1
922186,193661,0
864539,311585,0
811253,744298,6
429059,196341,7
917628,585903,5
274474,86126,4
521532,393337,1
826258,922274,6
661199,778269,2
376760,214791,7
994520,904005,6
626417,198418,7
813554,408777,5
327680,324291,7
367317,511847,3
620384,803852,2
341576,879053,8
250295,716161,8
534048,751257,2
386673,821553,2
854750,796623,6
844887,19776,0
383249,271130,7
883418,620394,5
964801,416189,5
902504,390258,5
74399,429715,9
223790,239575,4
552139,814155,2
516846,642578,3
822119,358702,5
709654,167894,0
807477,278000,0
359047,513118,3
989323,555229,5
734375,650304,1
661679,842450,2
72134,360306,9
669352,806694,2
106581,312340,9
513709,915202,2
801957,495907,5
725267,570966,1
239062,924139,8
4986,808315,8
353592,834880,2
839796,454535,5
374671,108680,7
592807,314266,7
880309,355704,5
327136,184438,7
855266,459639,5
154120,306519,9
672925,858988,2
25724,353126,9
998767,287106,0
403714,223334,7
576057,802292,2
127505,976868,8
225842,738540,8
646862,809815,2
561670,1315,7
111739,2849,4
893928,255271,0
349886,542663,3
542610,659326,1
304556,687893,3
434005,323590,7
589821,134435,7
462490,70127,7
629891,585425,1
253674,504712,3
696317,16186,0
52367,132880,4
315584,25240,4
210313,743236,8
574919,671006,2
608211,212948,7
31110,873539,8
579454,892040,2
521551,712622,2
41863,596998,9
751981,550487,1
35726,446954,9
959509,480178,5
357800,549171,3
923869,471037,5
731501,345154,1
16405,722120,8
675589,628740,1
237498,636867,3
829868,607283,5
621287,975722,2
973083,621237,5
132736,906385,8
616378,468377,1
14476,303459,9
245720,816957,8
608290,539205,1
424689,751438,2
430810,628092,3
345266,893285,2
456783,165931,7
810127,812538,6
334136,834506,8
549359,88853,7
352562,523797,3
458504,87214,7
817071,518386,5
520241,704018,2
443985,70005,7
588148,7255,7
937220,858295,6
379421,943657,2
52889,905543,8
469229,342547,7
188338,400091,9
335425,498812,3
536861,26511,7
579792,570720,1
104485,89116,4
780534,447421,5
815274,324253,0
733585,370990,1
235025,68069,4
47294,877899,8
859542,324578,0
186882,928701,8
689450,600241,1
266814,354545,9
842451,76321,0
733023,918199,6
184514,137053,4
455505,682579,3
107825,225534,4
556607,898878,2
458725,805522,2
420218,606961,3
197918,418513,9
953410,967169,6
215132,729668,8
532081,695311,2
97791,579595,9
262600,528353,3
31083,414922,9
596607,175765,7
82470,85277,4
252503,829532,8
958437,460401,5
966716,608715,5
679522,741861,2
466695,750819,2
22240,788280,8
625487,571436,1
128128,461503,9
481417,186445,7
589343,103250,7
330431,556650,3
624015,829410,2
905440,730891,6
89809,423409,9
243339,806022,8
817059,316019,0
347653,17202,7
127524,307548,9
960467,574613,5
532236,291130,7
25211,730439,8
503756,634589,3
538167,985049,2
730439,490467,1
283424,520330,3
197125,91670,4
697768,401666,1
808041,751828,6
983132,511241,5
432666,828883,2
48384,205276,4
80313,821012,8
757363,8609,0
707157,189128,0
680946,675023,1
127441,915777,8
464064,524562,3
320625,760533,8
294147,739293,8
312291,675442,3
165789,427107,9
397577,92002,7
290437,384309,9
82044,925550,8
721616,213077,0
186101,803504,8
504920,205865,7
980372,124577,0
776937,996788,6
17328,239384,4
332762,745003,8
267561,910812,8
19009,497406,9
906774,166610,0
230936,355255,9
779472,588468,5
394199,317563,7
290800,475775,3
362539,193552,7
44196,805903,8
813759,851464,6
564542,260234,7
763298,762542,6
44144,930766,8
389826,819942,2
765440,760514,6
966042,280601,0
70368,685962,8
964895,1139,0
146132,46477,4
147215,254032,4
524450,432983,1
161411,846487,8
913975,182299,0
909292,474804,5
46046,897454,8
512430,424367,1
349529,550215,3
478212,309860,7
823446,666155,5
77972,484115,9
526598,538193,1
414083,500447,3
18624,25006,4
287518,320761,4
30486,382682,9
751338,737903,6
952214,869233,6
200549,641193,8
542255,683283,2
943362,87182,0
283571,981982,8
172243,900475,8
299713,279151,4
697794,836100,6
339123,647658,3
193305,887822,8
638140,228485,7
149953,269467,4
948273,637831,5
40760,64007,4
770440,791028,6
808978,506184,5
446060,935134,2
809826,753518,6
387116,265002,7
893533,617219,5
601806,554563,1
553467,135407,7
786284,90982,0
141422,887534,8
789736,94881,0
675275,347341,1
775765,297738,0
89194,87366,4
364210,280764,7
805982,141354,0
738005,650951,1
540762,602548,1
28278,269437,4
431553,118445,7
710573,606347,1
879124,448669,5
782282,820982,6
259457,706066,8
852164,326385,0
562070,710548,2
196002,221354,4
306021,297215,4
301958,10359,4
109793,296194,9
136531,678842,8
313124,676199,3
877292,655694,5
250228,591121,3
977002,486192,5
430209,531175,3
471716,133042,7
41837,161437,4
279457,847490,8
779934,351890,5
223913,306152,4
499712,666297,3
460131,429919,3
652146,630747,1
974738,421745,5
270729,152068,4
810341,405655,5
858824,260347,0
659526,658617,1
390842,895279,2
965477,784319,6
64369,856170,8
654323,218280,7
638217,520501,1
65709,374082,9
205302,517220,9
918035,424475,5
152224,438185,9
585705,946647,2
297843,849297,8
146692,467539,9
943533,961072,6
748604,789923,6
252586,226657,4
426687,344493,7
895017,552102,5
178670,911525,8
1627,348707,9
724558,661643,1
239147,350197,9
768439,165283,0
911430,418744,5
831055,548144,5
672461,65380,0
854762,994810,6
776296,213350,0
780540,535883,5
586894,931210,2
856026,239074,0
130708,813366,8
255189,965174,8
693344,48560,0
150135,330008,9
458016,877102,2
468099,356033,7
855049,823421,6
250833,762169,8
776482,340047,0
179205,906942,8
983798,704694,6
802638,939609,6
16014,161869,4
544660,113148,7
689317,352054,1
984868,680902,5
922855,425236,5
955076,975835,6
863676,810105,6
443603,642803,3
599618,782140,2
441281,616519,3
840588,775751,6
54643,393956,9
230453,232462,4
997603,714695,6
888529,521034,5
25289,44722,4
644519,436345,1
654821,587228,1
546599,692868,2
35328,765762,8
175141,595542,9
289130,412239,3
502562,564201,3
536599,627309,1
189077,819114,8
865331,624967,5
821899,668647,6
957923,814533,6
856777,853233,6
292285,447019,3
63966,92841,4
380868,255788,7
36412,991412,8
667741,733999,2
325196,583595,3
488764,667166,3
67141,453105,9
335806,898567,8
222368,343760,9
589718,397795,1
753452,271553,0
218,666513,8
86064,492552,9
331103,860917,8
437529,555893,3
900287,138799,0
797276,820266,6
220819,307277,4
411484,813708,2
5974,405751,9
461672,330896,7
385117,664285,3
653832,955598,2
749923,957199,6
647581,895951,2
263295,210696,4
172066,923309,8
62027,503377,9
270310,113454,4
826725,781561,6
697279,176449,0
591138,271203,7
123186,389876,9
648284,724937,2
27815,496005,9
365009,710649,3
888142,6528,0
732732,42238,0
906359,176035,0
626265,636628,1
812437,629874,5
297298,690003,3
894775,491711,5
190341,69922,4
185334,911032,8
728059,491349,1
114253,261181,4
681789,835962,2
22854,118492,4
508964,170729,7
444857,724577,2
966472,504457,5
421891,732427,2
916412,152779,0
759500,932912,6
463855,26065,7
87796,603038,9
264076,325429,9
490573,73370,7
133243,423548,9
587391,294335,7
900293,241081,0
864629,826222,6
319393,42303,4
989090,639798,5
88958,130479,4
963129,319547,5
637683,550394,1
476744,645707,3
401749,208499,7
255176,755091,8
824497,334896,0
604644,259054,7
936577,58469,0
702505,2611,0
893644,477155,5
557158,159383,7
757319,269378,0
436915,244025,7
341386,678381,3
556456,363597,1
976096,261845,0
837832,455306,5
340140,738492,3
838163,10166,0
863728,683183,6
273097,950126,8
773734,164077,0
652271,725725,2
272943,365600,9
655343,351713,1
243255,402613,9
723965,680854,6
123297,261724,4
804150,361057,5
297167,501711,3
271521,465598,3
320205,686505,3
102040,1116,4
758899,819795,6
307084,162805,4
267077,770362,8
487890,978026,2
686407,447194,1
993502,791547,6
542651,338569,7
337652,918201,8
220304,659358,8
838643,89632,0
452402,525893,3
691637,347229,1
881189,156135,0
175218,898030,8
202446,516774,9
433467,286153,7
381265,933473,2
891852,364863,5
261152,191209,4
652788,414443,1
552273,60222,7
152052,547179,9
447529,629865,3
149661,361168,9
155977,515622,9
69174,623831,9
735693,807013,6
480659,444560,3
731063,990739,6
351500,667669,3
522571,854045,2
946983,952144,6
692021,812608,6
511050,224011,7
966500,978391,6
824190,168318,0
933801,405607,5
51988,766692,8
795650,499217,5
350803,954842,2
41902,262928,4
39298,496141,9
658151,545651,1
758756,412482,1
598829,521751,1
72999,895807,8
831767,524524,5
688145,665722,1
805639,387532,5
260766,707758,8
302174,653878,3
737836,820310,6
953547,269616,0
448563,15009,7
273042,21652,4
919776,682284,6
152520,417282,9
268832,274600,4
218522,701903,8
886238,17152,0
282081,937983,8
695537,894112,6
351414,225027,7
30544,369400,9
509515,434505,1
726246,31457,0
698925,838227,6
90299,656945,8
284910,495104,3
222096,768958,8
885650,129575,0
781288,108898,0
254319,347684,9
541060,609374,1
749789,707047,6
349649,565372,3
222516,835035,8
435364,172746,7
346145,673032,3
650491,814657,2
945008,765865,6
904353,475219,5
18253,782937,8
825366,939543,6
903418,749907,6
692057,410394,1
498846,114126,7
122227,272752,4
145801,483149,9
299740,744382,8
830073,38872,0
337565,463319,3
3177,407989,9
72370,324033,9
34459,166962,4
135095,541866,9
145298,37440,4
268732,595015,3
419959,266128,7
816027,971400,6
326940,881076,8
254108,809641,8
647788,378185,1
160600,220332,4
127164,246854,4
886556,346737,5
621975,539081,1
345074,661911,3
740201,573687,1
967708,277254,0
808407,912229,6
848464,150921,0
545608,35536,7
268556,622215,3
580360,118124,7
315317,532872,3
993768,265875,0
564594,145663,7
159422,415063,9
968169,19403,0
118412,165552,4
446318,280092,7
512132,404636,1
722206,119429,0
246048,329758,9
247805,860895,8
73814,600265,9
654149,291218,7
505451,130000,7
916369,427290,5
469615,830755,2
513926,568692,1
9142,661204,8
862551,907201,6
328505,197791,7
274385,597895,3
821890,507690,5
751772,35476,0
258163,962228,8
177659,927442,8
532199,682958,2
486770,152062,7
719304,358104,1
657716,242012,0
511020,725362,2
167867,340893,9
389685,436554,3
168204,4930,4
865417,75490,0
772478,47852,0
256073,828780,8
314452,8313,4
721180,884284,6
175914,600878,9
972434,711106,6
562233,463928,1
242174,218545,4
91632,73475,4
895381,682700,6
148105,206138,4
574866,777720,2
148148,932684,8
622352,886595,2
15845,313634,9
260497,179452,4
64106,436877,9
606106,827812,2
44174,442853,9
38842,831778,8
702222,253625,0
684563,456885,1
867658,729092,6
855769,925571,6
78773,940038,8
234979,302275,4
337800,408333,3
861433,115931,0
468418,707094,2
134634,805523,8
436332,443267,3
989277,779134,6
921152,804133,6
79997,512120,9
203381,227984,4
728568,57905,0
220248,712328,8
108589,67620,4
493188,26330,7
535295,713444,2
856125,894547,6
661345,229144,0
224344,555068,9
35232,161004,4
9371,502253,9
372830,154043,7
16201,300869,9
720729,295774,0
84228,635636,9
135320,335573,9
983496,627689,5
581780,989074,2
382185,391124,3
625693,35387,7
753161,377106,1
29806,965724,8
925212,50386,0
854117,145873,0
699758,848907,6
591717,993080,2
705928,543080,1
548909,523414,1
34276,83044,4
721979,309497,0
730015,369676,1
153033,40352,4
209195,951779,8
557925,45782,7
460857,634163,3
390532,680045,3
524206,332584,7
751909,350477,1
478207,238507,7
593432,812433,2
564719,245211,7
275696,632427,3
204459,355115,9
423492,636566,3
768454,409700,5
836554,972956,6
474675,868969,2
767850,268745,0
799870,421564,5
235436,983230,8
153839,583642,9
273905,538073,3
393064,234339,7
545063,884139,2
738266,52157,0
605151,789116,2
681866,121999,0
443740,940641,2
357292,15947,7
37314,142958,4
695613,169161,0
93245,177303,4
934087,209417,0
683274,802244,6
329324,964006,8
61453,846185,8
847387,38238,0
669441,304301,1
388493,413164,3
51053,57149,4
518097,671399,2
204299,655409,8
463472,580675,3
405447,351155,7
865230,932593,6
90591,573776,9
453396,227115,7
122325,925423,8
585910,392221,1
72148,603604,9
784572,309345,0
163232,447450,9
297934,391186,3
669410,783276,2
523323,500049,1
335821,143853,7
748186,770163,6
143503,855783,8
153310,696870,8
299309,495168,3
296116,831163,8
359620,145829,7
962045,96997,0
234047,631645,3
66130,450176,9
123385,735202,8
555062,930672,2
816155,122266,0
936490,602538,5
859314,500129,5
668252,320747,1
798684,496473,5
232905,438296,9
452176,736052,2
833106,26009,0
141307,949091,8
378831,13075,7
751950,25212,0
745536,240149,0
197255,274272,4
693050,102709,0
239531,813463,8
883097,219721,0
867177,651950,5
333819,497642,3
879322,774805,6
158403,282467,4
437674,987061,2
535721,864875,2
956956,569361,5
264541,152769,4
589402,90625,7
137783,724098,8
924659,744082,6
796387,879672,6
662489,457969,1
99091,428118,9
386559,904085,2
965117,737080,6
103915,513843,9
163639,293112,4
348921,321667,7
270602,23702,4
371931,49495,7
872748,275667,0
146722,969327,8
488819,596305,3
101812,161350,4
820818,492225,5
838009,433553,5
730040,787800,6
559365,254691,7
592493,41438,7
452454,404403,3
808356,44645,0
358498,278535,7
343883,656200,3
766914,538329,5
711036,394351,1
869030,793574,6
611259,433397,1
107854,709571,8
774190,821240,6
593434,860854,2
389015,175340,7
944062,863325,6
904945,420155,5
559495,443429,1
713401,137053,0
465648,155552,7
372323,636105,3
22946,669984,8
428548,614195,3
788360,968954,6
216611,582131,3
884498,772624,6
501411,221118,7
341683,672160,3
4474,207135,4
324423,585788,3
344812,260619,7
228897,75460,4
268969,564252,3
387670,572543,3
734233,269060,0
105796,122725,4
641645,133418,7
366279,58809,7
406691,267197,7
787883,956607,6
696008,810665,6
849490,387349,5
187938,683689,8
762548,145832,0
1247,969778,8
61106,10156,4
697222,216741,0
769867,168569,0
150759,807388,8
778061,878874,6
241909,774239,8
648644,768397,2
455517,880961,2
327679,309241,7
420151,482812,3
636180,292454,7
283061,412256,9
793444,429173,5
119609,276762,4
548990,875193,2
372582,989898,2
231415,399510,9
579637,962833,2
345796,794865,8
300875,814105,8
673124,211328,0
790360,581230,5
737625,272812,0
162626,267198,4
810016,945471,6
547859,873238,2
515237,603928,3
230113,513108,9
812783,457341,5
545122,879278,2
31104,780084,8
886726,208887,0
780325,939040,6
450219,837236,2
428397,72104,7
867855,48646,0
608610,922980,2
532228,163787,7
773860,276242,0
807459,978869,6
853246,522099,5
922630,658647,5
895314,558027,5
773335,454523,5
174958,527402,9
56195,480200,9
725944,955187,6
842620,914593,6
569582,966320,2
948107,839537,6
99223,647872,8
791721,463593,5
608784,844791,2
403138,543117,3
168961,736218,8
621532,98395,7
739130,569993,1
886779,105735,0
90082,19726,4
544786,233272,7
618436,55810,7
12355,661680,8
871635,576546,5
12552,975694,8
495722,605387,3
741714,238,0
11499,271766,4
575154,628918,1
240742,158462,4
282576,257007,4
524368,60129,7
591842,94499,7
259734,350116,9
402581,190496,7
670601,797720,2
292782,790946,8
446040,594992,3
46015,390610,9
993732,668097,5
708336,11153,0
462346,653469,3
865517,751617,6
431338,506075,3
602926,391413,1
489633,271500,7
104404,719744,8
745281,939802,6
260342,573491,3
663712,21535,0
954379,255236,0
765984,902903,6
96337,148934,4
139275,799879,8
576323,263659,7
322871,501548,3
522994,972856,2
798314,263975,0
641468,162387,7
254220,677608,3
560911,234065,7
939487,973489,6
429920,667674,3
601719,95697,7
383606,280928,7
567093,146859,7
273254,582893,3
691052,527648,1
180700,26089,4
486346,33361,7
709503,624747,1
129371,350974,9
833279,930390,6
77562,595368,9
360088,413,7
943914,376378,5
799696,494948,5
600324,662232,1
147557,4582,4
18892,533151,9
684244,98451,0
679476,966777,2
621846,377735,1
606424,184923,7
2469,507869,9
760893,341951,0
170468,58201,4
188936,450198,9
481465,983623,2
765368,550158,5
515568,161918,7
368816,699929,3
707770,504196,1
38803,178018,4
956165,274246,0
263093,811242,8
549946,951166,2
249375,258902,4
377096,861000,2
827171,274018,0
425691,597573,3
415183,994431,2
415829,847539,2
602008,949619,2
251351,457359,9
837562,920270,6
979574,700914,6
267319,837844,8
649455,398050,1
39719,571985,9
367024,584263,3
718978,870128,6
256065,700404,8
700113,814213,6
483066,903289,2
588381,928039,2
554483,212161,7
794661,879351,6
255422,893973,8
5303,142275,4
223110,819353,8
874756,39219,0
161644,755281,8
15347,948811,8
672529,211090,0
803106,813531,6
27758,542002,9
434785,444295,3
271661,811357,8
483756,491700,3
12831,661349,8
301021,267390,4
34347,278044,4
95313,930538,8
560008,66389,7
812235,235757,0
383949,40690,7
881513,594492,5
627292,901896,2
171516,683638,8
917026,460890,5
180264,702775,8
552612,754461,2
232109,67054,4
982663,621556,5
503817,659632,3
436894,880913,2
514167,613852,3
24935,94850,4
145688,579831,9
230428,819261,8
328540,776104,8
996164,541967,5
856088,277164,0
302927,303302,4
608687,211545,7
439819,46454,7
766181,205278,0
123733,592661,9
855691,599541,5
499790,974694,2
684477,16473,0
863901,591963,5
133589,246594,4
516366,566603,1
899298,515966,5
849073,384979,5
355820,267841,7
609764,307010,7
932852,445981,5
615953,326408,1
942830,155479,0
150533,8922,4
964888,880589,6
69581,457699,9
559233,40274,7
896103,804760,6
608177,643948,1
839299,99800,0
338913,115578,7
531827,427889,1
540352,710404,2
774367,798947,6
907227,773395,6
463358,658925,3
564644,975500,2
242637,2980,4
100307,862353,8
579898,353254,1
151113,757299,8
934581,513414,5
959552,206042,0
961499,920383,6
889004,501238,5
320196,545130,3
3435,746576,8
702916,912419,6
28342,348857,9
254831,960087,8
195418,396498,9
949062,889182,6
482897,60572,7
38358,696095,8
277616,897886,8
782126,192715,0
976367,815555,6
47561,367183,9
250198,93442,4
489054,543753,3
868320,862548,6
857057,565897,5
34491,702990,8
158204,950383,8
92834,265531,4
783404,680779,6
864418,276963,0
932470,28687,0
154262,697631,8
97959,397025,9
814029,399500,5
409374,358252,7
152011,861245,8
949625,357007,5
217499,509412,9
697051,337279,1
649929,369638,1
511522,150934,7
752145,317765,0
693008,399197,1
307755,451051,3
822738,772750,6
625918,811399,2
184419,543721,9
334906,773060,8
820718,807505,6
750658,320686,0
785342,246740,0
966998,336515,5
815811,338525,0
590288,980198,2
201272,782310,8
296841,20052,4
20866,697485,8
639954,718517,2
117304,528517,9
801422,503480,5
990531,856212,6
365333,163257,7
870528,967686,6
903693,378242,5
114596,19018,4
637913,404685,1
548960,376755,1
125468,753744,8
180463,52461,4
725937,832360,6
488572,444666,1
514411,717296,2
602637,521330,1
996356,770079,6
721412,781988,6
888241,674649,5
828435,516216,5
54127,717784,8
806198,773172,6
717055,545110,1
675831,706302,2
819734,276546,0
924551,936277,6
14241,361904,9
527166,86567,7
935600,639263,5
104474,906597,8
187777,975702,8
635548,659510,1
386401,243495,7
430963,196589,7
74268,225950,4
550329,381741,1
930692,149910,0
551242,725455,2
737414,718154,6
14629,885911,8
506598,393911,1
475021,678999,3
949483,969361,6
63705,704533,8
90754,306791,9
238242,139257,4
500294,441330,1
447531,654471,3
704467,984301,6
151992,535817,9
476856,532104,3
86363,514913,9
155124,175092,4
776137,545787,5
46215,751050,8
899979,947709,6
150080,410950,9
844016,388512,5
724458,966576,6
258840,327095,9
488267,305935,7
855019,307585,0
595217,815383,2
146287,651429,8
579234,196287,7
10309,278585,9
193866,317682,9
282931,235907,4
896855,456782,5
149574,896150,8
597415,755360,2
350980,924660,2
765605,525304,5
794308,950352,6
567872,236853,7
800813,264530,0
969201,370581,5
367793,498939,3
668545,236943,0
312609,24453,4
982474,440615,5
416742,188084,7
135925,497706,9
961435,847083,6
928276,542958,5
499754,378958,1
159582,94952,4
874509,882619,6
179285,257453,4
12982,203487,4
10752,721330,8
394248,133799,7
761338,821643,6
360747,87044,7
954615,230061,0
651675,711518,2
490738,842402,2
254990,631384,3
673267,605070,1
412090,2655,7
632375,328978,1
143520,145335,4
656858,826975,2
978240,284650,0
129133,340829,9
317550,74956,4
795116,523358,5
81564,856555,8
130503,370288,9
441438,248965,7
364857,159503,7
778416,850863,6
466530,971393,2
218310,136577,4
452236,745810,2
838533,224679,0
181327,578062,9
493051,709459,2
877720,847493,6
822971,678187,6
297579,423227,3
186750,722863,8
158476,506997,9
103082,506982,9
852662,692375,6
749167,264103,0
795872,227019,0
509287,592673,3
62189,224082,4
146216,458424,9
748036,254604,0
136100,437518,9
369257,118654,7
218680,367580,9
919956,701102,6
434314,524580,3
632318,384484,1
31709,939447,8
300288,943997,8
764675,893321,6
56236,171276,4
644175,660743,1
107918,794424,8
884694,52976,0
381471,391468,3
416627,264816,7
776791,534620,5
360716,560627,3
459909,704880,2
926502,721595,6
857947,527426,5
456404,796534,2
359700,488333,3
428072,611545,3
243076,392482,9
449116,295463,7
861457,523474,5
35660,343037,9
422954,593877,3
298042,197567,4
511678,780876,2
184322,907815,8
648739,370588,1
476892,135705,7
806736,819782,6
87898,315510,9
784424,814768,6
808639,807053,6
154885,161933,4
618360,782304,2
183469,563653,9
322168,691674,3
973753,875743,6
628993,494229,1
513687,542189,1
579436,590646,1
1329,351664,9
425282,730685,2
633715,862316,2
955479,742365,6
936087,815174,6
633311,73692,7
551892,663472,2
977056,382373,5
559254,385409,1
581022,243863,7
620345,146350,7
720456,720330,6
594062,407779,1
553845,486004,1
282944,451203,3
369869,403591,3
156053,790084,8
945671,905708,6
240476,689488,8
232479,283954,4
419288,976058,2
612061,912972,2
323431,912937,8
738606,751718,6
130905,120610,4
99089,395412,9
690142,229444,0
266216,302794,4
73476,914392,8
187987,513432,9
267309,666485,3
629584,419521,1
895081,633322,5
255640,542391,3
976002,675323,5
155109,922417,8
78647,827960,8
526706,360790,1
802648,112274,0
2696,326488,9
283871,23940,4
366885,250377,7
98251,318207,9
117525,248070,4
319077,733301,8
593578,280697,7
689268,540515,1
437002,698227,3
114725,192087,4
420168,778446,2
344590,527895,3
333144,161882,7
757749,492506,1
555424,19196,7
638441,282668,7
806620,874882,6
158318,859313,8
474740,959667,2
137082,937656,8
199555,929304,8
825561,215035,0
98511,689352,8
945270,154596,0
297508,226904,4
583530,404522,1
816610,772620,6
439778,361037,7
949771,802371,6
462480,903543,2
848070,526143,5
885616,554063,5
150036,671530,8
416868,308881,7
377294,183520,7
432834,645844,3
707546,740104,6
939596,798308,6
175216,871413,8
842428,703073,6
564368,344779,1
701073,934733,6
72950,77787,4
370613,900643,2
117706,301301,9
972525,237201,0
641695,968124,2
265998,633237,3
819211,491369,5
441982,406060,3
654656,810236,2
650921,34420,0
502268,630748,3
981852,989594,6
115967,65038,4
95760,439556,9
622380,348375,1
139959,294460,4
994231,44761,0
312977,210368,4
660995,353646,1
729113,215931,0
163043,280095,4
560459,650478,1
585070,283993,7
83739,402733,9
748310,850522,6
729120,328897,0
779478,687315,6
716464,612782,1
41966,325984,9
817062,367055,5
105570,319508,9
985034,482703,5
793321,352556,5
409054,982992,2
157585,547487,9
617918,359611,1
982900,608371,5
905399,55600,0
483297,773789,2
75356,517709,9
142626,118354,4
184423,606121,9
85691,214293,4
638219,560689,1
512251,407412,1
373729,276984,7
273457,998579,8
122545,625229,9
233725,229815,4
500913,856350,2
674480,993035,2
954025,313159,0
278790,629290,3
487476,17135,7
4565,739554,8
686417,619084,1
957943,151239,0
875498,505404,5
338261,159107,7
126081,46319,4
498717,945760,2
394182,17790,7
998900,525119,5
686535,610058,1
250482,855968,8
258509,761231,8
22548,980160,8
557999,296889,7
828594,189759,0
283321,785083,8
901814,790843,6
707819,315321,0
615167,113610,7
455838,270732,7
193164,515266,9
89202,230667,4
821111,414213,5
689897,109471,0
880706,37874,0
553728,519739,1
255202,192476,4
945325,93932,0
725917,488884,1
689664,193891,0
736071,161548,0
140826,874258,8
660527,488716,1
854288,26314,0
261920,98504,4
562220,245439,7
101742,984765,8
955899,810508,6
211777,338149,9
281804,288377,4
753290,550223,1
601289,873116,2
472743,398130,1
375548,836279,2
350232,364730,3
29361,480928,9
972295,366873,5
48551,1771,4
768158,447923,5
246552,799580,8
546738,30260,7
584984,828868,2
788940,727599,6
763882,569139,5
523443,511583,1
178129,823764,8
5093,605523,9
33573,263042,4
962840,459098,5
67424,199124,4
692065,544420,1
83468,855268,8
505736,911692,2
821867,122202,0
858017,695332,6
445916,511949,3
342937,744871,3
50570,938489,8
188180,757236,8
865898,159981,0
808412,989178,6
127998,262449,4
993705,203015,0
75276,164882,4
178256,960386,8
215869,125298,4
895538,317158,0
477585,780458,2
171723,155807,4
656736,762081,2
311292,887653,8
795626,98444,0
563748,917503,2
485947,318235,7
577285,435434,1
353729,135301,7
4940,38098,4
325248,448307,3
704363,232399,0
944267,306864,0
479426,717079,2
948340,765752,6
3712,391831,9
510152,139749,7
768994,482184,5
71325,774551,8
880603,305922,0
635826,328753,1
356958,401138,3
934269,261498,0
668,232162,4
955871,334649,5
451182,23349,7
436483,974807,2
596843,143468,7
268774,293049,4
275284,704814,8
821293,481305,5
296768,790396,8
198206,256078,4
907177,928476,6
906825,19552,0
613702,490084,1
846799,160303,0
223203,380972,9
4238,235973,4
998417,400464,5
598673,902218,2
586080,260836,7
880712,133559,0
734726,550408,1
711715,804720,6
940338,261410,0
525945,566742,1
245010,890290,8
120636,543869,9
819450,496208,5
775091,961085,6
972313,666060,5
475116,282028,7
45402,73875,4
618326,221168,7
187134,173262,4
25010,346286,9
38012,870850,8
386523,300523,7
902434,210237,0
464392,37261,7
250149,259355,4
980821,662146,5
689160,726988,6
500733,832968,2
706156,367834,1
197512,599976,9
812397,964734,6
295297,60486,4
596013,202505,7
505973,889124,2
509641,547389,1
982911,800290,6
475040,9311,7
501832,291985,7
392523,145788,7
263213,824818,8
723617,844065,6
213967,146511,4
415514,546904,3
820392,332608,0
148652,395572,9
378805,589644,3
162998,510465,9
397449,934304,2
848397,19401,0
75273,129264,4
549782,200565,7
899119,501601,5
412281,217109,7
964259,302515,0
384354,837852,2
792826,38791,0
973617,583752,5
130046,697597,8
529302,992877,2
286924,339565,9
74671,2733,4
937242,229782,0
952073,505880,5
340050,235234,7
585967,362300,1
180989,883290,8
468424,808422,2
154377,627630,9
579590,180689,7
853862,865781,6
182641,654700,8
548920,713517,2
87150,736320,8
333683,225694,7
248651,83404,4
777006,150050,0
899638,217241,0
181602,194039,4
217422,217279,4
808228,898584,6
513149,498741,1
349859,84797,7
187391,481162,9
895888,206203,0
664727,72408,0
967290,256805,0
123998,48087,4
213876,619782,3
681492,838677,2
645907,763770,2
685379,167063,0
844162,843276,6
946322,842699,6
248668,369411,9
693936,990944,6
810059,663165,5
826107,392494,5
649635,425133,1
225417,598504,3
65050,296349,9
753066,786788,6
551256,964254,2
218405,747744,8
347455,679858,3
389291,819241,2
995262,370934,5
299124,384750,9
496050,119173,7
954990,528199,5
450541,249264,7
387351,219666,7
937882,986524,6
513466,839628,2
630319,779980,2
127718,564851,9
461741,487289,3
882542,884272,6
962724,511529,5
283458,81512,4
982686,15692,0
746828,943657,6
57537,38989,4
298791,780725,8
652077,461848,1
279927,744454,8
38926,234091,4
380026,104045,7
697901,624950,1
536745,89336,7
478008,896976,2
482482,75279,7
221694,11060,4
899420,557177,5
482675,320272,7
814027,356565,5
793068,107455,0
997388,100180,0
739529,270242,0
965662,889330,6
971823,444881,5
131712,693749,8
848923,860404,6
816885,392244,5
460759,980937,2
611240,122995,7
187638,646888,8
251308,739837,8
453145,24331,7
935479,600588,5
89116,787429,8
332212,503563,3
395020,101521,7
274033,681332,3
147885,507427,9
342340,724872,3
930402,267352,0
386731,789151,2
266112,549422,3
136647,631639,9
964332,538166,5
964959,72936,0
851605,928536,6
906832,128894,0
328140,52040,4
647792,451377,1
301995,641305,3
423197,686058,3
592866,307988,7
364807,319069,7
593037,173339,7
322113,761604,8
286086,250464,4
564616,501269,1
841902,854087,6
654213,364370,1
966962,731779,6
22459,470884,9
153244,588531,9
443903,691860,3
99034,466069,9
235489,875460,8
856301,857188,6
764895,601439,5
397183,461721,3
159380,712294,8
532482,439497,1
629816,331469,1
6182,908779,8
854880,983874,6
973615,550380,5
252918,796504,8
845140,273376,0
644953,741321,2
395518,482858,3
406733,976923,2
160663,269645,4
924571,274822,0
944343,581326,5
355923,998955,2
453123,648227,3
755532,231224,0
198377,125068,4
29554,727486,8
872186,833442,6
672226,105496,0
74709,636755,9
944997,572538,5
657911,512550,1
442694,366638,7
95546,843433,8
587182,770090,2
908141,142076,0
875623,608146,5
121952,663443,8
491625,751064,2
139145,610977,9
693121,300331,0
678024,562287,1
360884,393459,3
877706,607302,5
928253,150849,0
325031,796711,8
329322,923591,8
800315,900302,6
378106,828224,2
964203,365902,5
731095,526524,1
296938,652421,3
251952,566351,3
673920,579525,1
91674,765255,8
652013,392734,1
691916,35020,0
596305,98392,7
679337,621292,1
62118,18727,4
748388,171543,0
123919,706836,8
793895,2085,0
56483,320598,9
296391,445621,3
565661,66217,7
914427,791244,6
446143,325544,7
418654,328243,7
793603,94099,0
525698,422601,1
670810,316135,1
289282,963987,8
740697,901476,6
118862,721231,8
736983,481008,1
311942,821608,8
767156,603502,5
68954,910806,8
920554,752031,6
391821,347951,7
19090,848691,8
958200,470330,5
845414,880932,6
834665,217815,0
818484,276402,0
496827,177470,7
754507,8282,0
195655,384886,9
789740,161820,0
717977,39662,0
610344,55919,7
847114,459968,5
694133,302923,0
234321,234622,4
306235,897556,8
236024,859912,8
554031,610119,1
274140,472506,3
412230,363886,7
846133,965895,6
805621,86397,0
81292,281776,4
821048,368884,5
845224,684612,6
275836,981809,8
270006,5574,4
689294,968030,6
688679,638952,1
878181,602431,5
65722,590606,9
329749,94063,4
932585,962865,6
877073,974537,6
56962,361010,9
511502,817773,2
320042,954805,8
415542,30667,7
434152,808783,2
230606,804050,8
684031,511462,1
148877,179903,4
634733,964717,2
13187,649375,9
46569,699849,8
378133,286293,7
739405,189805,0
64667,860162,8
759155,126764,0
524966,105688,7
314426,572619,3
12514,335998,9
123070,448772,9
514531,737321,2
163445,33015,4
888656,657891,5
182199,232656,4
265988,473477,3
738342,319927,0
16839,28442,4
40785,488486,9
985455,556887,5
616183,202840,7
135449,493984,9
395475,752681,2
325713,267179,7
479305,684696,3
689364,153263,0
902853,264551,0
312810,405632,3
463858,74331,7
281336,421060,9
759439,900982,6
811875,197518,0
691952,644483,1
838481,351647,5
141060,804371,8
70835,524125,9
980485,20554,0
463804,164116,7
305037,766483,8
290446,538504,3
639546,861608,2
46515,793188,8
119990,676533,8
497572,703653,2
299808,882508,8
318300,676037,3
157050,540517,9
485971,730168,2
937226,965963,6
944773,806075,6
702753,184428,0
690755,535332,1
330248,480746,3
905595,336892,5
147891,616778,9
188316,42434,4
190045,91193,4
684482,96529,0
363936,678804,3
665789,922666,2
249883,785982,8
6487,38901,4
822706,227730,0
465889,212366,7
247882,166075,4
236129,633031,3
360700,285099,7
672078,619512,1
148607,651002,8
399793,321712,7
24047,166567,4
496299,297695,7
374693,476535,3
131925,275620,4
353809,481397,3
846812,375489,5
854688,749306,6
589615,671165,1
281245,892186,8
984063,156896,0
967254,650457,5
233862,525750,9
294905,478063,3
818531,57035,0
601967,274727,7
353266,343610,7
60736,803086,8
472059,902524,2
726189,70879,0
276959,863402,8
207707,937294,8
110217,427088,9
82206,645291,9
418374,618593,3
693445,746177,6
11761,680446,8
258131,418569,9
905206,803736,6
400785,6811,7
486892,197797,7
381747,33272,7
215700,270200,4
252735,717594,8
616209,628414,1
765755,44589,0
413698,36750,7
669388,412275,1
106014,785356,8
484967,845731,2
206917,667176,8
240464,488961,9
971271,164388,0
885608,413901,5
439789,535815,3
451655,980427,2
37226,661488,8
644619,126512,7
292473,601398,3
711789,39925,0
23289,426991,9
441666,88754,7
697551,753889,6
623441,178417,7
660444,95090,0
183429,897801,8
350229,302072,7
937829,104719,0
19339,32371,4
61305,362573,9
777235,898,0
95227,481947,9
99263,321699,9
800667,815018,6
9192,505630,9
132203,943439,8
384489,118871,7
875794,476761,5
930516,193398,0
441779,992127,2
687628,968247,6
335525,170555,7
534559,345753,7
82571,783700,8
662522,7318,0
999516,876893,6
956619,902013,6
148324,892781,8
976122,687161,5
127391,70936,4
222909,441242,9
956185,602789,5
87901,367062,9
223834,987025,8
937058,144846,0
439045,44820,7
300250,307729,4
5574,691837,8
717811,260409,0
700245,27534,0
764167,355222,1
221639,101081,4
869255,570760,5
773186,940810,6
210473,431993,9
513573,635052,3
319684,930129,8
678532,98484,0
231799,851561,8
200644,234845,4
55903,572620,9
35125,348668,9
66846,489003,9
679080,310410,1
75342,273182,4
375973,985667,2
119701,826555,8
924873,352304,5
189005,623785,9
967410,268502,0
728600,595710,1
102436,643253,9
169705,233873,4
711595,791222,6
82044,924564,8
147855,6806,4
396184,674832,3
916063,278243,0
443418,533230,3
5633,675526,8
570865,537750,1
976676,8837,0
525337,345989,7
49038,187034,4
484653,563378,3
697575,144198,0
544473,971440,2
1173,729987,8
897010,59856,0
12524,493128,9
7243,736825,8
833230,105147,0
207029,547775,9
455577,891831,2
11471,803866,8
588490,764731,2
842605,669174,5
807621,694627,6
597270,324506,1
977058,422797,5
951929,86898,0
508953,986645,2
544542,131793,7
56719,286266,9
282869,196009,4
339407,422017,3
847895,580548,5
271368,890159,8
917185,131920,0
185828,220766,4
421535,753848,2
936974,735943,6
6424,974719,8
103501,549650,9
972851,720026,6
491481,321430,7
285118,983544,8
428867,973615,2
550302,937540,2
240450,258639,4
945704,455362,5
270875,606871,3
689894,59804,0
141903,966499,8
959991,578850,5
740206,647341,1
869832,278941,0
164799,784701,8
473367,887805,2
341458,894012,8
663399,760267,2
807837,332996,0
673449,660320,1
2287,452728,9
12225,470352,9
211719,375568,9
186165,878589,8
456264,442159,3
373044,761679,2
543486,374583,1
626890,148764,7
291799,274881,4
936343,127511,0
86116,361827,9
233232,944053,8
707682,12952,0
697113,384322,1
301378,272062,4
560771,883024,2
987929,134701,0
930290,389555,5
262146,892986,8
422659,640615,3
821153,122781,0
595084,592921,1
229050,652480,3
242622,751112,8
951209,971874,6
301352,838020,8
606578,767460,2
710263,396481,1
672775,342185,1
103813,793615,8
289343,998899,8
508574,615651,3
260407,664103,3
586028,378789,1
308913,902537,8
947558,617217,5
573498,782384,2
529017,197879,7
767187,115605,0
981045,433853,5
774636,310676,0
548260,618324,1
174109,250414,4
718460,161766,0
816887,436424,5
991573,372980,5
691235,594050,1
212245,213746,4
442635,368048,7
794543,893558,6
40899,399967,9
248680,578359,3
489804,141836,7
851281,482870,5
598464,389657,1
979846,280576,0
656353,336969,1
443351,409160,3
759273,105520,0
487017,310510,7
744581,178788,0
901512,720405,6
847165,317652,0
788798,334577,0
243628,663403,3
824505,470003,5
341481,273732,7
613804,219289,7
594938,133821,7
135251,171009,4
160620,555747,9
442150,224147,7
255259,152231,4
555823,730198,2
450245,267976,7
873643,322222,0
595166,959092,2
465348,117523,7
209650,600075,3
466774,80081,7
926329,818623,6
598494,890107,2
32171,707299,8
580389,605198,1
569562,630099,1
84728,34895,4
489555,967353,2
305076,426880,3
580548,271196,7
996328,293868,0
41617,464949,9
403664,386554,3
818825,992453,6
172700,569378,9
547558,822263,2
789063,796695,6
66622,726194,8
152070,849973,8
513015,244175,7
864615,592816,5
467937,624779,3
666205,922476,2
69144,118889,4
180678,662836,8
291448,367937,9
922280,766190,6
357697,822157,2
6310,67010,4
241490,729943,8
168594,574838,9
313976,8049,4
294922,767435,8
296710,808218,8
731945,810564,6
150221,771250,8
404778,108395,7
807193,508337,5
627130,183586,7
546174,553896,1
342655,14621,4
742954,837359,6
507096,771711,2
152641,440986,9
652402,920787,2
676384,990317,2
257843,578790,3
726245,6123,0
911105,943799,6
439822,89398,7
514024,211681,7
737007,886492,6
284746,733351,8
430491,274072,7
344397,292372,7
901535,98817,0
830760,590586,5
981327,163273,0
139246,317642,9
612431,130521,7
677692,982680,2
914810,224739,0
191054,57337,4
669299,914879,2
375622,85876,7
331176,88498,4
402675,761890,2
90780,745521,8
983570,862409,6
509389,307125,7
861598,881567,6
502765,982219,2
166353,895276,8
919842,787477,6
129735,467251,9
88562,467264,9
321060,60337,4
88366,179806,4
4688,800354,8
559102,834498,2
417430,756358,2
113646,58523,4
601183,92210,7
785975,895854,6
620728,585871,1
749465,268221,0
5308,225187,4
734438,702136,6
814254,175332,0
815264,145945,0
908158,414934,5
809069,32099,0
500152,60408,7
284697,914564,8
78633,600870,9
826246,716761,6
610420,338114,1
682946,279903,0
345246,559428,3
317817,554097,3
712799,27724,0
973166,5267,0
538267,662772,2
223007,92175,4
194904,767480,8
39980,951958,8
569394,813592,2
54758,325175,9
231980,890556,8
586856,292664,7
819429,156442,0
325094,867233,8
594135,641982,1
799960,934104,6
491448,779008,2
795635,245478,0
764174,474691,5
145975,416324,9
163518,262639,4
185165,76877,4
80376,891628,8
600630,794264,2
210603,616137,3
421799,190343,7
105250,946909,8
713457,74754,0
402659,496020,3
620579,77121,7
179938,226586,4
246870,154468,4
148301,503364,9
50397,33145,4
72777,171504,4
470675,642273,3
684467,851524,6
573478,454193,1
623409,644298,1
732555,54271,0
146526,664917,8
261599,695194,8
136362,842206,8
967962,549590,5
971577,301562,0
368980,458152,3
175832,221082,4
728847,737197,6
85325,67205,4
518665,205662,7
563184,437829,1
603134,882937,2
522293,184653,7
477208,438000,3
474363,625121,3
424425,323952,7
662528,118851,0
544535,8340,7
179649,367914,9
535689,325607,7
477202,340241,7
435851,359042,7
425627,528389,3
643332,484550,1
845357,916935,6
930686,43464,0
505785,737468,2
636969,550957,1
950736,32085,0
267583,283495,4
716943,667243,1
367407,9689,7
848430,572835,5
638424,4018,7
535211,302991,7
379021,214592,7
651870,983152,2
837702,268423,0
393688,721337,3
525050,524852,1
193088,241298,4
499586,551925,3
211286,96074,4
732506,233888,0
960959,848228,6
178820,435067,9
177573,484401,9
331746,662441,3
658146,463294,1
586611,177677,7
223490,212111,4
965481,845310,6
138352,288446,4
914801,73361,0
987156,139195,0
458447,130973,7
267040,148909,4
729823,137417,0
572681,64707,7
539311,213797,7
289808,807464,8
48249,935738,8
963280,856050,6
640207,968501,2
608550,909050,2
417161,227481,7
273319,682334,3
987993,207704,0
892582,634833,5
653883,814002,2
946064,504542,5
852700,339318,5
925811,111247,0
733077,832398,6
113547,394738,9
377415,223581,7
730380,507154,1
744184,512044,1
935900,683194,5
446639,669040,3
566149,272102,7
232993,926723,8
440263,511832,3
373846,231987,7
18322,941247,8
549549,282833,7
581593,833811,2
870593,60638,0
155807,661486,8
605519,963722,2
288283,185339,4
6671,119830,4
988386,818865,6
676822,363046,1
721172,749694,6
120572,456153,9
566116,712924,2
121106,437663,9
805638,358254,5
177901,988248,8
492031,571643,3
611520,826400,2
320641,21762,4
762440,333738,0
136394,380293,9
585510,682307,2
544097,647436,1
469918,916651,2
161711,886872,8
669521,655531,1
519154,427646,1
454980,853456,2
40576,971433,8
876531,859173,6
126649,597855,9
161501,349126,9
774685,137345,0
358671,186086,7
552943,322633,7
501475,296399,7
581471,798587,2
863399,163417,0
564951,139699,7
925992,152410,0
555256,192891,7
923160,555085,5
319079,773505,8
303196,825237,8
774996,365813,5
230342,366421,9
442776,737724,2
937575,828618,6
586493,196878,7
930076,794301,6
827642,186892,0
101007,625394,9
7015,908119,8
758044,447897,1
810591,618629,5
307870,383311,3
318791,926353,8
215639,247411,4
236891,436063,9
923718,941993,6
84489,18919,4
978174,185953,0
328282,443278,3
177430,79099,4
428703,211955,7
337151,509918,3
202999,814642,8
693461,9816,0
993693,1329,0
346475,215729,7
764357,548678,5
637638,785538,2
551784,848779,2
441657,931921,2
811815,178838,0
733447,55746,0
937309,368026,5
413368,477124,3
39287,303941,9
353149,390148,3
228816,714666,8
399131,200066,7
513282,734672,2
643629,480505,1
860880,818753,6
783749,476699,5
883418,621184,5
250117,732327,8
226167,199749,4
189277,181221,4
789126,848512,6
956122,547865,5
977900,570078,5
313902,758327,8
209374,953982,8
584994,2981,7
110113,679202,8
353367,41869,7
708461,113160,0
881485,130904,0
117949,376241,9
489602,749097,2
88583,820093,8
307625,259472,4
953614,392403,5
122726,665742,8
138268,875066,8
242565,797015,8
442532,638256,3
181070,249641,4
730091,652387,1
670359,730239,2
131217,370922,9
92727,470201,9
672493,597894,1
817405,136537,0
789922,228951,0
982536,498614,5
221094,937960,8
295359,103929,4
740080,526481,1
576161,548284,1
24199,723802,8
942423,314301,0
470699,40290,7
170221,915790,8
684587,864818,6
11789,145301,4
76596,352287,9
888442,46569,0
700616,268836,0
335615,687118,3
400994,522667,3
470535,287897,7
697811,124869,0
688892,217231,0
7223,400581,9
575238,33689,7
221411,268954,4
312055,713985,3
946640,192382,0
377602,364976,3
157012,905008,8
486036,822400,2
87864,733518,8
239884,736193,8
208879,636978,3
692912,783138,6
201419,263676,4
615648,198664,7
962492,615641,5
87898,308177,9
533516,812581,2
53466,604152,9
990127,81128,0
522120,281571,7
376225,222206,7
629028,77145,7
579685,782191,2
299912,627256,3
300486,281724,4
948260,406288,5
495298,480550,1
606287,872309,2
901451,691213,6
233411,950968,8
920500,844556,6
453748,155237,7
77643,954746,8
421586,600035,3
802628,783379,6
258687,768428,8
970727,13555,0
826039,247425,0
487390,566048,3
583266,956765,2
365457,245596,7
735206,608946,1
568344,158798,7
928424,38920,0
136536,761497,8
483704,624006,3
681335,210488,0
678195,429313,1
467277,535534,3
721883,696616,6
28021,958062,8
157896,769765,8
443199,856136,2
80478,604578,9
144783,375528,9
506327,848622,2
799952,798449,6
546966,871958,2
12898,790952,8
544597,50359,7
383838,171721,7
131553,21130,4
141188,954533,8
841984,241108,0
307179,761990,8
777942,872662,6
845296,905948,6
273827,214759,4
457694,464041,3
146157,468569,9
243205,560269,3
443365,635632,3
68248,56729,4
445885,996059,2
766556,508848,5
209824,520500,9
55495,717269,8
140356,978797,8
656790,682736,1
759000,519730,1
103895,172417,4
827631,10932,0
736916,350935,1
176099,702320,8
898657,743790,6
895162,997537,6
607491,106103,7
280498,332476,9
930878,269470,0
987444,984461,6
845398,607917,5
270463,681755,3
267282,224092,4
324571,73078,4
237724,432460,9
368673,298415,7
469016,766686,2
704473,83985,0
548799,680805,2
303587,388407,3
969519,722190,6
855023,373413,5
959553,211748,0
852546,756663,6
244950,888554,8
941443,840655,6
895814,953655,6
94037,485433,9
682877,122595,0
457900,933619,2
346859,664399,3
561039,399191,1
210888,407847,9
695666,60068,0
565821,753549,2
913204,235121,0
683291,79087,0
215504,991068,8
892569,421674,5
90685,147447,4
151071,56064,4
280301,32151,4
366382,794337,2
437363,769815,2
289237,222572,4
771413,142489,0
815914,82529,0
76385,803380,8
420719,35193,7
505045,301195,7
197778,70672,4
800807,170958,0
303406,353349,9
746815,733848,6
792513,771512,6
806054,356624,5
794210,289776,0
274597,166406,4
791771,310398,0
865924,585047,5
888762,425437,5
333963,916648,8
105033,290210,4
575778,111276,7
218821,725219,8
757869,515176,1
576005,925480,2
554485,245806,7
275612,226631,4
992340,260326,0
310845,387080,3
662528,114602,0
119516,714650,8
132627,75304,4
640850,780380,2
853661,482292,5
897609,117414,0
382537,314206,7
870676,454882,5
218152,482819,9
750571,848766,6
210450,42584,4
719386,736640,6
723720,563464,1
145257,346560,9
638946,779593,2
620914,705478,2
974895,60859,0
865193,311554,0
304026,780249,8
648127,81291,0
272972,841037,8
312897,863825,8
321470,946751,8
56616,547200,9
797117,159786,0
528193,345261,7
802938,984557,6
458092,153004,7
547549,669289,2
751456,735068,6
291144,257772,4
375814,315905,7
423259,716627,3
357271,661209,3
955529,576124,5
919733,961358,6
549166,833028,2
711930,420526,1
793073,187080,0
262844,628728,3
45971,644115,9
656424,521255,1
741453,606514,1
697235,443885,1
391093,101835,7
553537,310919,7
630526,254770,7
932587,993826,6
240563,149192,4
476883,988202,2
714043,926275,6
908862,251386,0
60639,164886,4
245320,107693,4
997875,298279,0
177995,578425,9
602901,972217,2
62625,539232,9
886038,640974,5
853343,136068,0
908377,99401,0
642820,883261,2
974658,89368,0
14600,390807,9
294582,45624,4
809025,290793,0
372397,879895,2
402852,734603,2
483464,581867,3
439128,440497,3
434009,404836,3
83600,73285,4
709509,726818,6
645204,955586,2
548300,280701,7
743270,151253,0
113725,384138,9
208663,10473,4
28020,944992,8
489790,908877,2
497479,134849,7
418637,40069,7
440706,950530,2
569191,400153,1
374610,86321,7
811542,591028,5
413575,971481,2
688626,746222,6
757301,970144,6
221123,430136,9
312242,855826,8
870926,659740,5
262512,43064,4
789649,636875,5
974570,609448,5
8089,958011,8
306536,957633,8
940645,436135,5
127625,5330,4
584387,792762,2
964004,20709,0
60460,166079,4
305651,83203,4
402777,474221,3
243448,633964,3
45933,6282,4
589766,198707,7
673001,142200,0
961468,401753,5
274397,803352,8
951904,658608,5
235035,240993,4
374723,977493,2
734206,816688,6
90104,379496,9
205370,654328,8
306350,832947,8
347191,255643,7
603805,153026,7
910286,182694,0
546929,251382,7
987063,578140,5
799686,337802,0
453076,862968,2
911558,571222,5
537390,924302,2
759594,505919,1
980819,628563,5
260511,424551,9
433017,728753,2
152287,499386,9
189012,739099,8
45181,357320,9
479644,388186,1
247087,798629,8
562443,987117,2
476724,310832,7
162870,367973,9
533331,710537,2
998833,389857,5
341139,524442,3
296946,771578,8
914777,657382,5
622178,960715,2
745285,19537,0
367327,680513,3
391256,854150,2
710569,545786,1
39720,574685,9
747561,268099,0
953273,674825,5
796985,930797,6
908441,171473,0
952115,211506,0
787029,611083,5
481862,656425,3
541228,425888,1
911297,172372,0
65875,174936,4
159696,16295,4
875347,966796,6
952072,483168,5
617389,468589,1
583285,271777,7
761430,359814,1
403016,490252,3
675593,704601,2
233278,719255,8
525597,720116,2
992680,979187,6
208784,41298,4
110977,192022,4
319272,15477,4
121943,507088,9
629694,267937,7
226809,987108,8
326497,442989,3
318711,578691,3
66209,788955,8
977424,581617,5
246629,94304,4
974568,574316,5
534958,45720,7
426094,365504,7
32858,252853,4
703911,643764,1
747977,251936,0
303910,817270,8
866256,176800,0
481483,293618,7
845619,321365,0
188643,539425,9
123227,90132,4
860341,755535,6
289719,311805,4
519246,980640,2
629819,373144,1
444904,507120,3
166833,969413,8
931282,62962,0
207535,49865,4
84811,421939,9
537135,631789,1
492007,166065,7
60263,847394,8
153504,957985,8
859486,387636,5
9036,881949,8
930257,837647,6
348864,361270,3
874006,427800,5
38292,583491,9
734116,289678,0
620721,469478,1
519480,905870,2
960546,910833,6
373419,54604,7
738185,679185,6
62515,703049,8
147872,298307,4
652641,950663,2
798877,726768,6
797272,757006,6
877,749458,8
142467,456128,9
158870,144118,4
198166,578048,9
262439,816993,8
211296,262706,4
303553,826803,8
80918,995480,8
38856,61991,4
886260,384177,5
878193,805173,6
552123,546478,1
661416,429349,1
70307,653648,8
867563,147931,0
276431,982328,8
992620,975064,6
910565,878461,6
299051,155462,4
855666,191216,0
778769,778219,6
531144,951395,2
106273,133201,4
724716,315212,0
783906,112714,0
388918,560963,3
118351,131094,4
307633,391025,3
972295,362264,5
572794,950236,2
623231,648020,1
279591,90301,4
695420,924677,6
50868,946144,8
852697,289010,0
400909,80236,7
530029,204595,7
643897,991945,2
635015,706284,2
524445,355800,7
935745,66799,0
706374,31804,0
533796,520799,1
82208,676299,8
571091,326879,7
865268,569972,5
528058,71215,7
920139,790929,6
158460,238967,4
328451,291513,7
461594,12795,7
53913,127132,4
715913,363008,1
81680,797025,8
609695,153873,7
155147,557809,9
105515,401647,9
496317,601726,3
223149,476486,9
313600,684492,3
261321,23603,4
704468,2967,0
869617,654510,5
357421,181966,7
304023,716323,3
247474,297020,4
18694,198242,4
854263,603400,5
354462,453708,3
485042,102231,7
204190,834839,8
143194,670626,8
211759,36388,4
579307,413969,1
580153,643850,1
191942,973849,8
485855,766610,2
421559,146677,7
213175,833880,8
32496,160666,4
321940,860071,8
229585,644525,3
532006,441206,1
351081,627161,3
706811,373462,1
792106,938575,6
635511,40397,7
958132,328878,5
453627,111506,7
88874,714540,8
278036,960261,8
114466,834568,8
599713,380786,1
876038,582052,5
551135,942734,2
533879,915443,2
852979,33504,0
107299,383051,9
954353,826492,6
862874,332142,5
324810,94134,4
117129,601714,9
9403,47954,4
976646,490739,5
855300,29265,0
868955,528684,5
605477,256829,7
532183,401428,1
809455,517412,5
156759,655040,8
257865,953078,8
389425,75051,7
395014,4161,7
943949,951123,6
540244,882994,2
490063,489846,3
853324,820063,6
807105,23307,0
726443,340516,1
59592,568899,9
493927,439828,1
199522,382241,9
334170,403013,3
454290,259457,7
698145,735922,6
653799,408136,1
550104,609306,1
612202,294927,7
849252,392747,5
906256,460424,5
359263,149555,7
575668,256528,7
473022,86728,7
639055,605884,1
95315,963017,8
441829,828476,2
210282,219793,4
64572,275847,4
170088,674576,8
602810,435517,1
749460,189825,0
391284,326675,7
436066,972719,2
500085,929411,2
627395,633848,1
89419,874624,8
815270,252227,0
191321,535210,9
277861,11183,4
965902,926296,6
267552,759755,8
208160,559082,9
500578,226161,7
99681,347117,9
11571,488539,9
886615,343965,5
35402,13630,4
86233,330534,9
300764,951641,8
231067,545989,3
442515,363441,7
363177,924358,2
689359,63612,0
137490,805585,8
475549,556927,3
286379,178252,4
886004,80731,0
852316,884684,6
897333,489478,5
668426,241454,0
122766,335452,9
958337,778092,6
393004,222288,7
999065,293110,0
313757,322385,7
335890,308660,7
648733,265871,7
501287,136494,7
67971,394146,9
413985,858545,2
574512,828858,2
617691,549257,1
363827,845602,2
43521,465627,9
794882,584894,5
320437,590267,3
624615,913405,2
610102,986747,2
273387,829194,8
272392,100408,4
565614,280269,7
495129,637973,3
423944,241261,7
880285,966749,6
162141,111135,4
861009,993474,6
320478,283182,7
454226,186211,7
658182,66879,0
43908,971335,8
238965,286995,4
535849,20202,7
543046,985857,2
300322,520581,3
416603,848618,2
728755,199191,0
805350,531708,5
429340,919234,2
579723,418029,1
824434,270447,0
413154,890393,2
849434,452043,5
501490,558449,3
861232,731590,6
845767,808828,6
975387,334584,5
353307,33966,7
877491,992951,6
541546,767769,2
897056,829431,6
254770,920065,8
533365,272047,7
308981,49304,4
653504,442657,1
742728,34613,0
742753,457315,1
98691,700767,8
792316,459259,5
777969,338981,0
261327,137860,4
24637,85065,4
702893,523409,1
942582,986318,6
50024,764552,8
829061,43849,0
978310,461329,5
572504,89810,7
447585,563567,3
870862,587316,5
34016,712580,8
338022,140635,7
654145,226822,7
212531,9409,4
143084,818460,8
873430,747653,6
815036,317864,0
355994,206110,7
104642,724333,8
869180,315457,0
901194,380762,5
481214,763715,2
773841,960878,6
492286,862411,2
546181,666267,2
962217,995837,6
41548,309354,9
323093,238310,7
292246,778781,8
973001,243616,0
456654,990756,2
644206,180946,7
161621,368979,9
441662,25713,7
160668,353019,9
196628,738319,8
944198,150706,0
928135,165252,0
398952,192838,7
38952,678856,8
540988,398900,1
326248,254285,7
768345,587831,5
681003,632423,1
145065,114841,4
134702,940715,8
597889,728435,2
814962,68619,0
294251,484582,3
370584,417897,3
603858,53817,7
515088,88463,7
801163,162107,0
532532,272332,7
92004,316225,9
801320,801581,6
177734,189664,4
683596,198111,0
662746,786578,2
18957,619718,9
601523,807753,2
911892,173415,0
601521,769983,2
110526,622131,9
155984,635295,9
413493,584813,3
954861,350841,5
585577,803787,2
251449,112080,4
740572,797936,6
918316,145153,0
589125,434005,1
337678,357840,3
224015,32727,4
51154,756426,8
265735,210164,4
238242,143530,4
319926,1836,4
870503,545383,5
256183,670661,3
812127,431654,5
819177,924239,6
687702,221992,0
31496,365145,9
992443,993350,6
249425,95995,4
395840,895051,2
127981,992197,8
862342,395634,5
427570,179407,7
298593,462743,3
338331,341108,7
15148,606920,9
510841,716092,2
362174,72087,7
579359,302700,7
485224,161817,7
666322,890260,2
615217,965049,2
583347,329338,1
199666,795792,8
878042,261509,0
192523,749501,8
864739,683983,6
707240,588843,1
688205,664477,1
868935,205119,0
438702,265993,7
559778,205532,7
379815,551844,3
852769,503733,5
249469,826688,8
158355,474747,9
80248,739783,8
548855,622138,1
274131,329745,9
31437,367204,9
609077,758717,2
771104,945553,6
909992,236037,0
87934,907489,8
171181,45733,4
645968,788124,2
8780,569659,9
266679,83145,4
419425,277292,7
457135,79489,7
973621,660357,5
621917,562491,1
796794,718596,6
459440,812268,2
802520,955953,6
711307,948116,6
999523,994688,6
731868,517718,1
291460,572471,3
530835,755680,2
720245,161140,0
285686,531010,3
692001,462214,1
432737,18131,7
741444,456405,1
802459,933806,6
481562,626222,3
916344,995180,6
5256,349706,9
522843,423980,1
834547,233853,0
383804,594042,3
64335,281088,4
257650,339205,9
26523,783896,8
944697,535683,5
225906,817319,8
684041,691821,1
437205,104553,7
227023,585704,3
927636,792555,6
483970,85522,7
375920,91669,7
689699,786206,6
778954,883542,6
700110,764320,6
929667,919360,6
693790,536900,1
689671,302732,0
32091,364763,9
588211,68229,7
725931,738193,6
825905,1430,0
36024,461895,9
85707,480507,9
896083,475724,5
496488,484992,1
270452,499604,3
856801,265823,0
701401,448395,1
181621,516063,9
471253,353866,7
426556,139335,7
807829,196520,0
917499,414711,5
61287,57642,4
801934,106334,0
168787,804843,8
11445,369362,9
873568,68453,0
504581,497687,1
631514,871624,2
385919,146647,7
696861,154459,0
993785,552813,5
134521,903590,8
649209,260288,7
668817,816167,2
335527,209680,7
91962,616759,9
874581,87120,0
239494,183354,4
644236,679626,1
486406,28899,7
710768,888546,6
802102,941875,6
98658,146707,4
706142,136080,0
100530,615176,9
264690,661300,3
475871,975311,2
54017,877335,8
379938,625605,3
552031,1560,7
233574,694353,8
992915,933750,6
543142,587734,1
60186,551112,9
549654,48470,7
638135,150104,7
799005,882166,6
567202,973949,2
164509,912175,8
940300,637523,5
859625,732878,6
491094,817193,2
570139,335243,1
439680,703920,3
796198,709476,6
176797,432529,9
524753,534328,1
464790,729573,2
949714,859153,6
791328,861322,6
251471,484224,9
362398,831006,2
732089,227292,0
98435,405506,9
354965,901937,2
871217,556512,5
299646,158634,4
169590,310911,9
482435,296743,7
368680,416030,3
218897,3468,4
298655,510029,3
67452,667298,8
282552,854794,8
534360,991410,2
644262,120634,7
509230,633199,3
187052,789607,8
933293,858954,6
446588,819879,2
716135,94644,0
693680,681464,1
368547,170973,7
552065,571954,1
839112,965840,6
873180,542780,5
507600,246409,7
399616,352466,7
902603,63379,0
222748,735494,8
448992,219589,7
646993,12210,0
216018,628218,3
469413,432828,3
541675,939586,2
633266,306340,1
666378,828446,2
707571,153047,0
267912,801923,8
932127,269160,0
785977,918159,6
503424,61040,7
902341,654848,5
38989,302344,9
498881,696893,2
689007,156253,0
151924,397182,9
438673,780594,2
454620,807844,2
439983,795013,2
785074,749591,6
380864,184302,7
570255,292399,7
357436,438052,3
351988,878070,2
738440,973795,6
582230,545129,1
986663,861096,6
440710,25186,7
308152,119321,4
438219,152999,7
463220,349622,7
104110,779896,8
724160,972539,6
470074,548581,3
4486,400673,9
122386,949800,8
303924,61633,4
870615,441775,5
914552,885072,6
408293,195417,7
381698,211104,7
39517,175498,4
597726,986537,2
734726,544436,1
348383,277859,7
990287,760008,6
460086,671700,3
271231,587133,3
949957,931784,6
504758,469649,1
396571,169858,7
811065,579080,5
601400,735886,2
44774,532076,9
610747,831990,2
264089,547925,3
978352,177074,0
97843,463341,9
378099,725730,3
345329,958603,2
248968,406783,9
807434,556127,5
839620,500620,5
935755,236319,0
814865,443082,5
895654,259162,0
738184,662687,1
780858,887030,6
313394,224970,4
86677,780612,8
752053,769944,6
464647,334626,7
71165,74508,4
264458,759002,8
550863,361216,1
970389,337856,5
359002,756559,2
494418,699943,2
943422,106997,0
315055,133490,4
577684,135346,7
776487,427867,5
164726,554262,9
496929,885865,2
743667,827247,6
557002,546839,1
733646,389960,1
60428,614203,9
918520,573909,5
688724,392475,1
336424,282852,7
900423,420224,5
720208,549713,1
27525,620819,9
109094,554558,9
465264,704534,2
114303,103995,4
854656,217504,0
596911,289522,7
4781,358404,9
707352,475225,1
109743,459680,9
851583,559585,5
952423,382795,5
643621,338934,1
473830,674079,3
261513,250141,4
130697,631121,9
266254,939642,8
566372,30669,7
466522,849075,2
414219,780996,2
209325,126657,4
725409,964372,6
204667,854535,8
177780,955489,8
919241,690099,6
495455,126293,7
613258,29503,7
871798,319657,0
481145,618702,3
532360,391031,1
60686,950043,8
379302,944826,2
696410,573070,1
601486,188413,7
669027,346244,1
323331,234650,7
775316,746426,6
196615,514219,9
491173,147911,7
940257,908176,6
721611,117297,0
426649,705571,3
544606,200413,7
357850,392564,3
830532,767373,6
245667,940960,8
715201,391097,1
174073,647322,8
548043,971243,2
696372,925877,6
215634,161900,4
55018,692313,8
712377,927157,6
736419,9442,0
702278,193423,0
873701,299579,0
34149,951728,8
693823,90131,0
832839,531748,5
92617,615242,9
375174,558060,3
315037,842529,8
397334,996283,2
540533,740281,2
919056,576565,5
343349,683385,3
665875,370513,1
214538,748167,8
446293,846754,2
396340,293551,7
723051,330260,1
694860,516403,1
187296,898200,8
62859,473736,9
89044,570969,9
282264,12729,4
946365,557043,5
228743,489589,9
526077,787772,2
90832,613466,9
524275,492640,1
809019,193754,0
435362,129505,7
599866,953626,2
608512,275670,7
195504,844361,8
176793,362577,9
840003,933959,6
49911,856005,8
892507,374373,5
98489,310047,9
966367,742655,6
818864,662743,5
726565,387198,1
638107,672312,1
548576,932851,2
435298,66872,7
925143,885400,6
928200,271243,0
793021,314549,0
640995,213778,7
977363,555885,5
772577,705172,6
829628,567413,5
525039,331274,7
737436,99259,0
247223,87075,4
474772,494537,3
692599,516586,1
266871,307844,4
934273,338196,5
70992,164320,4
727164,453575,1
251208,60588,4
310708,79585,4
587223,463827,1
549220,753440,2
81967,628838,9
883188,745269,6
738993,263774,0
252134,618627,3
279758,899576,8
184474,455079,9
515722,746013,2
252630,954000,8
891029,525111,5
545027,275310,7
150651,2932,4
294089,760183,8
408843,427214,3
199685,114638,4
727531,622335,1
598898,686753,2
261990,281647,4
655805,124417,0
76785,539114,9
891933,733319,6
906484,293005,0
545655,831439,2
3921,905456,8
5526,882332,8
369770,735118,3
141150,313866,9
158647,389433,9
207380,435936,9
778949,800379,6
979574,702166,6
313365,734695,8
33476,640808,9
73189,99124,4
985379,271688,0
269841,230461,4
362685,654859,3
231651,368074,9
235097,287191,4
820091,274543,0
249241,9917,4
678295,115614,0
125262,280675,4
313908,856657,8
850144,379250,5
65252,690552,8
113330,747760,8
609669,721912,2
190006,433261,9
828784,379513,5
481946,68224,7
642831,69959,7
808594,54329,0
113497,553255,9
565972,294944,7
126846,906555,8
471429,321953,7
80407,412935,9
201160,909171,8
437240,709054,3
74241,785185,8
605176,201206,7
672562,764634,2
207786,266759,4
434289,103170,7
980116,815910,6
15355,87549,4
442900,826637,2
293995,178349,4
517254,501914,1
669621,331681,1
572627,152685,7
177783,14391,4
872634,375753,5
296348,732522,8
500094,87285,7
7657,704407,8
979880,855337,6
659977,236226,0
250389,302308,4
902957,15090,0
632960,159258,7
656166,187857,0
320460,984458,8
788390,486668,5
441296,874194,2
590725,325379,1
651586,222481,7
242704,129406,4
939541,869561,6
717435,943433,6
289923,747777,8
896686,607217,5
503987,509549,1
1682,269753,4
749156,73985,0
479922,62532,7
980282,610942,5
105635,416264,9
164514,990134,8
188208,222138,4
473590,627330,3
543549,428615,1
741584,806742,6
915616,768114,6
702680,955289,6
549590,963876,2
868379,853343,6
146423,932871,8
765242,436944,5
734316,657662,1
329395,152620,4
99952,893283,8
418872,996885,2
657946,111299,0
609638,196207,7
665238,668164,1
840772,871409,6
774441,34308,0
620934,51083,7
552081,836282,2
396369,779991,2
322735,223456,7
635159,131277,7
376563,909277,2
220471,462544,9
991298,759093,6
87453,832851,8
741322,411507,1
214559,108407,4
999143,604129,5
603262,36722,7
195439,746900,8
158912,850667,8
166604,115325,4
279049,977652,8
408719,356568,7
852463,347729,5
286178,796032,8
910094,951507,6
987254,793666,6
152247,829269,8
528978,544597,1
44935,228151,4
537233,287012,7
813435,402472,5
352614,388736,3
488699,565002,3
995051,822396,6
13678,886824,8
857035,191593,0
108236,122851,4
756995,824486,6
150788,309716,9
399455,650874,3
241976,906605,8
325059,280044,7
708504,841474,6
656512,6583,0
640576,162587,7
612522,674038,1
560270,464324,1
893828,579301,5
321782,196547,4
368760,752038,2
508559,365599,1
628076,74059,7
714313,465553,1
562909,827049,2
219854,97050,4
135472,891008,8
175929,855071,8
188255,16365,4
59868,211032,4
817586,180635,0
938772,941440,6
785949,446675,5
272453,129615,4
442444,158165,7
280727,193529,4
651742,843516,2
984877,840599,6
951422,551836,5
711018,91314,0
725873,755499,6
678151,685964,1
8159,142032,4
132353,464406,9
284504,660414,3
587088,197138,7
311943,828816,8
913459,516004,5
485725,589431,3
581964,80122,7
626225,979941,2
871247,54104,0
340678,789414,8
686328,119098,0
688543,346397,1
908514,402216,5
58528,682053,8
272175,455770,3
127667,704592,8
91144,861484,8
977341,175070,0
406881,461404,3
831509,179175,0
408950,234339,7
538043,894743,2
960292,642988,5
712940,382726,1
482845,180348,7
114864,521113,9
355929,99462,7
661398,131774,0
740526,28087,0
72247,272030,4
10248,251930,4
198355,767121,8
17276,362470,9
49752,191072,4
354880,472929,3
518018,336337,7
830708,721522,6
630718,481481,1
252647,245298,4
727503,155203,0
502937,871887,2
811566,3548,0
638851,172409,7
678430,374539,1
877053,644820,5
501485,464392,1
40094,866828,8
788481,12168,0
523886,952386,2
757139,249761,0
738267,64984,0
195586,226239,4
409432,327501,7
317846,46767,4
16563,382757,9
998970,702863,6
19046,121363,4
756934,800922,6
112704,223258,4
300602,220496,4
883752,223518,0
681928,178903,0
832802,905771,6
305708,34757,4
161672,236110,4
302437,72991,4
760684,831855,6
998637,93618,0
439369,475287,3
162233,661430,8
655312,829326,2
490510,14172,7
203609,66059,4
254487,174726,4
620893,363857,1
350442,888545,2
786935,21641,0
735543,282751,0
203236,793177,8
928064,975354,6
788256,226468,0
248845,346382,9
643177,876585,2
771289,66630,0
864525,82475,0
174043,154096,4
905097,968233,6
106408,401808,9
188752,363141,9
321696,753521,8
431382,242732,7
597235,742365,2
933300,987721,6
637817,794245,2
886756,714001,6
229172,706534,8
729733,634738,1
54282,331635,9
796682,838679,6
688114,147061,0
664881,667225,1
57874,690168,8
657937,960117,2
694185,168199,0
920640,203439,0
206170,110557,4
144705,65636,4
158263,941452,8
986022,78691,0
566910,61587,7
104101,630804,9
929296,691151,6
185061,332708,9
831986,200734,0
749530,353269,1
404256,347057,7
988728,551931,5
315847,440924,3
619610,799650,2
731251,142957,0
694893,67684,0
577555,981491,2
919501,65172,0
355170,346690,7
834055,972260,6
779262,59879,0
398575,857604,2
750971,571883,1
642750,704931,2
776813,907664,6
109388,488309,9
18447,55251,4
616118,103227,7
944677,190610,0
593289,423058,1
341075,451556,3
307720,860379,8
402792,727874,3
383161,802457,2
896709,992447,6
56994,914718,8
678475,138713,0
358225,704085,3
559016,390220,1
434006,350200,7
818301,192531,0
872938,478734,5
91124,537121,9
393711,112491,7
652164,923250,2
68032,415056,9
860760,794799,6
190971,651142,8
748752,284219,0
871819,665261,5
58332,394125,9
63536,859468,8
79395,393250,9
366335,994811,2
800002,641310,5
509060,787132,2
338856,158585,7
354169,520302,3
719521,998148,6
882981,277365,0
687378,767482,6
85428,791894,8
369500,194908,7
834106,821170,6
420066,57967,7
261084,54311,4
815993,407314,5
740859,627479,1
45850,611005,9
164433,637471,8
986132,931881,6
136689,334619,9
951539,519416,5
837109,291735,0
203639,570053,9
893430,890659,6
313439,975644,8
665164,420696,1
638107,672288,1
153963,666035,8
59348,468570,9
268265,744266,8
891606,233354,0
988942,164043,0
82746,720882,8
873647,395500,5
183476,691724,8
806534,417166,5
324512,78816,4
677118,332329,1
455914,548574,3
893985,218642,0
730842,268588,0
163299,576881,9
647679,550837,1
928598,956074,6
742461,555660,1
981977,87476,0
214692,338468,9
639572,295846,7
289153,798885,8
863909,733934,6
229066,927139,8
429759,964289,2
818938,905304,6
455037,821781,2
684952,995527,6
822753,18389,0
70937,240041,4
377460,976235,2
587928,315384,7
668721,204499,0
21890,916891,8
187595,925093,8
47259,283392,9
986079,33093,0
205561,863813,8
111738,997105,8
345191,640965,3
700689,491511,1
826568,128578,0
17854,84332,4
369419,833065,2
338204,205871,7
86560,829287,8
829949,961778,6
603205,77624,7
634115,581481,1
961196,824024,6
375197,938742,2
444591,241006,7
598401,327478,1
934315,37459,0
577749,233042,7
740501,607937,1
597629,355913,1
836566,175557,0
593397,223945,7
843815,14220,0
996326,265544,0
6362,929288,8
548836,301922,7
405529,737987,2
361289,195685,7
893968,928245,6
21213,533108,9
950154,248537,0
167070,960353,8
653279,662935,1
962557,711074,6
37491,118308,4
416531,644500,3
113898,297950,9
647953,161163,7
682686,916851,2
527574,948806,2
583622,941817,2
126646,548033,9
791941,165645,0
7945,541111,9
464490,700059,2
900155,921713,6
246499,922173,8
976847,873194,6
777344,826649,6
493520,602720,3
919338,328377,5
37572,477177,9
928073,129776,0
160354,75080,4
874598,376743,5
926882,113907,0
451018,264014,7
290055,961966,8
778481,931340,6
47409,819754,8
620922,850305,2
81664,537346,9
185885,169283,4
143769,340872,9
39713,461281,9
765011,546981,5
112862,877555,8
78375,254308,4
158693,166552,4
252053,266403,4
443798,923218,2
531980,997333,2
185426,471313,9
364579,479593,3
521854,803166,2
823094,744740,6
850538,8553,0
754085,911901,6
331625,637908,3
331571,722943,3
511835,415936,1
642212,663744,1
561657,771752,2
845337,587539,5
768258,126663,0
839033,629980,5
82735,537150,9
892533,804957,6
912979,448058,5
520675,997756,2
296419,916393,8
826693,237557,0
637163,806109,2
279119,153298,4
489103,365647,7
440680,511064,3
459311,650101,3
252403,140406,4
815311,941738,6
801994,119700,0
813133,337567,0
489177,604029,3
927973,452405,5
586986,475611,1
602374,104119,7
937191,370627,5
128304,420426,9
104518,646213,8
903370,945466,6
448965,761747,2
686386,100861,0
183301,744829,8
357013,322779,7
955738,99845,0
98853,434807,9
808612,355699,5
239105,647397,3
806602,562955,5
588234,453591,1
515082,988653,2
299751,927433,8
367399,891753,2
705501,356234,1
239586,734517,8
39232,387669,9
566603,897052,2
764621,990346,6
752391,451622,1
426554,107959,7
472837,974783,2
189120,550857,9
253909,455776,9
233284,807043,8
984967,345015,5
671210,29289,0
273977,740758,8
936506,859806,6
769486,758280,6
415389,445375,3
425057,947097,2
873878,269749,0
677052,216343,0
88089,518866,9
595724,339958,1
683586,35628,0
806727,664484,5
983568,839102,6
789856,114476,0
1505,300734,9
442308,883352,2
507226,950580,2
404398,718290,3
307779,852450,8
132817,258515,4
873884,377471,5
163168,367998,9
948505,527122,5
349965,862056,2
577549,871358,2
919746,187078,0
230513,246126,4
640385,960420,2
794966,856,0
400143,216369,7
523783,227532,7
144010,392802,9
835693,493531,5
780511,63272,0
414481,192619,7
350510,23909,7
842323,930127,6
651531,293115,7
393437,508606,3
153675,825653,8
751977,489347,1
462525,658177,3
984679,502519,5
848636,36629,0
632701,807515,2
910598,426925,5
335706,220836,7
598261,986447,2
219588,617878,3
691638,364220,1
449727,575290,3
904654,535703,5
562839,650636,1
248767,38650,4
599542,516483,1
544796,390629,1
317204,256418,4
631908,479756,1
265035,455599,9
266550,909230,8
431088,298157,7
127291,389487,9
118353,171400,4
727242,758435,6
20474,113536,4
212603,230009,4
776523,24510,0
948005,126000,0
689736,396209,1
97237,273565,4
808693,708338,6
46568,670837,8
767552,257364,0
523366,221656,7
382963,465770,3
207650,974987,8
618400,463487,1
837935,184081,0
853701,153717,0
524453,498005,1
977355,415504,5
379271,412508,3
22212,321476,9
54113,491993,9
941010,559627,5
660749,210311,0
703306,469124,1
572652,575238,1
34503,901341,8
851907,11669,0
121777,718396,8
85022,979533,8
11802,365073,9
789225,505339,5
242796,683363,8
293528,328704,9
535729,9490,7
512205,644505,3
201679,625781,3
517247,381043,1
200021,763085,8
179990,95470,4
572110,457338,1
485947,322062,7
899263,926437,6
633644,658480,1
75982,42916,4
290094,624249,3
769189,764915,6
938873,648919,5
385188,859818,2
971735,957801,6
768125,882084,6
196007,290390,4
600850,491762,1
54771,550160,9
548775,276753,7
402198,752438,2
239159,548024,3
649110,601012,1
210815,176204,4
462408,694909,3
335910,640631,3
87093,776822,8
63933,524404,9
659777,885632,2
818681,574191,5
443079,836478,2
701945,606343,1
809039,527776,5
336622,609051,3
328846,926552,8
567626,92846,7
462755,535665,3
934899,847742,6
11346,703965,8
553016,545128,1
967058,358936,5
649378,106605,0
726222,626559,1
591455,596883,1
825724,943918,6
431406,641884,3
155968,369402,9
548679,649596,1
775279,116717,0
666181,509995,1
501558,695988,2
484125,698355,2
266491,928484,8
36242,128416,4
303309,728665,8
685837,869408,6
152977,87930,4
849605,317700,0
588770,469592,1
441636,586638,3
627677,383233,1
6927,430766,9
895927,853647,6
259789,278292,4
258104,959287,8
741646,861008,6
976443,94251,0
86001,431539,9
884702,202992,0
697794,834284,6
822356,347223,5
786475,285823,0
839609,314134,0
653339,672701,1
99521,665349,8
536162,280046,7
749710,387928,1
918533,799527,6
660081,982703,2
302427,896772,8
55847,622421,9
32266,306500,9
354329,218709,7
844268,623556,5
110067,896549,8
311477,998439,8
777968,323884,0
524934,575194,1
288533,377064,9
330622,774344,8
412543,623551,3
27428,989044,8
874880,111696,0
288709,333835,9
780831,442648,5
597783,954776,2
932186,256872,0
249454,576636,3
526023,884703,2
208533,826548,8
802852,546649,5
546427,809578,2
593412,475828,1
255989,415909,9
192172,846313,8
988814,13216,0
130884,777447,8
561692,368849,1
257808,984385,8
562773,537507,1
892235,804885,6
708579,97841,0
417643,328954,7
746253,287209,0
130704,746279,8
713269,916352,6
144414,167801,4
231990,63558,4
229663,948312,8
280595,976225,8
417908,788474,2
898702,489033,5
186425,247527,4
190353,267984,4
12138,14921,4
786947,231826,0
314382,819284,8
711179,790105,6
295972,405567,3
379092,410743,3
361258,678175,3
89265,281920,4
239890,832301,8
492917,470334,1
916532,164813,0
20227,971563,8
74371,958528,8
991254,21153,0
520947,562627,1
79033,321459,9
771840,318588,0
523854,425319,1
344797,9338,4
945133,855381,6
389183,6560,7
265074,111050,4
424769,99358,7
920986,21523,0
740187,329050,0
359526,566092,3
322584,673922,3
622218,630308,1
592288,588483,1
638014,114277,7
663402,803335,2
660286,429084,1
625125,478427,1
934690,339251,5
804762,638473,5
826726,787501,6
534460,680889,2
706589,641537,1
313208,96739,4
906605,310909,0
459723,574082,3
602035,413347,1
128374,583909,9
775179,444621,5
749282,188514,0
359523,508482,3
72925,663146,8
498597,930673,2
833717,293063,0
514833,813434,2
388995,844543,2
236371,693171,8
139819,947332,8
811567,8635,0
138413,315868,9
801015,673243,6
200525,223821,4
763551,7056,0
590476,143178,7
409123,139643,7
995757,702449,6
62265,496860,9
742088,285157,0
643041,592123,1
811695,162319,0
101568,55246,4
520268,159936,7
46296,102444,4
792933,829903,6
185660,395368,9
964638,676483,5
652849,435565,1
550568,397819,1
152064,754179,8
490488,635032,3
987000,521830,5
407496,798676,2
362071,334469,7
428098,53461,7
524284,646999,3
128815,997524,8
391913,897729,2
131898,814592,8
857323,38682,0
143491,655835,8
625899,492098,1
705739,357787,1
326824,935308,8
723834,481253,1
427939,385921,3
184573,128983,4
817850,612324,5
342845,210738,7
881800,427627,5
130671,190591,4
267235,427266,9
67747,628410,9
691842,801718,6
477036,544904,3
215598,561719,9
816658,586970,5
209710,606022,3
413297,298958,7
603735,989949,2
79590,675763,8
550824,712230,2
462383,277724,7
714113,98931,0
741811,619232,1
444505,811136,2
776045,990718,6
13863,995951,8
953366,228704,0
835594,833887,6
140233,909858,8
984806,637788,5
303375,836684,8
148193,692898,8
545404,609567,1
996409,659240,5
861061,858248,6
588379,893258,2
553,302109,9
553475,261748,7
200798,827698,8
130502,349047,9
447881,536121,3
588399,229221,7
523185,171775,7
27688,360948,9
461790,311938,7
756203,505861,1
9825,129801,4
575003,78633,7
600173,119382,7
467887,790558,2
921829,195578,0
92933,926286,8
102048,130149,4
422412,484742,3
71809,896248,8
247182,394950,9
930477,537869,5
968182,245945,0
611228,917209,2
533037,760546,2
504739,158097,7
140300,33192,4
866613,180893,0
274111,983804,8
798125,100753,0
355945,381289,3
337149,479427,3
731777,976307,6
792547,348660,5
928703,715504,6
489538,676932,3
200834,424584,9
991452,344550,5
858842,562249,5
729703,133921,0
819681,391462,5
316090,530390,3
270822,715025,8
432784,810919,2
124769,8727,4
684872,656654,1
390260,104710,7
875568,683202,6
591536,959650,2
843084,720645,6
885627,737099,6
424288,13200,7
867503,136263,0
175784,415960,9
41967,350887,9
370304,703190,3
530290,584858,1
713165,178672,0
940850,873719,6
601849,286603,7
940481,679218,5
626374,474533,1
488915,205711,7
401028,84201,7
175296,214159,4
386127,641387,3
791552,621400,5
871793,238403,0
855829,924247,6
826691,201572,0
826413,532837,5
405812,489540,3
714764,54502,0
20711,106190,4
741376,307548,0
975924,361745,5
852747,125140,0
240505,174832,4
416873,392404,3
148569,3519,4
147042,337802,9
439983,800248,2
783854,249551,0
217802,605584,3
53951,765247,8
517932,887348,2
661536,440960,1
227993,889612,8
710972,310963,0
356093,860033,2
590797,530256,1
25609,417438,9
889163,178373,0
925235,435272,5
619462,304408,7
195946,276109,4
566582,553216,1
914974,981726,6
876146,388581,5
892621,296835,0
909231,445786,5
326123,154086,4
734435,655225,1
376752,77031,7
666373,739124,2
466795,429505,3
693956,329443,1
950934,348955,5
902963,108279,0
853403,151829,0
803287,847353,6
467492,144703,7
30574,868973,8
829608,233431,0
281467,629755,3
301707,790169,8
382906,505122,3
601844,199714,7
607957,948931,2
692609,692664,1
604029,916382,2
644941,535503,1
214766,574095,9
825564,264114,0
971981,90327,0
140247,137941,4
390566,243692,7
744170,272283,0
275760,714148,8
699847,344722,1
751476,60285,0
212392,681330,8
123396,925688,8
53287,608609,9
901716,144058,0
184126,621452,9
747658,895350,6
158646,377811,9
873764,362032,5
683503,641032,1
825182,840911,6
199260,979533,8
14526,140223,4
739877,115585,0
645795,881160,2
665054,573625,1
930878,282618,0
970928,401402,5
377619,656876,3
121896,716710,8
760007,442054,1
608636,356569,1
857229,454242,5
449819,113962,7
365341,297652,7
637426,222279,7
843758,57242,0
81743,869167,8
102831,282566,4
95369,874429,8
543409,90667,7
852745,95658,0
737657,809584,6
681826,458221,1
329314,786449,8
863653,428241,5
451844,147923,7
142381,3093,4
984662,215605,0
673323,545517,1
518864,560591,1
866827,771295,6
155186,214598,4
756696,800286,6
415388,428290,3
278066,460679,3
640640,238870,7
689148,517946,1
126412,614812,9
161132,154923,4
797646,38277,0
335809,957734,8
648046,719996,2
984715,118110,0
84900,928852,8
217477,147341,4
364358,768258,2
118876,958933,8
802684,725854,6
433749,28142,7
995563,442586,5
548134,501244,1
413189,477128,3
105874,427443,9
43231,585471,9
12472,619423,9
654726,981077,2
967103,101831,0
479304,674999,3
714045,958269,6
635340,165944,7
22378,117352,4
350474,426084,3
196838,261986,4
202554,334918,9
977030,958552,6
393412,90396,7
300428,299656,4
323528,539249,3
159444,782065,8
169668,619777,9
599049,219616,7
99443,343280,9
515300,650995,3
276175,682348,3
237983,787733,8
437784,837347,2
304980,808332,8
645195,801329,2
938495,299800,0
749170,309003,0
428162,134752,7
785094,78314,0
231041,119045,4
793097,581905,5
81180,406022,9
27826,685708,8
709456,828054,6
108689,751596,8
84450,356691,9
908231,641616,5
647369,343484,1
945879,398898,5
290685,546575,3
297761,481631,3
786677,681881,6
374329,353567,7
411834,696195,3
964449,500440,5
908429,972949,6
364581,526903,3
667783,437339,1
363141,322690,7
458820,393258,3
491298,258674,7
550181,907967,2
203540,908460,8
500243,591520,3
679881,761771,2
97192,519361,9
