x,y,cluster_id
242578,13469,27
383138,414652,40
67768,993126,73
484308,765337,60
31833,30935,1
932640,887879,67
591329,478778,18
833354,186335,35
735652,115053,98
698658,355604,42
638300,908210,69
294000,264971,20
377493,541620,33
9281,999465,73
12901,842497,39
852470,467010,92
53607,976747,73
196754,856972,10
144213,800662,10
729397,985790,17
183405,499760,29
469862,970991,30
450770,95791,66
974081,390235,12
680670,26669,32
231241,468739,50
97960,415410,93
796294,316402,57
778534,828493,62
487140,369048,11
602845,24264,3
811111,355792,57
806109,274877,57
859817,951019,94
777276,680837,36
835185,961129,94
705424,73751,32
536857,957185,30
418065,418776,63
381617,836927,70
240062,726211,54
431612,116690,66
223913,309587,84
244801,377033,84
807539,314736,57
775229,283334,7
996348,632867,82
600910,509480,79
834128,199442,35
35980,730005,74
197911,293197,71
770346,214750,35
309220,60662,27
557590,416916,18
115944,685545,61
959950,893088,67
136133,997800,44
27973,148064,52
522975,641339,75
989146,578132,90
680530,674978,14
362046,914709,15
530369,917610,48
283108,208988,9
471815,806578,70
161689,514298,29
813117,64168,21
479624,43309,3
902915,294501,72
685730,66033,32
821219,242774,35
310257,492554,88
356179,307990,81
396981,70916,91
886516,684032,36
528226,902819,48
686503,63316,32
152140,23765,1
418942,174793,13
752751,490316,51
747743,329274,6
117577,118127,45
374985,376969,65
728744,14480,78
382012,490499,33
827576,79664,21
923967,118042,68
938251,195973,68
726117,857863,62
103637,838910,39
565110,810400,16
406969,934977,58
160874,816054,10
431739,248100,13
830522,596218,47
645779,608168,89
495466,304382,64
755627,828610,62
455550,438144,63
897430,118944,31
98993,780745,87
997533,539816,90
698849,561277,51
384785,92576,91
929386,192648,68
841254,969376,94
318446,127999,9
288386,909935,85
279052,41813,27
755507,809000,62
866244,973541,94
313587,467795,88
243042,823442,22
599615,743697,16
327666,83176,91
951140,823081,67
527120,310801,77
646964,528517,79
786098,952490,94
515310,819254,16
207082,441170,50
757169,750570,23
841330,249551,72
217528,1761,27
607765,712493,14
871078,223776,72
14974,680695,74
452619,175360,13
288399,131390,34
272306,650010,46
719640,990750,17
535380,148002,19
469616,838895,70
313226,398227,40
5279,739131,74
580105,833601,16
347811,666053,46
354997,440055,40
14917,711650,74
706767,635577,89
146365,957588,44
183773,679719,41
48126,868372,39
730391,687771,23
373259,371670,65
663645,885499,83
586741,364693,11
406085,74556,91
75646,387667,93
531298,530090,97
229012,19601,27
439383,726733,60
208291,749221,54
166750,575130,29
211249,463602,50
769233,500985,92
67848,329471,76
430095,618497,4
83209,503956,26
994746,709053,82
62870,660778,61
710643,782564,23
561766,616936,75
851959,876326,95
416611,994392,58
751597,103922,98
622708,854272,83
763144,172256,98
113940,992884,44
414314,380142,65
62500,450930,2
789565,228458,35
697292,386877,42
247648,231501,71
849283,902588,95
803927,613533,80
663457,738469,23
452902,931007,58
436138,171789,13
273068,465220,88
955457,369525,12
607397,533230,79
999677,575269,90
555215,505000,18
540809,380896,11
724384,729940,23
104473,885740,39
639572,287519,86
332946,834822,15
860169,869593,95
256492,871667,5
117700,192914,45
305697,859094,15
796018,674653,36
900226,112347,31
221747,915444,5
880066,285789,72
257319,771158,54
861762,644236,47
684291,882927,83
369671,66247,91
417820,301777,81
980466,702029,82
7364,783108,87
703318,672688,89
870522,869668,95
524434,177186,19
980344,642136,82
393063,217912,13
447246,868568,70
31640,773725,87
9819,42467,1
744825,278843,7
523351,969780,30
102327,819686,87
470454,926986,48
854907,426604,8
934752,387852,12
632230,906357,69
147351,540271,29
343122,859703,15
37949,811880,87
271485,855588,22
870383,540877,47
534808,524330,97
423039,21274,91
554457,763045,16
498689,467937,18
617602,46054,32
32396,486973,26
571333,395104,11
522923,772502,16
453133,808894,70
94785,52884,1
826935,303685,57
42690,506413,26
285958,109358,34
982686,19644,96
173411,524345,29
675854,86444,32
873180,538256,47
478759,506532,97
299840,413003,40
344194,871591,15
838942,102171,31
196498,555389,29
424329,714240,60
233338,727393,54
302701,508484,88
92123,325340,99
998452,999447,43
711751,399947,42
915277,68584,96
703078,646216,89
966967,821532,67
497813,752719,60
952957,363209,12
467852,199519,19
319607,637251,46
293620,877284,15
523256,367777,11
237859,699470,54
999000,202858,68
442180,722977,60
79262,168652,52
539282,715609,60
251904,750679,54
674102,637241,89
116274,231005,99
506655,355788,11
732259,84308,98
967997,128374,68
585623,581955,79
922186,193661,68
864539,311585,57
811253,744298,36
429059,196341,13
917628,585903,47
274474,86126,27
521532,393337,11
826258,922274,94
661199,778269,83
376760,214791,13
994520,904005,67
626417,198418,28
813554,408777,8
327680,324291,81
367317,511847,33
620384,803852,83
341576,879053,15
250295,716161,54
534048,751257,16
386673,821553,70
854750,796623,95
844887,19776,21
383249,271130,81
883418,620394,47
964801,416189,12
902504,390258,8
74399,429715,2
223790,239575,71
552139,814155,16
516846,642578,75
822119,358702,57
709654,167894,53
807477,278000,57
359047,513118,33
989323,555229,90
734375,650304,89
661679,842450,83
72134,360306,76
669352,806694,83
106581,312340,99
513709,915202,48
801957,495907,92
725267,570966,51
239062,924139,5
4986,808315,87
353592,834880,15
839796,454535,92
374671,108680,91
592807,314266,77
880309,355704,8
327136,184438,9
855266,459639,92
154120,306519,99
672925,858988,83
25724,353126,76
998767,287106,24
403714,223334,13
576057,802292,16
127505,976868,44
225842,738540,54
646862,809815,83
561670,1315,3
111739,2849,1
893928,255271,72
349886,542663,33
542610,659326,75
304556,687893,46
434005,323590,64
589821,134435,56
462490,70127,66
629891,585425,79
253674,504712,88
696317,16186,78
52367,132880,52
315584,25240,27
210313,743236,54
574919,671006,14
608211,212948,28
31110,873539,39
579454,892040,69
521551,712622,60
41863,596998,37
751981,550487,80
35726,446954,2
959509,480178,49
357800,549171,33
923869,471037,49
731501,345154,6
16405,722120,74
675589,628740,89
237498,636867,41
829868,607283,47
621287,975722,69
973083,621237,82
132736,906385,44
616378,468377,25
14476,303459,76
245720,816957,22
608290,539205,79
424689,751438,38
430810,628092,4
345266,893285,15
456783,165931,66
810127,812538,62
334136,834506,15
549359,88853,3
352562,523797,33
458504,87214,66
817071,518386,92
520241,704018,60
443985,70005,66
588148,7255,3
937220,858295,67
379421,943657,58
52889,905543,39
469229,342547,64
188338,400091,50
335425,498812,33
536861,26511,3
579792,570720,79
104485,89116,1
780534,447421,92
815274,324253,57
733585,370990,42
235025,68069,27
47294,877899,39
859542,324578,57
186882,928701,44
689450,600241,89
266814,354545,84
842451,76321,21
733023,918199,17
184514,137053,45
455505,682579,60
107825,225534,99
556607,898878,48
458725,805522,70
420218,606961,4
197918,418513,50
953410,967169,43
215132,729668,54
532081,695311,60
97791,579595,37
262600,528353,59
31083,414922,2
596607,175765,28
82470,85277,1
252503,829532,22
958437,460401,49
966716,608715,90
679522,741861,23
466695,750819,60
22240,788280,87
625487,571436,79
128128,461503,93
481417,186445,19
589343,103250,56
330431,556650,33
624015,829410,83
905440,730891,55
89809,423409,93
243339,806022,22
817059,316019,57
347653,17202,91
127524,307548,99
960467,574613,90
532236,291130,77
25211,730439,74
503756,634589,75
538167,985049,30
730439,490467,51
283424,520330,88
197125,91670,34
697768,401666,42
808041,751828,36
983132,511241,90
432666,828883,70
48384,205276,52
80313,821012,87
757363,8609,78
707157,189128,53
680946,675023,14
127441,915777,44
464064,524562,97
320625,760533,38
294147,739293,54
312291,675442,46
165789,427107,93
397577,92002,91
290437,384309,40
82044,925550,73
721616,213077,53
186101,803504,10
504920,205865,19
980372,124577,68
776937,996788,94
17328,239384,52
332762,745003,38
267561,910812,5
19009,497406,26
906774,166610,68
230936,355255,84
779472,588468,80
394199,317563,81
290800,475775,88
362539,193552,9
44196,805903,87
813759,851464,95
564542,260234,77
763298,762542,23
44144,930766,73
389826,819942,70
765440,760514,23
966042,280601,24
70368,685962,74
964895,1139,96
146132,46477,1
147215,254032,99
524450,432983,18
161411,846487,10
913975,182299,68
909292,474804,49
46046,897454,39
512430,424367,18
349529,550215,33
478212,309860,64
823446,666155,36
77972,484115,2
526598,538193,97
414083,500447,33
18624,25006,1
287518,320761,20
30486,382682,76
751338,737903,23
952214,869233,67
200549,641193,41
542255,683283,75
943362,87182,96
283571,981982,85
172243,900475,44
299713,279151,20
697794,836100,83
339123,647658,46
193305,887822,5
638140,228485,28
149953,269467,99
948273,637831,82
40760,64007,1
770440,791028,62
808978,506184,92
446060,935134,58
809826,753518,36
387116,265002,81
893533,617219,47
601806,554563,79
553467,135407,56
786284,90982,98
141422,887534,44
789736,94881,98
675275,347341,86
775765,297738,7
89194,87366,1
364210,280764,81
805982,141354,98
738005,650951,89
540762,602548,75
28278,269437,76
431553,118445,66
710573,606347,89
879124,448669,49
782282,820982,62
259457,706066,54
852164,326385,57
562070,710548,14
196002,221354,71
306021,297215,20
301958,10359,27
109793,296194,99
136531,678842,61
313124,676199,46
877292,655694,47
250228,591121,59
977002,486192,49
430209,531175,97
471716,133042,66
41837,161437,52
279457,847490,22
779934,351890,6
223913,306152,84
499712,666297,75
460131,429919,63
652146,630747,89
974738,421745,12
270729,152068,34
810341,405655,8
858824,260347,72
659526,658617,14
390842,895279,15
965477,784319,55
64369,856170,39
654323,218280,28
638217,520501,79
65709,374082,76
205302,517220,29
918035,424475,49
152224,438185,93
585705,946647,69
297843,849297,22
146692,467539,93
943533,961072,43
748604,789923,62
252586,226657,71
426687,344493,65
895017,552102,47
178670,911525,44
1627,348707,76
724558,661643,89
239147,350197,84
768439,165283,98
911430,418744,49
831055,548144,80
672461,65380,32
854762,994810,94
776296,213350,35
780540,535883,80
586894,931210,69
856026,239074,72
130708,813366,10
255189,965174,85
693344,48560,32
150135,330008,99
458016,877102,70
468099,356033,64
855049,823421,95
250833,762169,54
776482,340047,6
179205,906942,44
983798,704694,82
802638,939609,94
16014,161869,52
544660,113148,56
689317,352054,42
984868,680902,82
922855,425236,49
955076,975835,43
863676,810105,95
443603,642803,4
599618,782140,16
441281,616519,4
840588,775751,36
54643,393956,76
230453,232462,71
997603,714695,82
888529,521034,49
25289,44722,1
644519,436345,25
654821,587228,89
546599,692868,75
35328,765762,87
175141,595542,41
289130,412239,40
502562,564201,97
536599,627309,75
189077,819114,10
865331,624967,47
821899,668647,36
957923,814533,67
856777,853233,95
292285,447019,88
63966,92841,1
380868,255788,81
36412,991412,73
667741,733999,23
325196,583595,59
488764,667166,75
67141,453105,2
335806,898567,15
222368,343760,84
589718,397795,11
753452,271553,7
218,666513,74
86064,492552,26
331103,860917,15
437529,555893,97
900287,138799,31
797276,820266,62
220819,307277,84
411484,813708,70
5974,405751,76
461672,330896,64
385117,664285,4
653832,955598,69
749923,957199,17
647581,895951,69
263295,210696,9
172066,923309,44
62027,503377,26
270310,113454,34
826725,781561,36
697279,176449,53
591138,271203,77
123186,389876,93
648284,724937,14
27815,496005,26
365009,710649,38
888142,6528,21
732732,42238,78
906359,176035,68
626265,636628,14
812437,629874,80
297298,690003,46
894775,491711,49
190341,69922,27
185334,911032,44
728059,491349,51
114253,261181,99
681789,835962,83
22854,118492,52
508964,170729,19
444857,724577,60
966472,504457,90
421891,732427,38
916412,152779,68
759500,932912,17
463855,26065,91
87796,603038,37
264076,325429,20
490573,73370,66
133243,423548,93
587391,294335,77
900293,241081,72
864629,826222,95
319393,42303,27
989090,639798,82
88958,130479,45
963129,319547,24
637683,550394,79
476744,645707,4
401749,208499,13
255176,755091,54
824497,334896,57
604644,259054,77
936577,58469,96
702505,2611,78
893644,477155,49
557158,159383,56
757319,269378,7
436915,244025,13
341386,678381,46
556456,363597,11
976096,261845,24
837832,455306,92
340140,738492,38
838163,10166,21
863728,683183,36
273097,950126,85
773734,164077,98
652271,725725,14
272943,365600,84
655343,351713,86
243255,402613,50
723965,680854,89
123297,261724,99
804150,361057,57
297167,501711,88
271521,465598,88
320205,686505,46
102040,1116,1
758899,819795,62
307084,162805,9
267077,770362,22
487890,978026,30
686407,447194,25
993502,791547,55
542651,338569,11
337652,918201,15
220304,659358,41
838643,89632,31
452402,525893,97
691637,347229,42
881189,156135,31
175218,898030,44
202446,516774,29
433467,286153,64
381265,933473,58
891852,364863,8
261152,191209,34
652788,414443,25
552273,60222,3
152052,547179,29
447529,629865,4
149661,361168,93
155977,515622,29
69174,623831,37
735693,807013,62
480659,444560,63
731063,990739,17
351500,667669,46
522571,854045,48
946983,952144,43
692021,812608,83
511050,224011,19
966500,978391,43
824190,168318,35
933801,405607,12
51988,766692,87
795650,499217,92
350803,954842,58
41902,262928,99
39298,496141,26
658151,545651,79
758756,412482,42
598829,521751,79
72999,895807,39
831767,524524,92
688145,665722,89
805639,387532,8
260766,707758,54
302174,653878,46
737836,820310,62
953547,269616,24
448563,15009,91
273042,21652,27
919776,682284,82
152520,417282,93
268832,274600,20
218522,701903,54
886238,17152,21
282081,937983,85
695537,894112,17
351414,225027,9
30544,369400,76
509515,434505,18
726246,31457,78
698925,838227,83
90299,656945,61
284910,495104,88
222096,768958,54
885650,129575,31
781288,108898,98
254319,347684,84
541060,609374,75
749789,707047,23
349649,565372,33
222516,835035,5
435364,172746,13
346145,673032,46
650491,814657,83
945008,765865,55
904353,475219,49
18253,782937,87
825366,939543,94
903418,749907,55
692057,410394,42
498846,114126,66
122227,272752,99
145801,483149,29
299740,744382,54
830073,38872,21
337565,463319,88
3177,407989,76
72370,324033,76
34459,166962,52
135095,541866,29
145298,37440,1
268732,595015,59
419959,266128,81
816027,971400,94
326940,881076,15
254108,809641,22
647788,378185,86
160600,220332,71
127164,246854,99
886556,346737,8
621975,539081,79
345074,661911,46
740201,573687,80
967708,277254,24
808407,912229,94
848464,150921,31
545608,35536,3
268556,622215,59
580360,118124,56
315317,532872,33
993768,265875,24
564594,145663,56
159422,415063,93
968169,19403,96
118412,165552,45
446318,280092,64
512132,404636,11
722206,119429,98
246048,329758,84
247805,860895,5
73814,600265,37
654149,291218,86
505451,130000,66
916369,427290,49
469615,830755,70
513926,568692,97
9142,661204,74
862551,907201,95
328505,197791,9
274385,597895,59
821890,507690,92
751772,35476,78
258163,962228,85
177659,927442,44
532199,682958,75
486770,152062,66
719304,358104,42
657716,242012,28
511020,725362,60
167867,340893,84
389685,436554,63
168204,4930,1
865417,75490,21
772478,47852,78
256073,828780,22
314452,8313,27
721180,884284,17
175914,600878,41
972434,711106,82
562233,463928,18
242174,218545,71
91632,73475,1
895381,682700,82
148105,206138,71
574866,777720,16
148148,932684,44
622352,886595,69
15845,313634,76
260497,179452,34
64106,436877,2
606106,827812,83
44174,442853,2
38842,831778,39
702222,253625,7
684563,456885,25
867658,729092,36
855769,925571,94
78773,940038,73
234979,302275,20
337800,408333,40
861433,115931,31
468418,707094,60
134634,805523,10
436332,443267,63
989277,779134,55
921152,804133,55
79997,512120,26
203381,227984,71
728568,57905,78
220248,712328,54
108589,67620,1
493188,26330,3
535295,713444,60
856125,894547,95
661345,229144,28
224344,555068,59
35232,161004,52
9371,502253,26
372830,154043,9
16201,300869,76
720729,295774,7
84228,635636,61
135320,335573,99
983496,627689,82
581780,989074,69
382185,391124,65
625693,35387,32
753161,377106,42
29806,965724,73
925212,50386,96
854117,145873,31
699758,848907,83
591717,993080,69
705928,543080,51
548909,523414,79
34276,83044,1
721979,309497,6
730015,369676,42
153033,40352,1
209195,951779,44
557925,45782,3
460857,634163,4
390532,680045,4
524206,332584,11
751909,350477,6
478207,238507,19
593432,812433,16
564719,245211,77
275696,632427,46
204459,355115,84
423492,636566,4
768454,409700,42
836554,972956,94
474675,868969,48
767850,268745,7
799870,421564,92
235436,983230,85
153839,583642,29
273905,538073,59
393064,234339,13
545063,884139,48
738266,52157,78
605151,789116,16
681866,121999,32
443740,940641,58
357292,15947,91
37314,142958,52
695613,169161,53
93245,177303,52
934087,209417,68
683274,802244,83
329324,964006,85
61453,846185,39
847387,38238,21
669441,304301,86
388493,413164,65
51053,57149,1
518097,671399,75
204299,655409,41
463472,580675,97
405447,351155,65
865230,932593,94
90591,573776,37
453396,227115,13
122325,925423,44
585910,392221,11
72148,603604,37
784572,309345,6
163232,447450,93
297934,391186,40
669410,783276,83
523323,500049,97
335821,143853,9
748186,770163,23
143503,855783,10
153310,696870,0
299309,495168,88
296116,831163,22
359620,145829,9
962045,96997,96
234047,631645,41
66130,450176,2
123385,735202,0
555062,930672,30
816155,122266,31
936490,602538,90
859314,500129,92
668252,320747,86
798684,496473,92
232905,438296,50
452176,736052,60
833106,26009,21
141307,949091,44
378831,13075,91
751950,25212,78
745536,240149,7
197255,274272,71
693050,102709,32
239531,813463,22
883097,219721,72
867177,651950,47
333819,497642,33
879322,774805,55
158403,282467,99
437674,987061,58
535721,864875,48
956956,569361,90
264541,152769,34
589402,90625,56
137783,724098,0
924659,744082,55
796387,879672,62
662489,457969,25
99091,428118,93
386559,904085,15
965117,737080,55
103915,513843,26
163639,293112,99
348921,321667,81
270602,23702,27
371931,49495,91
872748,275667,72
146722,969327,44
488819,596305,75
101812,161350,45
820818,492225,92
838009,433553,8
730040,787800,23
559365,254691,77
592493,41438,3
452454,404403,63
808356,44645,21
358498,278535,81
343883,656200,46
766914,538329,80
711036,394351,42
869030,793574,95
611259,433397,25
107854,709571,0
774190,821240,62
593434,860854,83
389015,175340,13
944062,863325,67
904945,420155,49
559495,443429,18
713401,137053,53
465648,155552,66
372323,636105,4
22946,669984,74
428548,614195,4
788360,968954,94
216611,582131,59
884498,772624,55
501411,221118,19
341683,672160,46
4474,207135,52
324423,585788,59
344812,260619,81
228897,75460,27
268969,564252,59
387670,572543,33
734233,269060,7
105796,122725,45
641645,133418,56
366279,58809,91
406691,267197,81
787883,956607,94
696008,810665,83
849490,387349,8
187938,683689,41
762548,145832,98
1247,969778,73
61106,10156,1
697222,216741,53
769867,168569,98
150759,807388,10
778061,878874,62
241909,774239,54
648644,768397,83
455517,880961,70
327679,309241,81
420151,482812,63
636180,292454,86
283061,412256,40
793444,429173,92
119609,276762,99
548990,875193,48
372582,989898,58
231415,399510,50
579637,962833,69
345796,794865,38
300875,814105,22
673124,211328,53
790360,581230,80
737625,272812,7
162626,267198,71
810016,945471,94
547859,873238,48
515237,603928,75
230113,513108,88
812783,457341,92
545122,879278,48
31104,780084,87
886726,208887,72
780325,939040,94
450219,837236,70
428397,72104,91
867855,48646,21
608610,922980,69
532228,163787,19
773860,276242,7
807459,978869,94
853246,522099,92
922630,658647,82
895314,558027,47
773335,454523,92
174958,527402,29
56195,480200,2
725944,955187,17
842620,914593,94
569582,966320,69
948107,839537,67
99223,647872,61
791721,463593,92
608784,844791,83
403138,543117,33
168961,736218,0
621532,98395,56
739130,569993,80
886779,105735,31
90082,19726,1
544786,233272,19
618436,55810,32
12355,661680,74
871635,576546,47
12552,975694,73
495722,605387,75
741714,238,78
11499,271766,76
575154,628918,75
240742,158462,34
282576,257007,20
524368,60129,3
591842,94499,56
259734,350116,84
402581,190496,13
670601,797720,83
292782,790946,22
446040,594992,4
46015,390610,76
993732,668097,82
708336,11153,78
462346,653469,4
865517,751617,36
431338,506075,97
602926,391413,11
489633,271500,64
104404,719744,0
745281,939802,17
260342,573491,59
663712,21535,32
954379,255236,24
765984,902903,94
96337,148934,45
139275,799879,10
576323,263659,77
322871,501548,88
522994,972856,30
798314,263975,7
641468,162387,28
254220,677608,54
560911,234065,77
939487,973489,43
429920,667674,4
601719,95697,56
383606,280928,81
567093,146859,56
273254,582893,59
691052,527648,51
180700,26089,27
486346,33361,3
709503,624747,89
129371,350974,99
833279,930390,94
77562,595368,37
360088,413,91
943914,376378,12
799696,494948,92
600324,662232,14
147557,4582,1
18892,533151,26
684244,98451,32
679476,966777,17
621846,377735,86
606424,184923,28
2469,507869,26
760893,341951,6
170468,58201,45
188936,450198,50
481465,983623,30
765368,550158,80
515568,161918,19
368816,699929,38
707770,504196,51
38803,178018,52
956165,274246,24
263093,811242,22
549946,951166,30
249375,258902,20
377096,861000,15
827171,274018,57
425691,597573,4
415183,994431,58
415829,847539,70
602008,949619,69
251351,457359,88
837562,920270,94
979574,700914,82
267319,837844,22
649455,398050,25
39719,571985,37
367024,584263,33
718978,870128,62
256065,700404,54
700113,814213,83
483066,903289,48
588381,928039,69
554483,212161,19
794661,879351,62
255422,893973,5
5303,142275,52
223110,819353,22
874756,39219,21
161644,755281,0
15347,948811,73
672529,211090,53
803106,813531,62
27758,542002,26
434785,444295,63
271661,811357,22
483756,491700,97
12831,661349,74
301021,267390,20
34347,278044,76
95313,930538,73
560008,66389,3
812235,235757,35
383949,40690,91
881513,594492,47
627292,901896,69
171516,683638,41
917026,460890,49
180264,702775,0
552612,754461,16
232109,67054,27
982663,621556,82
503817,659632,75
436894,880913,70
514167,613852,75
24935,94850,1
145688,579831,29
230428,819261,22
328540,776104,38
996164,541967,90
856088,277164,72
302927,303302,20
608687,211545,28
439819,46454,91
766181,205278,35
123733,592661,61
855691,599541,47
499790,974694,30
684477,16473,78
863901,591963,47
133589,246594,99
516366,566603,97
899298,515966,49
849073,384979,8
355820,267841,81
609764,307010,86
932852,445981,49
615953,326408,86
942830,155479,68
150533,8922,1
964888,880589,67
69581,457699,2
559233,40274,3
896103,804760,55
608177,643948,14
839299,99800,31
338913,115578,9
531827,427889,18
540352,710404,60
774367,798947,62
907227,773395,55
463358,658925,4
564644,975500,30
242637,2980,27
100307,862353,39
579898,353254,11
151113,757299,0
934581,513414,90
959552,206042,68
961499,920383,43
889004,501238,49
320196,545130,33
3435,746576,74
702916,912419,17
28342,348857,76
254831,960087,85
195418,396498,50
949062,889182,67
482897,60572,66
38358,696095,74
277616,897886,5
782126,192715,35
976367,815555,67
47561,367183,76
250198,93442,34
489054,543753,97
868320,862548,95
857057,565897,47
34491,702990,74
158204,950383,44
92834,265531,99
783404,680779,36
864418,276963,72
932470,28687,96
154262,697631,0
97959,397025,93
814029,399500,8
409374,358252,65
152011,861245,10
949625,357007,12
217499,509412,29
697051,337279,42
649929,369638,86
511522,150934,19
752145,317765,6
693008,399197,42
307755,451051,88
822738,772750,36
625918,811399,83
184419,543721,29
334906,773060,38
820718,807505,95
750658,320686,6
785342,246740,7
966998,336515,12
815811,338525,57
590288,980198,69
201272,782310,10
296841,20052,27
20866,697485,74
639954,718517,14
117304,528517,29
801422,503480,92
990531,856212,67
365333,163257,9
870528,967686,94
903693,378242,8
114596,19018,1
637913,404685,25
548960,376755,11
125468,753744,0
180463,52461,27
725937,832360,62
488572,444666,63
514411,717296,60
602637,521330,79
996356,770079,55
721412,781988,23
888241,674649,82
828435,516216,92
54127,717784,74
806198,773172,36
717055,545110,51
675831,706302,14
819734,276546,57
924551,936277,43
14241,361904,76
527166,86567,3
935600,639263,82
104474,906597,39
187777,975702,44
635548,659510,14
386401,243495,13
430963,196589,13
74268,225950,52
550329,381741,11
930692,149910,68
551242,725455,16
737414,718154,23
14629,885911,39
506598,393911,11
475021,678999,60
949483,969361,43
63705,704533,74
90754,306791,99
238242,139257,34
500294,441330,18
447531,654471,4
704467,984301,17
151992,535817,29
476856,532104,97
86363,514913,26
155124,175092,45
776137,545787,80
46215,751050,87
899979,947709,43
150080,410950,93
844016,388512,8
724458,966576,17
258840,327095,20
488267,305935,64
855019,307585,57
595217,815383,16
146287,651429,61
579234,196287,28
10309,278585,76
193866,317682,84
282931,235907,20
896855,456782,49
149574,896150,44
597415,755360,16
350980,924660,15
765605,525304,51
794308,950352,94
567872,236853,77
800813,264530,7
969201,370581,12
367793,498939,33
668545,236943,28
312609,24453,27
982474,440615,49
416742,188084,13
135925,497706,29
961435,847083,67
928276,542958,90
499754,378958,11
159582,94952,45
874509,882619,95
179285,257453,71
12982,203487,52
10752,721330,74
394248,133799,66
761338,821643,62
360747,87044,91
954615,230061,24
651675,711518,14
490738,842402,48
254990,631384,41
673267,605070,89
412090,2655,91
632375,328978,86
143520,145335,45
656858,826975,83
978240,284650,24
129133,340829,99
317550,74956,27
795116,523358,92
81564,856555,39
130503,370288,93
441438,248965,13
364857,159503,9
778416,850863,62
466530,971393,58
218310,136577,34
452236,745810,60
838533,224679,35
181327,578062,29
493051,709459,60
877720,847493,95
822971,678187,36
297579,423227,40
186750,722863,0
158476,506997,29
103082,506982,26
852662,692375,36
749167,264103,7
795872,227019,35
509287,592673,75
62189,224082,52
146216,458424,93
748036,254604,7
136100,437518,93
369257,118654,91
218680,367580,84
919956,701102,82
434314,524580,97
632318,384484,86
31709,939447,73
300288,943997,85
764675,893321,62
56236,171276,52
644175,660743,14
107918,794424,87
884694,52976,21
381471,391468,65
416627,264816,81
776791,534620,80
360716,560627,33
459909,704880,60
926502,721595,55
857947,527426,92
456404,796534,70
359700,488333,33
428072,611545,4
243076,392482,50
449116,295463,64
861457,523474,92
35660,343037,76
422954,593877,4
298042,197567,9
511678,780876,16
184322,907815,44
648739,370588,86
476892,135705,66
806736,819782,62
87898,315510,99
784424,814768,62
808639,807053,62
154885,161933,45
618360,782304,16
183469,563653,29
322168,691674,46
973753,875743,67
628993,494229,25
513687,542189,97
579436,590646,79
1329,351664,76
425282,730685,60
633715,862316,83
955479,742365,55
936087,815174,55
633311,73692,32
551892,663472,75
977056,382373,12
559254,385409,11
581022,243863,77
620345,146350,56
720456,720330,23
594062,407779,11
553845,486004,18
282944,451203,88
369869,403591,40
156053,790084,10
945671,905708,67
240476,689488,54
232479,283954,20
419288,976058,58
612061,912972,69
323431,912937,15
738606,751718,23
130905,120610,45
99089,395412,93
690142,229444,53
266216,302794,20
73476,914392,39
187987,513432,29
267309,666485,46
629584,419521,25
895081,633322,47
255640,542391,59
976002,675323,82
155109,922417,44
78647,827960,87
526706,360790,11
802648,112274,98
2696,326488,76
283871,23940,27
366885,250377,81
98251,318207,99
117525,248070,99
319077,733301,38
593578,280697,77
689268,540515,51
437002,698227,60
114725,192087,45
420168,778446,70
344590,527895,33
333144,161882,9
757749,492506,51
555424,19196,3
638441,282668,86
806620,874882,95
158318,859313,10
474740,959667,30
137082,937656,44
199555,929304,44
825561,215035,35
98511,689352,61
945270,154596,68
297508,226904,9
583530,404522,11
816610,772620,36
439778,361037,65
949771,802371,55
462480,903543,48
848070,526143,92
885616,554063,47
150036,671530,61
416868,308881,81
377294,183520,13
432834,645844,4
707546,740104,23
939596,798308,55
175216,871413,10
842428,703073,36
564368,344779,11
701073,934733,17
72950,77787,1
370613,900643,15
117706,301301,99
972525,237201,24
641695,968124,69
265998,633237,46
819211,491369,92
441982,406060,63
654656,810236,83
650921,34420,32
502268,630748,75
981852,989594,43
115967,65038,1
95760,439556,93
622380,348375,86
139959,294460,99
994231,44761,96
312977,210368,9
660995,353646,86
729113,215931,53
163043,280095,99
560459,650478,75
585070,283993,77
83739,402733,93
748310,850522,62
729120,328897,6
779478,687315,36
716464,612782,89
41966,325984,76
817062,367055,8
105570,319508,99
985034,482703,49
793321,352556,6
409054,982992,58
157585,547487,29
617918,359611,86
982900,608371,90
905399,55600,96
483297,773789,60
75356,517709,26
142626,118354,45
184423,606121,41
85691,214293,52
638219,560689,79
512251,407412,11
373729,276984,81
273457,998579,85
122545,625229,61
233725,229815,71
500913,856350,48
674480,993035,17
954025,313159,24
278790,629290,46
487476,17135,3
4565,739554,74
686417,619084,89
957943,151239,68
875498,505404,49
338261,159107,9
126081,46319,1
498717,945760,30
394182,17790,91
998900,525119,90
686535,610058,89
250482,855968,5
258509,761231,54
22548,980160,73
557999,296889,77
828594,189759,35
283321,785083,22
901814,790843,55
707819,315321,6
615167,113610,56
455838,270732,64
193164,515266,29
89202,230667,99
821111,414213,8
689897,109471,32
880706,37874,21
553728,519739,79
255202,192476,34
945325,93932,96
725917,488884,51
689664,193891,53
736071,161548,53
140826,874258,10
660527,488716,25
854288,26314,21
261920,98504,34
562220,245439,77
101742,984765,73
955899,810508,55
211777,338149,84
281804,288377,20
753290,550223,80
601289,873116,83
472743,398130,63
375548,836279,15
350232,364730,40
29361,480928,2
972295,366873,12
48551,1771,1
768158,447923,92
246552,799580,22
546738,30260,3
584984,828868,16
788940,727599,36
763882,569139,80
523443,511583,97
178129,823764,10
5093,605523,37
33573,263042,76
962840,459098,49
67424,199124,52
692065,544420,51
83468,855268,39
505736,911692,48
821867,122202,31
858017,695332,36
445916,511949,97
342937,744871,38
50570,938489,73
188180,757236,54
865898,159981,31
808412,989178,94
127998,262449,99
993705,203015,68
75276,164882,52
178256,960386,44
215869,125298,34
895538,317158,72
477585,780458,60
171723,155807,45
656736,762081,23
311292,887653,15
795626,98444,98
563748,917503,69
485947,318235,64
577285,435434,18
353729,135301,9
4940,38098,1
325248,448307,40
704363,232399,53
944267,306864,24
479426,717079,60
948340,765752,55
3712,391831,76
510152,139749,66
768994,482184,92
71325,774551,87
880603,305922,72
635826,328753,86
356958,401138,40
934269,261498,24
668,232162,52
955871,334649,12
451182,23349,91
436483,974807,58
596843,143468,56
268774,293049,20
275284,704814,54
821293,481305,92
296768,790396,22
198206,256078,71
907177,928476,43
906825,19552,96
613702,490084,25
846799,160303,31
223203,380972,84
4238,235973,52
998417,400464,12
598673,902218,69
586080,260836,77
880712,133559,31
734726,550408,51
711715,804720,23
940338,261410,24
525945,566742,97
245010,890290,5
120636,543869,29
819450,496208,92
775091,961085,94
972313,666060,82
475116,282028,64
45402,73875,1
618326,221168,28
187134,173262,45
25010,346286,76
38012,870850,39
386523,300523,81
902434,210237,72
464392,37261,91
250149,259355,20
980821,662146,82
689160,726988,23
500733,832968,48
706156,367834,42
197512,599976,41
812397,964734,94
295297,60486,27
596013,202505,28
505973,889124,48
509641,547389,97
982911,800290,55
475040,9311,3
501832,291985,64
392523,145788,13
263213,824818,22
723617,844065,62
213967,146511,34
415514,546904,33
820392,332608,57
148652,395572,93
378805,589644,4
162998,510465,29
397449,934304,58
848397,19401,21
75273,129264,52
549782,200565,19
899119,501601,49
412281,217109,13
964259,302515,24
384354,837852,70
792826,38791,21
973617,583752,90
130046,697597,0
529302,992877,30
286924,339565,20
74671,2733,1
937242,229782,24
952073,505880,90
340050,235234,9
585967,362300,11
180989,883290,5
468424,808422,70
154377,627630,41
579590,180689,28
853862,865781,95
182641,654700,41
548920,713517,60
87150,736320,0
333683,225694,9
248651,83404,27
777006,150050,98
899638,217241,72
181602,194039,71
217422,217279,71
808228,898584,94
513149,498741,97
349859,84797,91
187391,481162,50
895888,206203,72
664727,72408,32
967290,256805,24
123998,48087,1
213876,619782,41
681492,838677,83
645907,763770,83
685379,167063,53
844162,843276,95
946322,842699,67
248668,369411,84
693936,990944,17
810059,663165,36
826107,392494,8
649635,425133,25
225417,598504,59
65050,296349,99
753066,786788,62
551256,964254,30
218405,747744,54
347455,679858,46
389291,819241,70
995262,370934,12
299124,384750,40
496050,119173,66
954990,528199,90
450541,249264,64
387351,219666,13
937882,986524,43
513466,839628,48
630319,779980,83
127718,564851,29
461741,487289,63
882542,884272,95
962724,511529,90
283458,81512,27
982686,15692,96
746828,943657,17
57537,38989,1
298791,780725,22
652077,461848,25
279927,744454,54
38926,234091,52
380026,104045,91
697901,624950,89
536745,89336,3
478008,896976,48
482482,75279,66
221694,11060,27
899420,557177,47
482675,320272,64
814027,356565,57
793068,107455,98
997388,100180,96
739529,270242,7
965662,889330,67
971823,444881,49
131712,693749,0
848923,860404,95
816885,392244,8
460759,980937,58
611240,122995,56
187638,646888,41
251308,739837,54
453145,24331,91
935479,600588,90
89116,787429,87
332212,503563,33
395020,101521,91
274033,681332,46
147885,507427,29
342340,724872,38
930402,267352,24
386731,789151,38
266112,549422,59
136647,631639,61
964332,538166,90
964959,72936,96
851605,928536,94
906832,128894,31
328140,52040,27
647792,451377,25
301995,641305,46
423197,686058,4
592866,307988,77
364807,319069,81
593037,173339,28
322113,761604,38
286086,250464,20
564616,501269,18
841902,854087,95
654213,364370,86
966962,731779,55
22459,470884,2
153244,588531,29
443903,691860,60
99034,466069,2
235489,875460,5
856301,857188,95
764895,601439,80
397183,461721,63
159380,712294,0
532482,439497,18
629816,331469,86
6182,908779,73
854880,983874,94
973615,550380,90
252918,796504,22
845140,273376,72
644953,741321,14
395518,482858,33
406733,976923,58
160663,269645,71
924571,274822,24
944343,581326,90
355923,998955,58
453123,648227,4
755532,231224,7
198377,125068,34
29554,727486,74
872186,833442,95
672226,105496,32
74709,636755,61
944997,572538,90
657911,512550,51
442694,366638,65
95546,843433,39
587182,770090,16
908141,142076,68
875623,608146,47
121952,663443,61
491625,751064,60
139145,610977,61
693121,300331,86
678024,562287,51
360884,393459,40
877706,607302,47
928253,150849,68
325031,796711,22
329322,923591,15
800315,900302,94
378106,828224,70
964203,365902,12
731095,526524,51
296938,652421,46
251952,566351,59
673920,579525,89
91674,765255,87
652013,392734,25
691916,35020,78
596305,98392,56
679337,621292,89
62118,18727,1
748388,171543,53
123919,706836,0
793895,2085,21
56483,320598,76
296391,445621,88
565661,66217,3
914427,791244,55
446143,325544,64
418654,328243,65
793603,94099,98
525698,422601,18
670810,316135,86
289282,963987,85
740697,901476,17
118862,721231,0
736983,481008,51
311942,821608,22
767156,603502,80
68954,910806,39
920554,752031,55
391821,347951,65
19090,848691,39
958200,470330,49
845414,880932,95
834665,217815,35
818484,276402,57
496827,177470,19
754507,8282,78
195655,384886,84
789740,161820,35
717977,39662,78
610344,55919,32
847114,459968,92
694133,302923,86
234321,234622,71
306235,897556,15
236024,859912,5
554031,610119,75
274140,472506,88
412230,363886,65
846133,965895,94
805621,86397,98
81292,281776,99
821048,368884,8
845224,684612,36
275836,981809,85
270006,5574,27
689294,968030,17
688679,638952,89
878181,602431,47
65722,590606,37
329749,94063,91
932585,962865,43
877073,974537,43
56962,361010,76
511502,817773,16
320042,954805,85
415542,30667,91
434152,808783,70
230606,804050,22
684031,511462,51
148877,179903,45
634733,964717,69
13187,649375,74
46569,699849,74
378133,286293,81
739405,189805,53
64667,860162,39
759155,126764,98
524966,105688,66
314426,572619,59
12514,335998,76
123070,448772,93
514531,737321,60
163445,33015,1
888656,657891,47
182199,232656,71
265988,473477,88
738342,319927,6
16839,28442,1
40785,488486,26
985455,556887,90
616183,202840,28
135449,493984,29
395475,752681,38
325713,267179,20
479305,684696,60
689364,153263,53
902853,264551,72
312810,405632,40
463858,74331,66
281336,421060,40
759439,900982,62
811875,197518,35
691952,644483,89
838481,351647,57
141060,804371,10
70835,524125,26
980485,20554,96
463804,164116,66
305037,766483,22
290446,538504,59
639546,861608,83
46515,793188,87
119990,676533,61
497572,703653,60
299808,882508,15
318300,676037,46
157050,540517,29
485971,730168,60
937226,965963,43
944773,806075,55
702753,184428,53
690755,535332,51
330248,480746,88
905595,336892,12
147891,616778,61
188316,42434,27
190045,91193,45
684482,96529,32
363936,678804,46
665789,922666,17
249883,785982,22
6487,38901,1
822706,227730,35
465889,212366,19
247882,166075,34
236129,633031,41
360700,285099,81
672078,619512,89
148607,651002,61
399793,321712,81
24047,166567,52
496299,297695,64
374693,476535,33
131925,275620,99
353809,481397,33
846812,375489,8
854688,749306,36
589615,671165,14
281245,892186,5
984063,156896,68
967254,650457,82
233862,525750,59
294905,478063,88
818531,57035,21
601967,274727,77
353266,343610,81
60736,803086,87
472059,902524,48
726189,70879,78
276959,863402,5
207707,937294,44
110217,427088,93
82206,645291,61
418374,618593,4
693445,746177,23
11761,680446,74
258131,418569,50
905206,803736,55
400785,6811,91
486892,197797,19
381747,33272,91
215700,270200,71
252735,717594,54
616209,628414,14
765755,44589,78
413698,36750,91
669388,412275,25
106014,785356,87
484967,845731,48
206917,667176,41
240464,488961,88
971271,164388,68
885608,413901,8
439789,535815,97
451655,980427,58
37226,661488,74
644619,126512,56
292473,601398,59
711789,39925,78
23289,426991,2
441666,88754,66
697551,753889,23
623441,178417,28
660444,95090,32
183429,897801,44
350229,302072,81
937829,104719,96
19339,32371,1
61305,362573,76
777235,898,78
95227,481947,2
99263,321699,99
800667,815018,62
9192,505630,26
132203,943439,44
384489,118871,91
875794,476761,49
930516,193398,68
441779,992127,58
687628,968247,17
335525,170555,9
534559,345753,11
82571,783700,87
662522,7318,32
999516,876893,67
956619,902013,67
148324,892781,44
976122,687161,82
127391,70936,1
222909,441242,50
956185,602789,90
87901,367062,93
223834,987025,85
937058,144846,68
439045,44820,91
300250,307729,20
5574,691837,74
717811,260409,7
700245,27534,78
764167,355222,6
221639,101081,34
869255,570760,47
773186,940810,94
210473,431993,50
513573,635052,75
319684,930129,85
678532,98484,32
231799,851561,5
200644,234845,71
55903,572620,37
35125,348668,76
66846,489003,26
679080,310410,86
75342,273182,99
375973,985667,58
119701,826555,10
924873,352304,12
189005,623785,41
967410,268502,24
728600,595710,89
102436,643253,61
169705,233873,71
711595,791222,23
82044,924564,73
147855,6806,1
396184,674832,4
916063,278243,72
443418,533230,97
5633,675526,74
570865,537750,79
976676,8837,96
525337,345989,11
49038,187034,52
484653,563378,97
697575,144198,53
544473,971440,30
1173,729987,74
897010,59856,96
12524,493128,26
7243,736825,74
833230,105147,31
207029,547775,29
455577,891831,48
11471,803866,87
588490,764731,16
842605,669174,36
807621,694627,36
597270,324506,86
977058,422797,12
951929,86898,96
508953,986645,30
544542,131793,56
56719,286266,99
282869,196009,9
339407,422017,40
847895,580548,47
271368,890159,5
917185,131920,68
185828,220766,71
421535,753848,38
936974,735943,55
6424,974719,73
103501,549650,26
972851,720026,82
491481,321430,64
285118,983544,85
428867,973615,58
550302,937540,30
240450,258639,20
945704,455362,49
270875,606871,59
689894,59804,32
141903,966499,44
959991,578850,90
740206,647341,89
869832,278941,72
164799,784701,10
473367,887805,48
341458,894012,15
663399,760267,23
807837,332996,57
673449,660320,89
2287,452728,2
12225,470352,2
211719,375568,84
186165,878589,5
456264,442159,63
373044,761679,38
543486,374583,11
626890,148764,56
291799,274881,20
936343,127511,68
86116,361827,76
233232,944053,85
707682,12952,78
697113,384322,42
301378,272062,20
560771,883024,48
987929,134701,68
930290,389555,12
262146,892986,5
422659,640615,4
821153,122781,31
595084,592921,79
229050,652480,41
242622,751112,54
951209,971874,43
301352,838020,22
606578,767460,16
710263,396481,42
672775,342185,86
103813,793615,87
289343,998899,85
508574,615651,75
260407,664103,46
586028,378789,11
308913,902537,15
947558,617217,82
573498,782384,16
529017,197879,19
767187,115605,98
981045,433853,12
774636,310676,6
548260,618324,75
174109,250414,71
718460,161766,53
816887,436424,92
991573,372980,12
691235,594050,89
212245,213746,71
442635,368048,65
794543,893558,94
40899,399967,76
248680,578359,59
489804,141836,66
851281,482870,92
598464,389657,11
979846,280576,24
656353,336969,86
443351,409160,63
759273,105520,98
487017,310510,64
744581,178788,53
901512,720405,55
847165,317652,57
788798,334577,6
243628,663403,41
824505,470003,92
341481,273732,81
613804,219289,28
594938,133821,56
135251,171009,45
160620,555747,29
442150,224147,13
255259,152231,34
555823,730198,16
450245,267976,64
873643,322222,57
595166,959092,69
465348,117523,66
209650,600075,41
466774,80081,66
926329,818623,55
598494,890107,69
32171,707299,74
580389,605198,79
569562,630099,75
84728,34895,1
489555,967353,30
305076,426880,40
580548,271196,77
996328,293868,24
41617,464949,2
403664,386554,65
818825,992453,94
172700,569378,29
547558,822263,16
789063,796695,62
66622,726194,74
152070,849973,10
513015,244175,19
864615,592816,47
467937,624779,4
666205,922476,17
69144,118889,52
180678,662836,41
291448,367937,40
922280,766190,55
357697,822157,15
6310,67010,1
241490,729943,54
168594,574838,29
313976,8049,27
294922,767435,22
296710,808218,22
731945,810564,62
150221,771250,0
404778,108395,91
807193,508337,92
627130,183586,28
546174,553896,79
342655,14621,91
742954,837359,62
507096,771711,60
152641,440986,93
652402,920787,69
676384,990317,17
257843,578790,59
726245,6123,78
911105,943799,43
439822,89398,66
514024,211681,19
737007,886492,62
284746,733351,54
430491,274072,64
344397,292372,81
901535,98817,31
830760,590586,47
981327,163273,68
139246,317642,99
612431,130521,56
677692,982680,17
914810,224739,72
191054,57337,27
669299,914879,17
375622,85876,91
331176,88498,91
402675,761890,38
90780,745521,0
983570,862409,67
509389,307125,64
861598,881567,95
502765,982219,30
166353,895276,44
919842,787477,55
129735,467251,93
88562,467264,2
321060,60337,27
88366,179806,52
4688,800354,87
559102,834498,16
417430,756358,38
113646,58523,1
601183,92210,56
785975,895854,94
620728,585871,79
749465,268221,7
5308,225187,52
734438,702136,23
814254,175332,35
815264,145945,31
908158,414934,49
809069,32099,21
500152,60408,3
284697,914564,85
78633,600870,37
826246,716761,36
610420,338114,86
682946,279903,86
345246,559428,33
317817,554097,59
712799,27724,78
973166,5267,96
538267,662772,75
223007,92175,34
194904,767480,54
39980,951958,73
569394,813592,16
54758,325175,76
231980,890556,5
586856,292664,77
819429,156442,35
325094,867233,15
594135,641982,14
799960,934104,94
491448,779008,60
795635,245478,7
764174,474691,92
145975,416324,93
163518,262639,71
185165,76877,45
80376,891628,39
600630,794264,16
210603,616137,41
421799,190343,13
105250,946909,44
713457,74754,78
402659,496020,33
620579,77121,32
179938,226586,71
246870,154468,34
148301,503364,29
50397,33145,1
72777,171504,52
470675,642273,4
684467,851524,83
573478,454193,18
623409,644298,14
732555,54271,78
146526,664917,61
261599,695194,54
136362,842206,10
967962,549590,90
971577,301562,24
368980,458152,33
175832,221082,71
728847,737197,23
85325,67205,1
518665,205662,19
563184,437829,18
603134,882937,69
522293,184653,19
477208,438000,63
474363,625121,4
424425,323952,65
662528,118851,32
544535,8340,3
179649,367914,84
535689,325607,11
477202,340241,64
435851,359042,65
425627,528389,97
643332,484550,25
845357,916935,94
930686,43464,96
505785,737468,60
636969,550957,79
950736,32085,96
267583,283495,20
716943,667243,89
367407,9689,91
848430,572835,47
638424,4018,32
535211,302991,77
379021,214592,13
651870,983152,69
837702,268423,72
393688,721337,38
525050,524852,97
193088,241298,71
499586,551925,97
211286,96074,34
732506,233888,7
960959,848228,67
178820,435067,50
177573,484401,29
331746,662441,46
658146,463294,25
586611,177677,28
223490,212111,71
965481,845310,67
138352,288446,99
914801,73361,96
987156,139195,68
458447,130973,66
267040,148909,34
729823,137417,98
572681,64707,3
539311,213797,19
289808,807464,22
48249,935738,73
963280,856050,67
640207,968501,69
608550,909050,69
417161,227481,13
273319,682334,46
987993,207704,68
892582,634833,47
653883,814002,83
946064,504542,49
852700,339318,57
925811,111247,68
733077,832398,62
113547,394738,93
377415,223581,13
730380,507154,51
744184,512044,51
935900,683194,82
446639,669040,4
566149,272102,77
232993,926723,5
440263,511832,97
373846,231987,13
18322,941247,73
549549,282833,77
581593,833811,16
870593,60638,21
155807,661486,41
605519,963722,69
288283,185339,9
6671,119830,52
988386,818865,67
676822,363046,42
721172,749694,23
120572,456153,93
566116,712924,14
121106,437663,93
805638,358254,57
177901,988248,44
492031,571643,97
611520,826400,83
320641,21762,27
762440,333738,6
136394,380293,93
585510,682307,14
544097,647436,75
469918,916651,48
161711,886872,44
669521,655531,89
519154,427646,18
454980,853456,70
40576,971433,73
876531,859173,95
126649,597855,61
161501,349126,84
774685,137345,98
358671,186086,9
552943,322633,77
501475,296399,64
581471,798587,16
863399,163417,31
564951,139699,56
925992,152410,68
555256,192891,19
923160,555085,90
319079,773505,38
303196,825237,22
774996,365813,6
230342,366421,84
442776,737724,60
937575,828618,67
586493,196878,28
930076,794301,55
827642,186892,35
101007,625394,61
7015,908119,73
758044,447897,92
810591,618629,80
307870,383311,40
318791,926353,85
215639,247411,71
236891,436063,50
923718,941993,43
84489,18919,1
978174,185953,68
328282,443278,40
177430,79099,45
428703,211955,13
337151,509918,33
202999,814642,10
693461,9816,78
993693,1329,96
346475,215729,9
764357,548678,80
637638,785538,83
551784,848779,48
441657,931921,58
811815,178838,35
733447,55746,78
937309,368026,12
413368,477124,63
39287,303941,76
353149,390148,40
228816,714666,54
399131,200066,13
513282,734672,60
643629,480505,25
860880,818753,95
783749,476699,92
883418,621184,47
250117,732327,54
226167,199749,71
189277,181221,71
789126,848512,62
956122,547865,90
977900,570078,90
313902,758327,38
209374,953982,44
584994,2981,3
110113,679202,61
353367,41869,91
708461,113160,98
881485,130904,31
117949,376241,93
489602,749097,60
88583,820093,87
307625,259472,20
953614,392403,12
122726,665742,61
138268,875066,10
242565,797015,22
442532,638256,4
181070,249641,71
730091,652387,89
670359,730239,23
131217,370922,93
92727,470201,2
672493,597894,89
817405,136537,31
789922,228951,35
982536,498614,90
221094,937960,5
295359,103929,34
740080,526481,51
576161,548284,79
24199,723802,74
942423,314301,24
470699,40290,3
170221,915790,44
684587,864818,83
11789,145301,52
76596,352287,76
888442,46569,21
700616,268836,7
335615,687118,46
400994,522667,33
470535,287897,64
697811,124869,53
688892,217231,53
7223,400581,76
575238,33689,3
221411,268954,71
312055,713985,46
946640,192382,68
377602,364976,65
157012,905008,44
486036,822400,70
87864,733518,0
239884,736193,54
208879,636978,41
692912,783138,23
201419,263676,71
615648,198664,28
962492,615641,82
87898,308177,99
533516,812581,16
53466,604152,37
990127,81128,96
522120,281571,77
376225,222206,13
629028,77145,32
579685,782191,16
299912,627256,46
300486,281724,20
948260,406288,12
495298,480550,97
606287,872309,83
901451,691213,82
233411,950968,85
920500,844556,67
453748,155237,66
77643,954746,73
421586,600035,4
802628,783379,62
258687,768428,54
970727,13555,96
826039,247425,35
487390,566048,97
583266,956765,69
365457,245596,81
735206,608946,89
568344,158798,56
928424,38920,96
136536,761497,0
483704,624006,75
681335,210488,53
678195,429313,25
467277,535534,97
721883,696616,23
28021,958062,73
157896,769765,0
443199,856136,70
80478,604578,37
144783,375528,93
506327,848622,48
799952,798449,62
546966,871958,48
12898,790952,87
544597,50359,3
383838,171721,13
131553,21130,1
141188,954533,44
841984,241108,72
307179,761990,22
777942,872662,62
845296,905948,94
273827,214759,9
457694,464041,63
146157,468569,93
243205,560269,59
443365,635632,4
68248,56729,1
445885,996059,58
766556,508848,51
209824,520500,29
55495,717269,74
140356,978797,44
656790,682736,14
759000,519730,51
103895,172417,45
827631,10932,21
736916,350935,6
176099,702320,0
898657,743790,55
895162,997537,43
607491,106103,56
280498,332476,20
930878,269470,24
987444,984461,43
845398,607917,47
270463,681755,46
267282,224092,20
324571,73078,27
237724,432460,50
368673,298415,81
469016,766686,60
704473,83985,32
548799,680805,75
303587,388407,40
969519,722190,82
855023,373413,8
959553,211748,68
852546,756663,36
244950,888554,5
941443,840655,67
895814,953655,43
94037,485433,2
682877,122595,32
457900,933619,58
346859,664399,46
561039,399191,11
210888,407847,50
695666,60068,32
565821,753549,16
913204,235121,72
683291,79087,32
215504,991068,85
892569,421674,49
90685,147447,45
151071,56064,1
280301,32151,27
366382,794337,38
437363,769815,70
289237,222572,9
771413,142489,98
815914,82529,21
76385,803380,87
420719,35193,91
505045,301195,64
197778,70672,27
800807,170958,35
303406,353349,40
746815,733848,23
792513,771512,36
806054,356624,57
794210,289776,57
274597,166406,34
791771,310398,57
865924,585047,47
888762,425437,49
333963,916648,15
105033,290210,99
575778,111276,56
218821,725219,54
757869,515176,51
576005,925480,69
554485,245806,77
275612,226631,20
992340,260326,24
310845,387080,40
662528,114602,32
119516,714650,0
132627,75304,1
640850,780380,83
853661,482292,92
897609,117414,31
382537,314206,81
870676,454882,49
218152,482819,50
750571,848766,62
210450,42584,27
719386,736640,23
723720,563464,51
145257,346560,99
638946,779593,83
620914,705478,14
974895,60859,96
865193,311554,57
304026,780249,22
648127,81291,32
272972,841037,22
312897,863825,15
321470,946751,85
56616,547200,26
797117,159786,35
528193,345261,11
802938,984557,94
458092,153004,66
547549,669289,75
751456,735068,23
291144,257772,20
375814,315905,81
423259,716627,60
357271,661209,46
955529,576124,90
919733,961358,43
549166,833028,16
711930,420526,42
793073,187080,35
262844,628728,59
45971,644115,37
656424,521255,51
741453,606514,89
697235,443885,25
391093,101835,91
553537,310919,77
630526,254770,28
932587,993826,43
240563,149192,34
476883,988202,30
714043,926275,17
908862,251386,72
60639,164886,52
245320,107693,34
997875,298279,24
177995,578425,29
602901,972217,69
62625,539232,26
886038,640974,47
853343,136068,31
908377,99401,31
642820,883261,83
974658,89368,96
14600,390807,76
294582,45624,27
809025,290793,57
372397,879895,15
402852,734603,38
483464,581867,97
439128,440497,63
434009,404836,63
83600,73285,1
709509,726818,23
645204,955586,69
548300,280701,77
743270,151253,98
113725,384138,93
208663,10473,27
28020,944992,73
489790,908877,48
497479,134849,66
418637,40069,91
440706,950530,58
569191,400153,11
374610,86321,91
811542,591028,80
413575,971481,58
688626,746222,23
757301,970144,17
221123,430136,50
312242,855826,15
870926,659740,47
262512,43064,27
789649,636875,80
974570,609448,90
8089,958011,73
306536,957633,85
940645,436135,49
127625,5330,1
584387,792762,16
964004,20709,96
60460,166079,52
305651,83203,27
402777,474221,63
243448,633964,41
45933,6282,1
589766,198707,28
673001,142200,53
961468,401753,12
274397,803352,22
951904,658608,82
235035,240993,71
374723,977493,58
734206,816688,62
90104,379496,93
205370,654328,41
306350,832947,22
347191,255643,81
603805,153026,56
910286,182694,68
546929,251382,77
987063,578140,90
799686,337802,57
453076,862968,70
911558,571222,47
537390,924302,30
759594,505919,51
980819,628563,82
260511,424551,50
433017,728753,60
152287,499386,29
189012,739099,54
45181,357320,76
479644,388186,63
247087,798629,22
562443,987117,30
476724,310832,64
162870,367973,84
533331,710537,60
998833,389857,12
341139,524442,33
296946,771578,22
914777,657382,82
622178,960715,69
745285,19537,78
367327,680513,46
391256,854150,70
710569,545786,51
39720,574685,37
747561,268099,7
953273,674825,82
796985,930797,94
908441,171473,68
952115,211506,68
787029,611083,80
481862,656425,75
541228,425888,18
911297,172372,68
65875,174936,52
159696,16295,1
875347,966796,43
952072,483168,49
617389,468589,25
583285,271777,77
761430,359814,6
403016,490252,33
675593,704601,14
233278,719255,54
525597,720116,60
992680,979187,43
208784,41298,27
110977,192022,45
319272,15477,27
121943,507088,29
629694,267937,77
226809,987108,85
326497,442989,40
318711,578691,59
66209,788955,87
977424,581617,90
246629,94304,34
974568,574316,90
534958,45720,3
426094,365504,65
32858,252853,52
703911,643764,89
747977,251936,7
303910,817270,22
866256,176800,31
481483,293618,64
845619,321365,57
188643,539425,29
123227,90132,45
860341,755535,36
289719,311805,20
519246,980640,30
629819,373144,86
444904,507120,97
166833,969413,44
931282,62962,96
207535,49865,27
84811,421939,93
537135,631789,75
492007,166065,19
60263,847394,39
153504,957985,44
859486,387636,8
9036,881949,39
930257,837647,67
348864,361270,40
874006,427800,8
38292,583491,37
734116,289678,7
620721,469478,25
519480,905870,48
960546,910833,67
373419,54604,91
738185,679185,89
62515,703049,74
147872,298307,99
652641,950663,69
798877,726768,36
797272,757006,36
877,749458,74
142467,456128,93
158870,144118,45
198166,578048,29
262439,816993,22
211296,262706,71
303553,826803,22
80918,995480,73
38856,61991,1
886260,384177,8
878193,805173,95
552123,546478,79
661416,429349,25
70307,653648,61
867563,147931,31
276431,982328,85
992620,975064,43
910565,878461,67
299051,155462,9
855666,191216,35
778769,778219,62
531144,951395,30
106273,133201,45
724716,315212,6
783906,112714,98
388918,560963,33
118351,131094,45
307633,391025,40
972295,362264,12
572794,950236,69
623231,648020,14
279591,90301,27
695420,924677,17
50868,946144,73
852697,289010,57
400909,80236,91
530029,204595,19
643897,991945,69
635015,706284,14
524445,355800,11
935745,66799,96
706374,31804,78
533796,520799,97
82208,676299,61
571091,326879,77
865268,569972,47
528058,71215,3
920139,790929,55
158460,238967,71
328451,291513,81
461594,12795,91
53913,127132,52
715913,363008,42
81680,797025,87
609695,153873,56
155147,557809,29
105515,401647,93
496317,601726,75
223149,476486,50
313600,684492,46
261321,23603,27
704468,2967,78
869617,654510,47
357421,181966,9
304023,716323,46
247474,297020,20
18694,198242,52
854263,603400,47
354462,453708,40
485042,102231,66
204190,834839,10
143194,670626,61
211759,36388,27
579307,413969,18
580153,643850,75
191942,973849,44
485855,766610,60
421559,146677,66
213175,833880,10
32496,160666,52
321940,860071,15
229585,644525,41
532006,441206,18
351081,627161,46
706811,373462,42
792106,938575,94
635511,40397,32
958132,328878,12
453627,111506,66
88874,714540,0
278036,960261,85
114466,834568,10
599713,380786,11
876038,582052,47
551135,942734,30
533879,915443,48
852979,33504,21
107299,383051,93
954353,826492,67
862874,332142,57
324810,94134,27
117129,601714,61
9403,47954,1
976646,490739,49
855300,29265,21
868955,528684,47
605477,256829,77
532183,401428,11
809455,517412,92
156759,655040,41
257865,953078,85
389425,75051,91
395014,4161,91
943949,951123,43
540244,882994,48
490063,489846,97
853324,820063,95
807105,23307,21
726443,340516,6
59592,568899,37
493927,439828,63
199522,382241,84
334170,403013,40
454290,259457,64
698145,735922,23
653799,408136,25
550104,609306,75
612202,294927,77
849252,392747,8
906256,460424,49
359263,149555,9
575668,256528,77
473022,86728,66
639055,605884,89
95315,963017,73
441829,828476,70
210282,219793,71
64572,275847,99
170088,674576,41
602810,435517,25
749460,189825,53
391284,326675,81
436066,972719,58
500085,929411,30
627395,633848,14
89419,874624,39
815270,252227,35
191321,535210,29
277861,11183,27
965902,926296,43
267552,759755,54
208160,559082,29
500578,226161,19
99681,347117,99
11571,488539,26
886615,343965,8
35402,13630,1
86233,330534,99
300764,951641,85
231067,545989,59
442515,363441,65
363177,924358,15
689359,63612,32
137490,805585,10
475549,556927,97
286379,178252,9
886004,80731,31
852316,884684,95
897333,489478,49
668426,241454,28
122766,335452,99
958337,778092,55
393004,222288,13
999065,293110,24
313757,322385,20
335890,308660,81
648733,265871,86
501287,136494,66
67971,394146,93
413985,858545,70
574512,828858,16
617691,549257,79
363827,845602,15
43521,465627,2
794882,584894,80
320437,590267,59
624615,913405,69
610102,986747,69
273387,829194,22
272392,100408,34
565614,280269,77
495129,637973,75
423944,241261,13
880285,966749,43
162141,111135,45
861009,993474,94
320478,283182,20
454226,186211,13
658182,66879,32
43908,971335,73
238965,286995,20
535849,20202,3
543046,985857,30
300322,520581,88
416603,848618,70
728755,199191,53
805350,531708,80
429340,919234,58
579723,418029,18
824434,270447,57
413154,890393,70
849434,452043,92
501490,558449,97
861232,731590,36
845767,808828,95
975387,334584,12
353307,33966,91
877491,992951,43
541546,767769,16
897056,829431,95
254770,920065,5
533365,272047,77
308981,49304,27
653504,442657,25
742728,34613,78
742753,457315,51
98691,700767,0
792316,459259,92
777969,338981,6
261327,137860,34
24637,85065,1
702893,523409,51
942582,986318,43
50024,764552,87
829061,43849,21
978310,461329,49
572504,89810,56
447585,563567,97
870862,587316,47
34016,712580,74
338022,140635,9
654145,226822,28
212531,9409,27
143084,818460,10
873430,747653,36
815036,317864,57
355994,206110,9
104642,724333,0
869180,315457,57
901194,380762,8
481214,763715,60
773841,960878,94
492286,862411,48
546181,666267,75
962217,995837,43
41548,309354,76
323093,238310,9
292246,778781,22
973001,243616,24
456654,990756,58
644206,180946,28
161621,368979,84
441662,25713,91
160668,353019,84
196628,738319,54
944198,150706,68
928135,165252,68
398952,192838,13
38952,678856,74
540988,398900,11
326248,254285,20
768345,587831,80
681003,632423,89
145065,114841,45
134702,940715,44
597889,728435,14
814962,68619,21
294251,484582,88
370584,417897,40
603858,53817,3
515088,88463,3
801163,162107,35
532532,272332,77
92004,316225,99
801320,801581,62
177734,189664,71
683596,198111,53
662746,786578,83
18957,619718,37
601523,807753,16
911892,173415,68
601521,769983,16
110526,622131,61
155984,635295,41
413493,584813,4
954861,350841,12
585577,803787,16
251449,112080,34
740572,797936,62
918316,145153,68
589125,434005,18
337678,357840,40
224015,32727,27
51154,756426,87
265735,210164,9
238242,143530,34
319926,1836,27
870503,545383,47
256183,670661,46
812127,431654,92
819177,924239,94
687702,221992,53
31496,365145,76
992443,993350,43
249425,95995,34
395840,895051,15
127981,992197,44
862342,395634,8
427570,179407,13
298593,462743,88
338331,341108,81
15148,606920,37
510841,716092,60
362174,72087,91
579359,302700,77
485224,161817,19
666322,890260,83
615217,965049,69
583347,329338,77
199666,795792,10
878042,261509,72
192523,749501,54
864739,683983,36
707240,588843,89
688205,664477,89
868935,205119,35
438702,265993,64
559778,205532,19
379815,551844,33
852769,503733,92
249469,826688,22
158355,474747,29
80248,739783,87
548855,622138,75
274131,329745,20
31437,367204,76
609077,758717,16
771104,945553,94
909992,236037,72
87934,907489,39
171181,45733,1
645968,788124,83
8780,569659,37
266679,83145,27
419425,277292,81
457135,79489,66
973621,660357,82
621917,562491,79
796794,718596,36
459440,812268,70
802520,955953,94
711307,948116,17
999523,994688,43
731868,517718,51
291460,572471,59
530835,755680,16
720245,161140,53
285686,531010,59
692001,462214,25
432737,18131,91
741444,456405,51
802459,933806,94
481562,626222,75
916344,995180,43
5256,349706,76
522843,423980,18
834547,233853,35
383804,594042,4
64335,281088,99
257650,339205,84
26523,783896,87
944697,535683,90
225906,817319,22
684041,691821,14
437205,104553,66
227023,585704,59
927636,792555,55
483970,85522,66
375920,91669,91
689699,786206,23
778954,883542,62
700110,764320,23
929667,919360,43
693790,536900,51
689671,302732,86
32091,364763,76
588211,68229,3
725931,738193,23
825905,1430,21
36024,461895,2
85707,480507,2
896083,475724,49
496488,484992,97
270452,499604,88
856801,265823,72
701401,448395,25
181621,516063,29
471253,353866,64
426556,139335,66
807829,196520,35
917499,414711,49
61287,57642,1
801934,106334,98
168787,804843,10
11445,369362,76
873568,68453,21
504581,497687,97
631514,871624,83
385919,146647,13
696861,154459,53
993785,552813,90
134521,903590,44
649209,260288,28
668817,816167,83
335527,209680,9
91962,616759,61
874581,87120,31
239494,183354,34
644236,679626,14
486406,28899,3
710768,888546,17
802102,941875,94
98658,146707,45
706142,136080,53
100530,615176,61
264690,661300,46
475871,975311,30
54017,877335,39
379938,625605,4
552031,1560,3
233574,694353,54
992915,933750,43
543142,587734,75
60186,551112,26
549654,48470,3
638135,150104,56
799005,882166,62
567202,973949,30
164509,912175,44
940300,637523,82
859625,732878,36
491094,817193,70
570139,335243,11
439680,703920,60
796198,709476,36
176797,432529,50
524753,534328,97
464790,729573,60
949714,859153,67
791328,861322,62
251471,484224,88
362398,831006,15
732089,227292,7
98435,405506,93
354965,901937,15
871217,556512,47
299646,158634,9
169590,310911,99
482435,296743,64
368680,416030,40
218897,3468,27
298655,510029,88
67452,667298,61
282552,854794,22
534360,991410,30
644262,120634,56
509230,633199,75
187052,789607,10
933293,858954,67
446588,819879,70
716135,94644,98
693680,681464,89
368547,170973,9
552065,571954,79
839112,965840,94
873180,542780,47
507600,246409,19
399616,352466,65
902603,63379,96
222748,735494,54
448992,219589,13
646993,12210,32
216018,628218,41
469413,432828,63
541675,939586,30
633266,306340,86
666378,828446,83
707571,153047,53
267912,801923,22
932127,269160,24
785977,918159,94
503424,61040,3
902341,654848,82
38989,302344,76
498881,696893,60
689007,156253,53
151924,397182,93
438673,780594,70
454620,807844,70
439983,795013,70
785074,749591,36
380864,184302,13
570255,292399,77
357436,438052,40
351988,878070,15
738440,973795,17
582230,545129,79
986663,861096,67
440710,25186,91
308152,119321,34
438219,152999,66
463220,349622,64
104110,779896,87
724160,972539,17
470074,548581,97
4486,400673,76
122386,949800,44
303924,61633,27
870615,441775,49
914552,885072,67
408293,195417,13
381698,211104,13
39517,175498,52
597726,986537,69
734726,544436,51
348383,277859,81
990287,760008,55
460086,671700,4
271231,587133,59
949957,931784,43
504758,469649,18
396571,169858,13
811065,579080,80
601400,735886,14
44774,532076,26
610747,831990,83
264089,547925,59
978352,177074,68
97843,463341,2
378099,725730,38
345329,958603,85
248968,406783,50
807434,556127,80
839620,500620,92
935755,236319,24
814865,443082,92
895654,259162,72
738184,662687,89
780858,887030,62
313394,224970,9
86677,780612,87
752053,769944,23
464647,334626,64
71165,74508,1
264458,759002,54
550863,361216,11
970389,337856,12
359002,756559,38
494418,699943,60
943422,106997,96
315055,133490,9
577684,135346,56
776487,427867,92
164726,554262,29
496929,885865,48
743667,827247,62
557002,546839,79
733646,389960,42
60428,614203,37
918520,573909,90
688724,392475,42
336424,282852,81
900423,420224,49
720208,549713,51
27525,620819,37
109094,554558,29
465264,704534,60
114303,103995,45
854656,217504,35
596911,289522,77
4781,358404,76
707352,475225,51
109743,459680,93
851583,559585,47
952423,382795,12
643621,338934,86
473830,674079,60
261513,250141,20
130697,631121,61
266254,939642,85
566372,30669,3
466522,849075,70
414219,780996,70
209325,126657,34
725409,964372,17
204667,854535,5
177780,955489,44
919241,690099,82
495455,126293,66
613258,29503,32
871798,319657,57
481145,618702,75
532360,391031,11
60686,950043,73
379302,944826,58
696410,573070,89
601486,188413,28
669027,346244,86
323331,234650,9
775316,746426,36
196615,514219,29
491173,147911,66
940257,908176,67
721611,117297,98
426649,705571,60
544606,200413,19
357850,392564,40
830532,767373,36
245667,940960,85
715201,391097,42
174073,647322,41
548043,971243,30
696372,925877,17
215634,161900,34
55018,692313,74
712377,927157,17
736419,9442,78
702278,193423,53
873701,299579,72
34149,951728,73
693823,90131,32
832839,531748,92
92617,615242,61
375174,558060,33
315037,842529,15
397334,996283,58
540533,740281,16
919056,576565,90
343349,683385,46
665875,370513,42
214538,748167,54
446293,846754,70
396340,293551,81
723051,330260,6
694860,516403,51
187296,898200,5
62859,473736,2
89044,570969,37
282264,12729,27
946365,557043,90
228743,489589,88
526077,787772,16
90832,613466,61
524275,492640,18
809019,193754,35
435362,129505,66
599866,953626,69
608512,275670,77
195504,844361,10
176793,362577,84
840003,933959,94
49911,856005,39
892507,374373,8
98489,310047,99
966367,742655,55
818864,662743,36
726565,387198,42
638107,672312,14
548576,932851,30
435298,66872,91
925143,885400,67
928200,271243,24
793021,314549,57
640995,213778,28
977363,555885,90
772577,705172,36
829628,567413,80
525039,331274,11
737436,99259,98
247223,87075,34
474772,494537,97
692599,516586,51
266871,307844,20
934273,338196,12
70992,164320,52
727164,453575,51
251208,60588,27
310708,79585,27
587223,463827,18
549220,753440,16
81967,628838,61
883188,745269,55
738993,263774,7
252134,618627,59
279758,899576,5
184474,455079,50
515722,746013,60
252630,954000,85
891029,525111,49
545027,275310,77
150651,2932,1
294089,760183,22
408843,427214,63
199685,114638,34
727531,622335,89
598898,686753,14
261990,281647,20
655805,124417,32
76785,539114,26
891933,733319,55
906484,293005,72
545655,831439,16
3921,905456,73
5526,882332,39
369770,735118,38
141150,313866,99
158647,389433,93
207380,435936,50
778949,800379,62
979574,702166,82
313365,734695,38
33476,640808,37
73189,99124,1
985379,271688,24
269841,230461,20
362685,654859,46
231651,368074,84
235097,287191,20
820091,274543,57
249241,9917,27
678295,115614,32
125262,280675,99
313908,856657,15
850144,379250,8
65252,690552,74
113330,747760,0
609669,721912,14
190006,433261,50
828784,379513,8
481946,68224,66
642831,69959,32
808594,54329,21
113497,553255,29
565972,294944,77
126846,906555,44
471429,321953,64
80407,412935,93
201160,909171,5
437240,709054,60
74241,785185,87
605176,201206,28
672562,764634,23
207786,266759,71
434289,103170,66
980116,815910,67
15355,87549,1
442900,826637,70
293995,178349,9
517254,501914,97
669621,331681,86
572627,152685,56
177783,14391,27
872634,375753,8
296348,732522,54
500094,87285,66
7657,704407,74
979880,855337,67
659977,236226,28
250389,302308,20
902957,15090,96
632960,159258,28
656166,187857,28
320460,984458,85
788390,486668,92
441296,874194,70
590725,325379,77
651586,222481,28
242704,129406,34
939541,869561,67
717435,943433,17
289923,747777,54
896686,607217,47
503987,509549,97
1682,269753,76
749156,73985,78
479922,62532,66
980282,610942,90
105635,416264,93
164514,990134,44
188208,222138,71
473590,627330,4
543549,428615,18
741584,806742,62
915616,768114,55
702680,955289,17
549590,963876,30
868379,853343,95
146423,932871,44
765242,436944,92
734316,657662,89
329395,152620,9
99952,893283,39
418872,996885,58
657946,111299,32
609638,196207,28
665238,668164,14
840772,871409,95
774441,34308,78
620934,51083,32
552081,836282,16
396369,779991,38
322735,223456,9
635159,131277,56
376563,909277,15
220471,462544,50
991298,759093,55
87453,832851,39
741322,411507,42
214559,108407,34
999143,604129,90
603262,36722,3
195439,746900,54
158912,850667,10
166604,115325,45
279049,977652,85
408719,356568,65
852463,347729,57
286178,796032,22
910094,951507,43
987254,793666,55
152247,829269,10
528978,544597,97
44935,228151,52
537233,287012,77
813435,402472,8
352614,388736,40
488699,565002,97
995051,822396,67
13678,886824,39
857035,191593,35
108236,122851,45
756995,824486,62
150788,309716,99
399455,650874,4
241976,906605,5
325059,280044,20
708504,841474,83
656512,6583,32
640576,162587,28
612522,674038,14
560270,464324,18
893828,579301,47
321782,196547,9
368760,752038,38
508559,365599,11
628076,74059,32
714313,465553,51
562909,827049,16
219854,97050,34
135472,891008,44
175929,855071,10
188255,16365,27
59868,211032,52
817586,180635,35
938772,941440,43
785949,446675,92
272453,129615,34
442444,158165,66
280727,193529,9
651742,843516,83
984877,840599,67
951422,551836,90
711018,91314,32
725873,755499,23
678151,685964,14
8159,142032,52
132353,464406,93
284504,660414,46
587088,197138,28
311943,828816,22
913459,516004,49
485725,589431,97
581964,80122,56
626225,979941,69
871247,54104,21
340678,789414,38
686328,119098,32
688543,346397,42
908514,402216,8
58528,682053,74
272175,455770,88
127667,704592,0
91144,861484,39
977341,175070,68
406881,461404,63
831509,179175,35
408950,234339,13
538043,894743,48
960292,642988,82
712940,382726,42
482845,180348,19
114864,521113,29
355929,99462,91
661398,131774,32
740526,28087,78
72247,272030,99
10248,251930,52
198355,767121,54
17276,362470,76
49752,191072,52
354880,472929,33
518018,336337,11
830708,721522,36
630718,481481,25
252647,245298,20
727503,155203,53
502937,871887,48
811566,3548,21
638851,172409,28
678430,374539,42
877053,644820,47
501485,464392,18
40094,866828,39
788481,12168,21
523886,952386,30
757139,249761,7
738267,64984,78
195586,226239,71
409432,327501,65
317846,46767,27
16563,382757,76
998970,702863,82
19046,121363,52
756934,800922,62
112704,223258,99
300602,220496,9
883752,223518,72
681928,178903,53
832802,905771,94
305708,34757,27
161672,236110,71
302437,72991,27
760684,831855,62
998637,93618,96
439369,475287,63
162233,661430,41
655312,829326,83
490510,14172,3
203609,66059,27
254487,174726,34
620893,363857,86
350442,888545,15
786935,21641,78
735543,282751,7
203236,793177,10
928064,975354,43
788256,226468,35
248845,346382,84
643177,876585,83
771289,66630,78
864525,82475,31
174043,154096,45
905097,968233,43
106408,401808,93
188752,363141,84
321696,753521,38
431382,242732,13
597235,742365,16
933300,987721,43
637817,794245,83
886756,714001,36
229172,706534,54
729733,634738,89
54282,331635,76
796682,838679,62
688114,147061,53
664881,667225,14
57874,690168,74
657937,960117,69
694185,168199,53
920640,203439,68
206170,110557,34
144705,65636,1
158263,941452,44
986022,78691,96
566910,61587,3
104101,630804,61
929296,691151,82
185061,332708,84
831986,200734,35
749530,353269,6
404256,347057,65
988728,551931,90
315847,440924,40
619610,799650,83
731251,142957,98
694893,67684,32
577555,981491,69
919501,65172,96
355170,346690,81
834055,972260,94
779262,59879,78
398575,857604,70
750971,571883,80
642750,704931,14
776813,907664,94
109388,488309,2
18447,55251,1
616118,103227,56
944677,190610,68
593289,423058,18
341075,451556,40
307720,860379,15
402792,727874,38
383161,802457,38
896709,992447,43
56994,914718,73
678475,138713,53
358225,704085,38
559016,390220,11
434006,350200,65
818301,192531,35
872938,478734,49
91124,537121,26
393711,112491,91
652164,923250,69
68032,415056,2
860760,794799,95
190971,651142,41
748752,284219,7
871819,665261,47
58332,394125,76
63536,859468,39
79395,393250,93
366335,994811,58
800002,641310,80
509060,787132,16
338856,158585,9
354169,520302,33
719521,998148,17
882981,277365,72
687378,767482,23
85428,791894,87
369500,194908,13
834106,821170,95
420066,57967,91
261084,54311,27
815993,407314,8
740859,627479,89
45850,611005,37
164433,637471,41
986132,931881,43
136689,334619,99
951539,519416,90
837109,291735,57
203639,570053,29
893430,890659,95
313439,975644,85
665164,420696,25
638107,672288,14
153963,666035,61
59348,468570,2
268265,744266,54
891606,233354,72
988942,164043,68
82746,720882,0
873647,395500,8
183476,691724,41
806534,417166,8
324512,78816,27
677118,332329,86
455914,548574,97
893985,218642,72
730842,268588,7
163299,576881,29
647679,550837,79
928598,956074,43
742461,555660,51
981977,87476,96
214692,338468,84
639572,295846,86
289153,798885,22
863909,733934,36
229066,927139,5
429759,964289,58
818938,905304,94
455037,821781,70
684952,995527,17
822753,18389,21
70937,240041,99
377460,976235,58
587928,315384,77
668721,204499,53
21890,916891,73
187595,925093,44
47259,283392,76
986079,33093,96
205561,863813,5
111738,997105,44
345191,640965,46
700689,491511,51
826568,128578,31
17854,84332,1
369419,833065,15
338204,205871,9
86560,829287,39
829949,961778,94
603205,77624,56
634115,581481,79
961196,824024,67
375197,938742,58
444591,241006,13
598401,327478,86
934315,37459,96
577749,233042,77
740501,607937,89
597629,355913,11
836566,175557,35
593397,223945,28
843815,14220,21
996326,265544,24
6362,929288,73
548836,301922,77
405529,737987,38
361289,195685,9
893968,928245,43
21213,533108,26
950154,248537,24
167070,960353,44
653279,662935,14
962557,711074,82
37491,118308,52
416531,644500,4
113898,297950,99
647953,161163,28
682686,916851,17
527574,948806,30
583622,941817,69
126646,548033,29
791941,165645,35
7945,541111,26
464490,700059,60
900155,921713,43
246499,922173,5
976847,873194,67
777344,826649,62
493520,602720,75
919338,328377,12
37572,477177,2
928073,129776,68
160354,75080,45
874598,376743,8
926882,113907,68
451018,264014,64
290055,961966,85
778481,931340,94
47409,819754,87
620922,850305,83
81664,537346,26
185885,169283,45
143769,340872,99
39713,461281,2
765011,546981,80
112862,877555,39
78375,254308,99
158693,166552,45
252053,266403,20
443798,923218,58
531980,997333,30
185426,471313,50
364579,479593,33
521854,803166,16
823094,744740,36
850538,8553,21
754085,911901,17
331625,637908,46
331571,722943,38
511835,415936,18
642212,663744,14
561657,771752,16
845337,587539,47
768258,126663,98
839033,629980,47
82735,537150,26
892533,804957,55
912979,448058,49
520675,997756,30
296419,916393,85
826693,237557,35
637163,806109,83
279119,153298,34
489103,365647,11
440680,511064,97
459311,650101,4
252403,140406,34
815311,941738,94
801994,119700,98
813133,337567,57
489177,604029,75
927973,452405,49
586986,475611,18
602374,104119,56
937191,370627,12
128304,420426,93
104518,646213,61
903370,945466,43
448965,761747,60
686386,100861,32
183301,744829,0
357013,322779,81
955738,99845,96
98853,434807,93
808612,355699,57
239105,647397,41
806602,562955,80
588234,453591,18
515082,988653,30
299751,927433,85
367399,891753,15
705501,356234,42
239586,734517,54
39232,387669,76
566603,897052,48
764621,990346,17
752391,451622,92
426554,107959,66
472837,974783,30
189120,550857,29
253909,455776,88
233284,807043,22
984967,345015,12
671210,29289,32
273977,740758,54
936506,859806,67
769486,758280,23
415389,445375,63
425057,947097,58
873878,269749,72
677052,216343,53
88089,518866,26
595724,339958,86
683586,35628,32
806727,664484,36
983568,839102,67
789856,114476,98
1505,300734,76
442308,883352,70
507226,950580,30
404398,718290,38
307779,852450,15
132817,258515,99
873884,377471,8
163168,367998,84
948505,527122,90
349965,862056,15
577549,871358,48
919746,187078,68
230513,246126,71
640385,960420,69
794966,856,21
400143,216369,13
523783,227532,19
144010,392802,93
835693,493531,92
780511,63272,78
414481,192619,13
350510,23909,91
842323,930127,94
651531,293115,86
393437,508606,33
153675,825653,10
751977,489347,51
462525,658177,4
984679,502519,90
848636,36629,21
632701,807515,83
910598,426925,49
335706,220836,9
598261,986447,69
219588,617878,41
691638,364220,42
449727,575290,97
904654,535703,90
562839,650636,75
248767,38650,27
599542,516483,79
544796,390629,11
317204,256418,20
631908,479756,25
265035,455599,88
266550,909230,5
431088,298157,64
127291,389487,93
118353,171400,45
727242,758435,23
20474,113536,52
212603,230009,71
776523,24510,78
948005,126000,68
689736,396209,42
97237,273565,99
808693,708338,36
46568,670837,74
767552,257364,7
523366,221656,19
382963,465770,33
207650,974987,44
618400,463487,25
837935,184081,35
853701,153717,31
524453,498005,18
977355,415504,12
379271,412508,40
22212,321476,76
54113,491993,26
941010,559627,90
660749,210311,28
703306,469124,51
572652,575238,79
34503,901341,39
851907,11669,21
121777,718396,0
85022,979533,73
11802,365073,76
789225,505339,92
242796,683363,54
293528,328704,20
535729,9490,3
512205,644505,75
201679,625781,41
517247,381043,11
200021,763085,54
179990,95470,45
572110,457338,18
485947,322062,64
899263,926437,43
633644,658480,14
75982,42916,1
290094,624249,46
769189,764915,23
938873,648919,82
385188,859818,15
971735,957801,43
768125,882084,62
196007,290390,71
600850,491762,79
54771,550160,26
548775,276753,77
402198,752438,38
239159,548024,59
649110,601012,89
210815,176204,34
462408,694909,60
335910,640631,46
87093,776822,87
63933,524404,26
659777,885632,83
818681,574191,80
443079,836478,70
701945,606343,89
809039,527776,92
336622,609051,46
328846,926552,15
567626,92846,56
462755,535665,97
934899,847742,67
11346,703965,74
553016,545128,79
967058,358936,12
649378,106605,32
726222,626559,89
591455,596883,79
825724,943918,94
431406,641884,4
155968,369402,93
548679,649596,75
775279,116717,98
666181,509995,51
501558,695988,60
484125,698355,60
266491,928484,85
36242,128416,52
303309,728665,54
685837,869408,83
152977,87930,45
849605,317700,57
588770,469592,18
441636,586638,4
627677,383233,86
6927,430766,2
895927,853647,95
259789,278292,20
258104,959287,85
741646,861008,62
976443,94251,96
86001,431539,2
884702,202992,72
697794,834284,83
822356,347223,57
786475,285823,7
839609,314134,57
653339,672701,14
99521,665349,61
536162,280046,77
749710,387928,42
918533,799527,55
660081,982703,17
302427,896772,15
55847,622421,37
32266,306500,76
354329,218709,9
844268,623556,47
110067,896549,39
311477,998439,85
777968,323884,6
524934,575194,97
288533,377064,40
330622,774344,38
412543,623551,4
27428,989044,73
874880,111696,31
288709,333835,20
780831,442648,92
597783,954776,69
932186,256872,24
249454,576636,59
526023,884703,48
208533,826548,10
802852,546649,80
546427,809578,16
593412,475828,18
255989,415909,50
192172,846313,10
988814,13216,96
130884,777447,0
561692,368849,11
257808,984385,85
562773,537507,79
892235,804885,55
708579,97841,32
417643,328954,65
746253,287209,7
130704,746279,0
713269,916352,17
144414,167801,45
231990,63558,27
229663,948312,85
280595,976225,85
417908,788474,70
898702,489033,49
186425,247527,71
190353,267984,71
12138,14921,1
786947,231826,35
314382,819284,22
711179,790105,23
295972,405567,40
379092,410743,40
361258,678175,46
89265,281920,99
239890,832301,22
492917,470334,63
916532,164813,68
20227,971563,73
74371,958528,73
991254,21153,96
520947,562627,97
79033,321459,99
771840,318588,6
523854,425319,18
344797,9338,91
945133,855381,67
389183,6560,91
265074,111050,34
424769,99358,66
920986,21523,96
740187,329050,6
359526,566092,33
322584,673922,46
622218,630308,14
592288,588483,79
638014,114277,56
663402,803335,83
660286,429084,25
625125,478427,25
934690,339251,12
804762,638473,80
826726,787501,36
534460,680889,75
706589,641537,89
313208,96739,27
906605,310909,72
459723,574082,97
602035,413347,25
128374,583909,29
775179,444621,92
749282,188514,53
359523,508482,33
72925,663146,61
498597,930673,30
833717,293063,57
514833,813434,16
388995,844543,70
236371,693171,54
139819,947332,44
811567,8635,21
138413,315868,99
801015,673243,36
200525,223821,71
763551,7056,78
590476,143178,56
409123,139643,66
995757,702449,82
62265,496860,26
742088,285157,7
643041,592123,79
811695,162319,35
101568,55246,1
520268,159936,19
46296,102444,1
792933,829903,62
185660,395368,50
964638,676483,82
652849,435565,25
550568,397819,11
152064,754179,0
490488,635032,75
987000,521830,90
407496,798676,70
362071,334469,81
428098,53461,91
524284,646999,75
128815,997524,44
391913,897729,15
131898,814592,10
857323,38682,21
143491,655835,61
625899,492098,25
705739,357787,42
326824,935308,85
723834,481253,51
427939,385921,65
184573,128983,45
817850,612324,80
342845,210738,9
881800,427627,8
130671,190591,45
267235,427266,50
67747,628410,37
691842,801718,83
477036,544904,97
215598,561719,59
816658,586970,80
209710,606022,41
413297,298958,81
603735,989949,69
79590,675763,61
550824,712230,60
462383,277724,64
714113,98931,98
741811,619232,89
444505,811136,70
776045,990718,94
13863,995951,73
953366,228704,24
835594,833887,95
140233,909858,44
984806,637788,82
303375,836684,22
148193,692898,0
545404,609567,75
996409,659240,82
861061,858248,95
588379,893258,69
553,302109,76
553475,261748,77
200798,827698,10
130502,349047,99
447881,536121,97
588399,229221,28
523185,171775,19
27688,360948,76
461790,311938,64
756203,505861,51
9825,129801,52
575003,78633,3
600173,119382,56
467887,790558,70
921829,195578,68
92933,926286,73
102048,130149,45
422412,484742,63
71809,896248,39
247182,394950,50
930477,537869,90
968182,245945,24
611228,917209,69
533037,760546,16
504739,158097,19
140300,33192,1
866613,180893,35
274111,983804,85
798125,100753,98
355945,381289,40
337149,479427,33
731777,976307,17
792547,348660,6
928703,715504,82
489538,676932,60
200834,424584,50
991452,344550,12
858842,562249,47
729703,133921,98
819681,391462,8
316090,530390,33
270822,715025,54
432784,810919,70
124769,8727,1
684872,656654,89
390260,104710,91
875568,683202,36
591536,959650,69
843084,720645,36
885627,737099,55
424288,13200,91
867503,136263,31
175784,415960,50
41967,350887,76
370304,703190,38
530290,584858,75
713165,178672,53
940850,873719,67
601849,286603,77
940481,679218,82
626374,474533,25
488915,205711,19
401028,84201,91
175296,214159,71
386127,641387,4
791552,621400,80
871793,238403,72
855829,924247,94
826691,201572,35
826413,532837,92
405812,489540,33
714764,54502,78
20711,106190,52
741376,307548,6
975924,361745,12
852747,125140,31
240505,174832,34
416873,392404,65
148569,3519,1
147042,337802,99
439983,800248,70
783854,249551,7
217802,605584,41
53951,765247,87
517932,887348,48
661536,440960,25
227993,889612,5
710972,310963,6
356093,860033,15
590797,530256,79
25609,417438,2
889163,178373,68
925235,435272,49
619462,304408,86
195946,276109,71
566582,553216,79
914974,981726,43
876146,388581,8
892621,296835,72
909231,445786,49
326123,154086,9
734435,655225,89
376752,77031,91
666373,739124,23
466795,429505,63
693956,329443,86
950934,348955,12
902963,108279,31
853403,151829,31
803287,847353,62
467492,144703,66
30574,868973,39
829608,233431,35
281467,629755,46
301707,790169,22
382906,505122,33
601844,199714,28
607957,948931,69
692609,692664,14
604029,916382,69
644941,535503,79
214766,574095,59
825564,264114,57
971981,90327,96
140247,137941,45
390566,243692,13
744170,272283,7
275760,714148,54
699847,344722,42
751476,60285,78
212392,681330,41
123396,925688,44
53287,608609,37
901716,144058,31
184126,621452,41
747658,895350,62
158646,377811,93
873764,362032,8
683503,641032,89
825182,840911,95
199260,979533,44
14526,140223,52
739877,115585,98
645795,881160,83
665054,573625,89
930878,282618,24
970928,401402,12
377619,656876,4
121896,716710,0
760007,442054,92
608636,356569,86
857229,454242,92
449819,113962,66
365341,297652,81
637426,222279,28
843758,57242,21
81743,869167,39
102831,282566,99
95369,874429,39
543409,90667,3
852745,95658,31
737657,809584,62
681826,458221,25
329314,786449,38
863653,428241,8
451844,147923,66
142381,3093,1
984662,215605,24
673323,545517,51
518864,560591,97
866827,771295,36
155186,214598,71
756696,800286,62
415388,428290,63
278066,460679,88
640640,238870,28
689148,517946,51
126412,614812,61
161132,154923,45
797646,38277,21
335809,957734,85
648046,719996,14
984715,118110,68
84900,928852,73
217477,147341,34
364358,768258,38
118876,958933,44
802684,725854,36
433749,28142,91
995563,442586,12
548134,501244,18
413189,477128,63
105874,427443,93
43231,585471,37
12472,619423,37
654726,981077,69
967103,101831,96
479304,674999,60
714045,958269,17
635340,165944,28
22378,117352,52
350474,426084,40
196838,261986,71
202554,334918,84
977030,958552,43
393412,90396,91
300428,299656,20
323528,539249,33
159444,782065,10
169668,619777,41
599049,219616,28
99443,343280,99
515300,650995,75
276175,682348,46
237983,787733,22
437784,837347,70
304980,808332,22
645195,801329,83
938495,299800,24
749170,309003,6
428162,134752,66
785094,78314,98
231041,119045,34
793097,581905,80
81180,406022,93
27826,685708,74
709456,828054,83
108689,751596,0
84450,356691,76
908231,641616,82
647369,343484,86
945879,398898,12
290685,546575,59
297761,481631,88
786677,681881,36
374329,353567,65
411834,696195,4
964449,500440,90
908429,972949,43
364581,526903,33
667783,437339,25
363141,322690,81
458820,393258,63
491298,258674,64
550181,907967,48
203540,908460,5
500243,591520,75
679881,761771,23
97192,519361,26
